C	consensus_unclassified_0_0(6)	28985	834	0:6 4910:3 0:6 4910:5 0:93 4910:4 0:6 4893:1 0:5 131567:3 0:14 131567:4 0:19 131567:8 0:7 131567:5 0:19 131567:4 0:6 131567:4 0:53 131567:2 0:21 4910:4 0:19 4910:5 4893:7 0:1 131567:1 0:7 131567:2 0:10 131567:1 0:56 147537:6 0:9 147537:5 0:15 131567:5 0:4 131567:5 0:2 131567:5 0:12 131567:5 0:1 131567:4 0:16 131567:5 0:6 131567:5 0:17 131567:4 0:55 4910:5 0:54 4910:3 0:2 4910:5 0:38 4910:2 0:22 28985:5 0:2 28985:5 0:43 4910:4 0:13
C	consensus_unclassified_0_1(258)	544580	850	0:46 131567:4 0:16 131567:4 0:63 131567:5 0:8 131567:2 0:7 131567:4 0:14 131567:4 0:19 131567:8 0:7 131567:5 0:19 131567:4 0:6 131567:4 0:63 131567:4 0:19 131567:1 0:11 131567:1 0:13 131567:1 0:7 131567:2 0:10 131567:1 0:26 131567:2 0:16 131567:1 0:46 131567:5 0:4 131567:5 0:2 131567:5 0:12 131567:5 0:1 131567:4 0:16 131567:5 0:6 131567:5 0:17 131567:8 0:1 131567:11 0:12 131567:3 0:33 544580:5 0:2 544580:5 0:4 544580:2 0:3 544580:1 0:19 131567:1 0:13 131567:1 0:70 131567:5 0:1 131567:5 0:4 131567:4 0:38
C	consensus_unclassified_0_2(108)	544580	981	0:22 131567:1 0:58 131567:2 0:48 131567:4 0:4 131567:5 0:1 131567:5 0:70 131567:1 0:13 131567:1 0:19 544580:1 0:3 544580:2 0:4 544580:5 0:2 544580:5 0:33 131567:3 0:12 131567:11 0:1 131567:8 0:17 131567:5 0:6 131567:5 0:16 131567:4 0:1 131567:5 0:12 131567:5 0:2 131567:5 0:4 131567:5 0:46 131567:1 0:16 131567:2 0:26 131567:1 0:10 131567:2 0:7 131567:1 0:13 131567:1 0:11 131567:1 0:19 131567:4 0:63 131567:4 0:6 131567:4 0:19 131567:5 0:7 131567:8 0:19 131567:4 0:14 131567:4 0:7 131567:2 0:8 131567:5 0:63 131567:4 0:16 131567:4 0:51 131567:5 0:16 131567:1 0:11
C	consensus_unclassified_0_3(34)	181762	1065	0:8 181762:1 0:1 181762:5 0:231 131567:2 0:30 131567:5 0:26 131567:4 0:22 131567:5 0:8 131567:9 0:5 131567:5 0:58 5338:3 0:59 181124:1 0:62 4751:2 0:56 131567:1 0:10 131567:3 0:409
C	consensus_unclassified_0_4(13)	477697	951	0:187 477697:2 0:55 477697:3 0:13 131567:1 0:18 131567:7 2:6 0:14 131567:5 0:15 2:3 0:22 2:1 0:127 3273430:5 0:60 227086:1 0:29 131567:5 0:3 2:5 0:16 477697:5 0:5 477697:1 0:303
C	consensus_unclassified_0_5(4)	569360	809	0:9 569360:5 0:184 5144:2 0:9 5125:5 0:2 5125:5 0:8 131567:5 0:4 716546:3 0:51 716546:1 0:32 147550:5 0:167 716546:5 0:1 131567:3 5144:5 0:28 131567:1 0:16 131567:5 0:5 716545:1 0:208
C	consensus_unclassified_1_0(11)	5302	1161	0:41 490731:3 0:7 490731:5 0:13 490731:1 0:432 131567:3 0:10 131567:1 0:56 4751:2 0:62 181124:1 0:59 5338:3 0:58 131567:5 0:5 131567:9 0:8 131567:5 0:22 131567:4 0:26 131567:5 0:30 131567:2 0:231 181762:5 0:1 181762:1 0:11
C	0	544580	899	0:47 131567:5 0:1 131567:5 0:65 131567:1 0:13 131567:1 0:37 544580:5 0:33 131567:3 0:12 131567:11 0:1 131567:8 0:17 131567:5 0:6 131567:5 0:149 131567:1 0:10 131567:2 0:7 131567:1 0:13 131567:1 0:11 131567:1 0:19 131567:4 0:63 131567:4 0:6 131567:4 0:19 131567:5 0:32 131567:5 0:14 131567:4 0:7 131567:2 0:8 131567:5 0:63 131567:4 0:16 131567:4 0:55 131567:3 0:16 131567:1 0:25
C	1	352472	964	0:183 131567:4 0:61 131567:5 0:8 131567:2 0:7 131567:4 0:14 131567:4 0:57 131567:4 0:6 131567:4 0:87 131567:1 0:11 131567:1 0:13 131567:1 0:7 131567:2 0:10 131567:1 0:26 131567:2 0:16 131567:1 0:51 131567:5 0:4 131567:5 0:2 131567:5 0:12 131567:5 0:1 131567:4 0:16 352472:5 0:136 131567:1 0:13 131567:1 0:122
C	2	544580	846	0:46 131567:4 0:16 131567:4 0:85 131567:4 0:51 131567:4 0:19 131567:4 0:74 131567:4 0:19 131567:1 0:11 131567:1 0:13 131567:1 0:7 131567:2 0:131 131567:5 0:1 131567:4 0:51 131567:4 0:31 131567:1 0:33 544580:5 0:2 544580:5 0:4 544580:2 0:3 544580:1 0:19 131567:1 0:13 131567:1 0:69 131567:5 0:1 131567:5 0:4 131567:4 0:37
C	3	544580	847	0:44 131567:4 0:16 131567:4 0:62 131567:5 0:8 131567:2 0:7 131567:4 0:50 131567:5 0:19 131567:4 0:6 131567:4 0:62 131567:4 0:19 131567:1 0:11 131567:1 0:13 131567:1 0:7 131567:2 0:10 131567:1 0:26 131567:2 0:16 131567:1 0:46 131567:5 0:4 131567:5 0:2 131567:5 0:40 131567:5 0:6 131567:5 0:17 131567:8 0:1 131567:11 0:12 131567:3 0:33 544580:5 0:37 131567:1 0:13 131567:1 0:70 131567:5 0:1 131567:5 0:4 131567:4 0:38
C	4	477697	1367	0:374 477697:4 0:605 2:1 0:22 2:3 0:15 131567:5 0:14 2:6 131567:7 0:18 131567:1 0:69 477697:2 0:187
C	5	181124	620	0:341 131567:3 0:10 131567:1 0:57 4751:2 0:62 181124:1 0:59 5338:3 0:47
C	6	181762	735	0:69 181762:5 0:3 181762:1 0:49 131567:5 0:9 131567:2 0:12 131567:2 0:18 131567:4 0:43 291208:6 3239874:1 0:61 5338:3 0:154 131567:1 0:3 131567:5 0:3 131567:5 0:5 131567:1 0:10 131567:3 0:218
C	7	544580	531	0:34 131567:4 0:4 131567:5 0:1 131567:5 0:68 131567:1 0:13 131567:1 0:19 544580:1 0:3 544580:2 0:4 544580:5 0:2 544580:5 0:47 131567:11 0:1 131567:8 0:17 131567:5 0:6 131567:5 0:16 131567:4 0:1 131567:5 0:12 131567:5 0:2 131567:5 0:4 131567:5 0:46 131567:1 0:16 131567:2 0:26 131567:1 0:10 131567:2 0:7 131567:1 0:13 131567:1 0:11 131567:1 0:23
C	8	477697	999	0:2 477697:4 0:412 227086:1 0:193 2:1 0:22 2:3 0:15 131567:5 0:14 2:6 131567:7 0:18 131567:1 0:13 477697:3 0:55 477697:2 0:188
C	9	181762	1065	0:8 181762:1 0:1 181762:5 0:234 131567:2 0:30 131567:5 0:26 131567:4 0:22 131567:5 0:8 131567:9 0:5 131567:5 0:118 181124:1 0:61 4751:2 0:56 131567:1 0:10 131567:3 0:409
C	10	544580	983	0:22 131567:4 0:55 131567:2 0:48 131567:4 0:4 131567:5 0:1 131567:5 0:70 131567:1 0:13 131567:1 0:19 544580:1 0:3 544580:2 0:4 544580:5 0:2 544580:5 0:63 131567:7 0:17 131567:5 0:6 131567:5 0:16 131567:4 0:1 131567:5 0:12 131567:5 0:2 131567:5 0:4 131567:5 0:62 131567:2 0:26 131567:1 0:10 131567:2 0:7 131567:1 0:13 131567:1 0:11 131567:1 0:19 131567:4 0:63 131567:4 0:6 131567:4 0:19 131567:5 0:7 131567:8 0:19 131567:4 0:14 131567:4 0:7 131567:2 0:8 131567:5 0:83 131567:4 0:85
C	11	544580	851	0:134 131567:5 0:8 131567:2 0:7 131567:4 0:14 131567:4 0:19 131567:8 0:7 131567:5 0:93 131567:4 0:19 131567:1 0:11 131567:1 0:13 131567:1 0:7 131567:2 0:10 131567:1 0:26 131567:2 0:64 131567:5 0:4 131567:5 0:2 131567:5 0:12 131567:5 0:1 131567:4 0:16 131567:5 0:6 131567:5 0:17 131567:8 0:1 131567:11 0:12 131567:3 0:33 544580:5 0:2 544580:5 0:4 544580:2 0:3 544580:1 0:19 131567:1 0:13 131567:1 0:70 131567:5 0:1 131567:5 0:4 131567:4 0:40
C	12	544580	973	0:22 131567:1 0:58 131567:2 0:48 131567:4 0:4 131567:5 0:1 131567:5 0:69 131567:1 0:13 131567:1 0:19 544580:1 0:3 544580:2 0:4 544580:5 0:2 544580:5 0:33 131567:3 0:12 131567:7 0:39 131567:5 0:16 131567:4 0:1 131567:5 0:12 131567:5 0:2 131567:6 0:94 131567:1 0:10 131567:2 0:7 131567:1 0:13 131567:1 0:11 131567:1 0:19 131567:4 0:72 498019:4 0:19 131567:5 0:7 131567:7 0:20 131567:4 0:14 131567:4 0:7 131567:2 0:8 131567:5 0:63 131567:4 0:16 131567:4 0:85
C	13	147550	855	0:15 569360:2 0:183 5144:2 0:9 5125:5 0:281 716546:5 0:1 131567:2 0:1 5144:5 0:43 131567:5 0:5 716545:1 0:256
C	14	40324	923	0:188 477697:2 0:22 9606:5 0:27 477697:3 0:13 131567:1 0:20 40324:5 0:192 3273430:5 0:72 40324:5 0:13 131567:5 0:3 2:5 0:303
C	15	477697	1377	0:332 477697:5 0:12 131567:4 0:18 477697:4 0:349 477697:1 0:5 477697:5 0:16 2:5 0:3 131567:5 0:246 2:3 0:15 131567:5 0:14 2:6 131567:7 0:92 477697:2 0:189
C	16	40324	978	0:189 477697:2 0:55 477697:3 0:13 131567:1 0:20 40324:5 0:20 131567:5 0:15 2:3 0:230 40324:5 0:13 131567:5 0:3 2:5 0:352
C	17	544580	838	0:37 131567:5 0:16 131567:4 0:63 131567:5 0:8 131567:2 0:49 131567:8 0:7 131567:5 0:19 131567:4 0:6 131567:4 0:63 131567:4 0:30 131567:1 0:13 131567:1 0:7 131567:2 0:10 131567:1 0:87 131567:5 0:4 131567:5 0:2 131567:5 0:39 131567:5 0:6 131567:5 0:17 131567:8 0:1 131567:11 0:12 131567:3 0:33 544580:5 0:2 544580:5 0:4 544580:3 0:122 131567:4 0:37
C	18	544580	840	0:47 131567:4 0:16 131567:4 0:64 131567:5 0:8 131567:2 0:7 131567:4 0:14 131567:4 0:39 2916678:5 0:12 131567:4 0:6 131567:4 0:63 131567:4 0:42 131567:1 0:7 131567:2 0:10 131567:1 0:26 131567:2 0:117 131567:5 0:6 131567:5 0:17 131567:8 0:1 131567:11 0:12 131567:3 0:33 544580:5 0:2 544580:5 0:4 544580:2 0:3 544580:1 0:19 131567:1 0:13 131567:1 0:68 131567:5 0:1 131567:5 0:4 131567:4 0:38
C	19	477697	805	0:350 477697:1 0:5 477697:5 0:16 2:5 0:3 131567:5 0:89 3273430:5 0:127 2:1 0:22 2:3 0:15 131567:5 0:14 2:6 131567:7 0:18 131567:1 0:13 477697:3 0:52
C	20	490731	1133	0:41 490731:3 0:7 490731:5 0:492 4751:5 0:523 181762:5 0:1 181762:1 0:16
C	21	477697	950	0:186 477697:2 0:55 477697:3 0:13 131567:1 0:18 131567:7 2:6 0:14 131567:5 0:39 2:1 0:193 227086:1 0:29 131567:5 0:3 2:5 0:16 477697:5 0:5 477697:1 0:303
C	22	477697	993	0:2 477697:4 0:348 477697:5 0:16 2:5 0:3 131567:5 0:29 227086:1 0:60 3273430:5 0:148 2:3 0:15 131567:5 0:14 2:6 131567:7 0:18 131567:1 0:13 477697:3 0:243
C	23	544580	974	0:128 131567:4 0:4 131567:5 0:1 131567:5 0:64 131567:1 0:13 131567:1 0:19 544580:1 0:3 544580:2 0:4 544580:5 0:2 544580:5 0:7 226126:3 0:23 131567:3 0:12 131567:11 0:1 131567:8 0:17 131567:5 0:6 131567:5 0:16 131567:4 0:1 131567:5 0:12 131567:5 0:2 131567:5 0:4 131567:5 0:90 131567:1 0:10 131567:2 0:55 131567:4 0:63 131567:4 0:6 131567:4 0:19 131567:5 0:7 131567:8 0:19 131567:4 0:14 131567:4 0:7 131567:2 0:8 131567:5 0:63 131567:4 0:16 131567:4 0:51 131567:5 0:16 131567:1 0:12
C	24	477697	1290	0:261 477697:5 0:12 131567:4 0:57 1884633:1 0:321 2:5 0:3 131567:5 0:204 3273430:5 0:41 2:3 0:40 40324:5 0:20 131567:1 0:13 477697:3 0:55 477697:2 0:190
C	25	477697	949	0:188 477697:2 0:55 477697:3 0:13 131567:1 0:18 131567:7 2:6 0:57 2:1 0:130 3273430:1 0:60 227086:1 0:29 131567:5 0:3 2:5 0:16 477697:5 0:5 477697:1 0:303
C	26	544580	849	0:46 131567:4 0:16 131567:4 0:63 131567:5 0:8 131567:2 0:47 131567:8 0:7 131567:5 0:19 131567:4 0:6 131567:4 0:63 131567:4 0:19 131567:1 0:11 131567:1 0:13 131567:1 0:7 131567:2 0:10 131567:2 0:43 131567:1 0:46 131567:5 0:4 131567:5 0:46 131567:5 0:6 131567:5 0:17 131567:8 0:1 131567:11 0:47 544580:5 0:2 544580:5 0:4 544580:2 0:3 544580:1 0:19 131567:1 0:13 131567:1 0:70 131567:5 0:1 131567:5 0:4 131567:4 0:38
C	27	544580	843	0:65 131567:4 0:63 131567:5 0:8 131567:2 0:7 131567:4 0:14 131567:4 0:19 131567:8 0:7 131567:5 0:19 131567:4 0:6 131567:4 0:131 131567:1 0:41 131567:1 0:46 131567:5 0:4 131567:5 0:2 131567:5 0:5 5478:7 0:26 131567:5 0:6 131567:5 0:17 131567:8 0:1 131567:11 0:12 131567:3 0:33 544580:5 0:2 544580:5 0:4 544580:2 0:3 544580:1 0:19 131567:1 0:13 131567:1 0:68 131567:5 0:1 131567:5 0:4 131567:4 0:38
C	28	544580	991	0:22 131567:1 0:109 131567:4 0:4 131567:5 0:1 131567:5 0:103 544580:1 0:3 544580:2 0:4 544580:5 0:2 544580:5 0:47 131567:9 0:16 147537:4 716545:3 0:10 716545:1 0:5 131567:5 0:16 131567:4 0:1 131567:5 0:12 131567:5 0:2 131567:5 0:4 131567:5 0:64 131567:1 0:58 131567:1 0:11 131567:1 0:19 131567:4 0:63 131567:4 0:6 131567:4 0:19 131567:5 0:7 131567:8 0:19 131567:4 0:14 131567:4 0:7 131567:2 0:8 131567:5 0:63 131567:4 0:16 131567:4 0:92 131567:1 0:4
C	29	569360	811	0:9 569360:5 0:196 5125:5 0:2 5125:5 0:8 131567:5 0:4 716546:3 0:51 716546:1 0:32 147550:5 0:168 716546:5 0:1 131567:3 5144:5 0:28 131567:1 0:16 131567:5 0:5 716545:1 0:208
C	30	1224	960	0:441 3273430:5 0:168 131567:5 0:20 40324:5 0:20 131567:1 0:13 477697:3 0:245
C	31	544580	980	0:22 131567:1 0:37 42260:2 0:68 1071378:1 0:89 131567:1 0:13 131567:1 0:19 544580:1 0:3 544580:2 0:4 544580:5 0:2 544580:5 0:33 131567:3 0:12 131567:11 0:1 131567:8 0:17 131567:5 0:6 131567:5 0:41 131567:5 0:4 131567:5 0:46 131567:1 0:16 131567:2 0:61 131567:1 0:11 131567:1 0:19 131567:4 0:63 131567:4 0:6 131567:4 0:19 131567:5 0:7 131567:8 0:19 131567:4 0:14 131567:4 0:7 131567:2 0:8 131567:5 0:63 131567:4 0:71 131567:5 0:16 131567:1 0:13
C	32	5125	811	0:199 5144:2 0:9 5125:5 0:2 5125:5 0:8 131567:5 0:4 716546:3 0:32 715340:2 0:50 147550:5 0:167 716546:5 0:1 131567:3 5144:5 0:28 131567:1 0:16 131567:5 0:5 716545:1 0:209
C	33	131567	848	0:46 131567:4 0:16 131567:4 0:63 131567:5 0:8 131567:2 0:7 131567:4 0:14 131567:4 0:32 131567:4 0:19 131567:4 0:6 131567:4 0:63 131567:4 0:19 131567:1 0:36 131567:2 0:10 131567:1 0:89 131567:5 0:4 131567:5 0:2 131567:5 0:12 131567:5 0:1 131567:4 0:16 131567:5 0:137 131567:1 0:13 131567:1 0:127
C	34	490731	1162	0:41 490731:3 0:7 490731:5 0:13 490731:1 0:431 131567:3 0:10 131567:1 0:56 4751:2 0:237 131567:4 0:26 131567:5 0:30 131567:2 0:229 181762:5 0:1 181762:1 0:15
C	35	296543	839	0:65 131567:4 0:62 131567:5 0:8 131567:2 0:7 131567:4 0:14 131567:4 0:34 131567:4 0:19 131567:4 0:6 131567:4 0:19 296543:3 0:62 131567:1 0:11 131567:1 0:13 131567:1 0:7 131567:2 0:10 131567:1 0:146 131567:5 0:6 131567:5 0:17 131567:8 0:1 131567:11 0:12 131567:3 0:73 131567:1 0:13 131567:1 0:69 131567:5 0:1 131567:5 0:4 131567:4 0:38
C	36	544580	854	0:46 131567:4 0:16 131567:4 0:63 131567:5 0:8 131567:2 0:49 131567:8 0:7 131567:5 0:19 131567:4 0:6 131567:4 0:63 131567:4 0:19 131567:1 0:11 131567:1 0:13 131567:1 0:7 131567:5 0:113 131567:5 0:2 131567:5 0:12 131567:5 0:1 131567:4 0:16 131567:5 0:6 131567:5 0:17 131567:8 0:1 131567:11 0:12 131567:3 0:33 544580:5 0:2 544580:5 0:4 544580:2 0:3 544580:1 0:19 131567:1 0:13 131567:1 0:69 131567:5 0:1 131567:5 0:4 131567:4 0:37
C	38	569360	810	0:9 569360:5 0:186 5144:2 0:9 5125:5 0:2 5125:5 0:8 131567:5 0:4 716546:3 0:81 147550:5 0:170 716546:5 0:1 131567:3 5144:5 0:42 1349767:3 131567:5 0:5 716545:1 0:207
C	39	490731	1152	0:39 490731:3 0:7 490731:5 0:13 490731:1 0:431 131567:3 0:10 131567:1 0:54 4751:2 0:172 131567:5 0:5 131567:9 0:8 131567:5 0:53 131567:2 0:31 131567:2 0:233 181762:5 0:1 181762:1 0:17
C	40	131567	976	0:22 131567:1 0:58 131567:2 0:62 131567:5 0:69 131567:1 0:13 131567:1 0:77 131567:3 0:49 131567:5 0:6 131567:5 0:16 131567:4 0:1 131567:5 0:12 131567:5 0:2 131567:5 0:4 131567:5 0:46 131567:1 0:16 131567:2 0:26 131567:1 0:10 131567:2 0:7 131567:1 0:41 131567:4 0:71 131567:4 0:55 131567:4 0:14 131567:4 0:7 131567:2 0:8 131567:5 0:63 131567:4 0:16 131567:4 0:86
C	41	544580	853	0:46 131567:4 0:16 131567:4 0:63 131567:5 0:8 131567:2 0:7 131567:4 0:14 131567:4 0:19 131567:8 0:7 131567:5 0:19 131567:4 0:6 131567:4 0:67 131567:4 0:19 131567:1 0:11 131567:1 0:13 131567:1 0:7 131567:2 0:10 131567:1 0:26 131567:2 0:16 131567:1 0:78 131567:5 0:1 131567:4 0:16 131567:5 0:6 131567:5 0:17 131567:8 0:1 131567:11 0:12 131567:3 0:33 544580:5 0:2 544580:5 0:4 544580:2 0:3 544580:1 0:19 131567:1 0:13 131567:1 0:70 131567:5 0:1 131567:5 0:4 131567:4 0:38
C	42	544580	980	0:24 131567:1 0:58 131567:2 0:48 131567:4 0:4 131567:5 0:1 131567:5 0:69 131567:1 0:13 131567:1 0:19 544580:1 0:3 544580:2 0:4 544580:5 0:53 131567:11 0:1 131567:8 0:17 131567:5 0:6 131567:5 0:16 131567:4 0:1 131567:5 0:81 131567:1 0:16 131567:2 0:26 131567:1 0:10 131567:2 0:7 131567:1 0:13 131567:1 0:11 131567:1 0:19 131567:4 0:63 131567:4 0:6 131567:4 0:19 131567:5 0:7 131567:8 0:19 131567:4 0:14 131567:4 0:7 131567:2 0:8 131567:5 0:63 131567:4 0:16 131567:4 0:51 131567:5 0:16 131567:1 0:9
C	44	477697	988	0:2 477697:4 0:347 2:5 0:3 131567:5 0:13 40324:5 0:69 3273430:5 0:155 2:3 0:15 131567:5 0:20 40324:5 0:20 131567:1 0:13 477697:6 0:54 477697:2 0:197
C	45	131567	955	0:311 131567:1 0:1 131567:8 0:49 131567:4 0:1 131567:5 0:12 131567:5 0:2 131567:5 0:4 131567:5 0:46 131567:1 0:40 131567:2 0:10 131567:2 0:7 131567:1 0:13 131567:1 0:11 131567:1 0:19 131567:4 0:63 131567:4 0:6 131567:4 0:19 131567:5 0:7 131567:8 0:19 131567:4 0:14 131567:4 0:7 131567:2 0:8 131567:5 0:63 131567:4 0:16 131567:4 0:74 131567:1 0:9
C	46	2	921	0:188 477697:2 0:56 477697:3 0:13 131567:1 0:20 40324:5 0:20 131567:5 0:169 3273430:5 0:213 1795631:1 0:186
C	47	544580	971	0:22 131567:1 0:57 131567:2 0:48 131567:4 0:4 131567:5 0:1 131567:5 0:66 131567:1 0:13 131567:1 0:19 544580:1 0:135 131567:2 0:1 131567:5 0:12 131567:5 0:2 131567:5 0:4 131567:5 0:46 131567:1 0:176 131567:4 0:6 131567:4 0:19 131567:5 0:7 131567:8 0:125 131567:4 0:16 131567:4 0:86
C	48	181762	1230	0:8 181762:1 0:1 181762:5 0:218 1423913:5 0:6 131567:2 0:30 131567:5 0:26 131567:4 0:22 131567:5 0:8 131567:9 0:5 131567:5 0:58 5338:3 0:59 181124:1 0:61 4751:2 0:56 131567:1 0:10 131567:3 0:577
C	49	131567	831	0:49 131567:3 0:144 131567:7 0:7 131567:5 0:92 131567:4 0:19 131567:1 0:131 131567:5 0:52 131567:5 0:6 131567:5 0:17 131567:8 0:98 131567:1 0:13 131567:1 0:124
C	50	544580	840	0:46 131567:4 0:85 131567:5 0:8 131567:2 0:7 131567:5 0:34 131567:7 0:7 131567:5 0:19 131567:4 0:6 131567:4 0:62 131567:4 0:19 131567:1 0:11 131567:1 0:13 131567:1 0:7 131567:2 0:10 131567:1 0:40 131567:1 0:46 131567:5 0:4 131567:5 0:2 131567:5 0:12 131567:5 0:1 131567:4 0:16 131567:5 0:92 544580:5 0:2 544580:5 0:4 544580:2 0:3 544580:1 0:19 131567:1 0:13 131567:1 0:70 131567:5 0:1 131567:5 0:4 131567:4 0:38
C	51	40324	1001	0:245 477697:3 0:13 131567:1 0:20 40324:5 0:193 3273430:5 0:72 40324:5 0:13 131567:5 0:3 2:5 0:346 9606:5 0:6 9606:4 0:18
C	52	477697	988	0:222 477697:2 0:89 131567:7 2:6 0:14 131567:5 0:41 2:1 0:129 3273430:5 0:60 227086:1 0:29 131567:5 0:3 2:5 0:16 477697:5 0:5 477697:1 0:303
C	53	3273430	943	0:246 477697:3 0:13 131567:1 0:110 3273430:5 0:105 3273430:5 0:421
C	54	477697	881	0:274 131567:7 2:6 0:14 131567:5 0:15 2:3 0:86 3273430:5 0:60 227086:1 0:29 131567:5 0:3 2:5 0:16 477697:5 0:5 477697:1 0:302
C	55	544580	859	0:58 131567:4 0:16 131567:2 0:65 131567:5 0:8 131567:2 0:7 131567:4 0:14 131567:4 0:56 131567:4 0:6 131567:4 0:63 131567:4 0:19 131567:1 0:31 131567:2 0:10 131567:1 0:26 131567:2 0:16 131567:1 0:46 131567:5 0:4 131567:5 0:2 131567:5 0:12 131567:4 0:23 131567:5 0:6 131567:5 0:17 131567:8 0:1 131567:11 0:12 131567:3 0:33 544580:5 0:2 544580:5 0:4 544580:2 0:3 544580:1 0:104 131567:5 0:1 131567:5 0:4 131567:4 0:38
C	56	477697	942	0:186 477697:2 0:55 477697:3 0:13 131567:1 0:18 131567:7 0:254 227086:1 0:55 477697:5 0:5 477697:1 0:302
C	57	544580	847	0:46 131567:4 0:16 131567:4 0:100 131567:4 0:19 131567:8 0:7 131567:5 0:19 131567:4 0:6 131567:5 0:61 131567:4 0:19 131567:1 0:11 131567:1 0:13 131567:1 0:7 131567:2 0:10 131567:1 0:26 131567:2 0:62 131567:5 0:4 131567:5 0:2 131567:5 0:18 131567:4 0:16 131567:5 0:6 131567:5 0:87 544580:5 0:2 544580:5 0:4 544580:2 0:3 544580:1 0:107 131567:5 0:1 131567:5 0:4 131567:4 0:35
C	58	544580	982	0:22 131567:1 0:58 131567:2 0:48 131567:4 0:4 131567:5 0:1 131567:5 0:64 131567:1 0:13 131567:1 0:19 544580:1 0:3 544580:2 0:4 544580:5 0:2 544580:5 0:33 131567:3 0:12 131567:11 0:1 131567:8 0:17 131567:5 0:6 131567:5 0:16 131567:4 0:1 131567:5 0:12 131567:5 0:2 131567:5 0:4 131567:5 0:90 131567:1 0:10 131567:2 0:7 131567:1 0:13 131567:1 0:11 131567:1 0:19 131567:4 0:73 131567:4 0:19 131567:5 0:7 131567:8 0:19 131567:4 0:14 131567:4 0:7 131567:2 0:8 131567:5 0:63 131567:4 0:16 131567:4 0:92
C	59	2	922	0:191 477697:2 0:55 477697:3 0:13 131567:1 0:105 3273430:5 0:203 2:5 0:305
C	60	544580	844	0:46 131567:4 0:16 131567:4 0:63 131567:5 0:8 131567:2 0:7 131567:4 0:37 131567:8 0:7 131567:5 0:19 131567:4 0:6 131567:4 0:62 131567:4 0:19 131567:1 0:11 131567:1 0:13 131567:1 0:7 131567:2 0:10 131567:1 0:120 131567:5 0:1 131567:4 0:16 131567:5 0:6 131567:5 0:17 131567:8 0:1 131567:11 0:12 131567:3 0:33 544580:5 0:2 544580:5 0:4 544580:2 0:3 544580:1 0:19 131567:1 0:13 131567:1 0:70 131567:5 0:1 131567:5 0:4 131567:4 0:37
C	61	477697	1377	0:333 477697:5 0:34 477697:4 0:347 477697:1 0:5 477697:5 0:16 2:5 0:3 131567:5 0:29 227086:1 0:258 131567:5 0:18 131567:1 0:13 477697:3 0:56 477697:2 0:194
C	62	181762	1160	0:41 490731:3 0:7 490731:5 0:517 4751:2 0:62 181124:1 0:59 5338:3 0:58 131567:5 0:5 131567:9 0:8 131567:5 0:22 131567:4 0:26 131567:5 0:30 131567:2 0:232 181762:5 0:1 181762:1 0:8
C	63	3273430	944	0:189 477697:2 0:55 477697:3 0:34 40324:5 0:84 3273430:5 0:104 3273430:5 0:93 131567:5 0:3 2:5 0:318
C	64	544580	844	0:46 131567:4 0:16 131567:4 0:65 131567:5 0:8 131567:2 0:7 131567:4 0:14 131567:4 0:19 131567:8 0:7 131567:5 0:19 131567:4 0:6 131567:4 0:61 131567:4 0:19 131567:1 0:11 131567:1 0:13 131567:1 0:7 131567:2 0:10 131567:1 0:91 131567:5 0:4 131567:5 0:2 131567:5 0:48 131567:5 0:44 131567:3 0:33 544580:5 0:2 544580:5 0:43 131567:1 0:70 131567:5 0:1 131567:5 0:4 131567:4 0:38
C	65	1224	923	0:245 477697:3 0:37 40324:5 0:20 131567:5 0:165 3273430:5 0:90 131567:5 0:3 2:5 0:301
C	66	544580	849	0:35 131567:4 0:16 131567:4 0:63 131567:5 0:8 131567:2 0:50 131567:8 0:7 131567:5 0:19 131567:4 0:6 131567:4 0:63 131567:4 0:19 131567:1 0:11 131567:1 0:34 131567:1 0:26 131567:2 0:16 131567:1 0:95 131567:1 0:17 131567:5 0:6 131567:5 0:17 131567:8 0:1 131567:11 0:12 131567:3 0:33 544580:5 0:2 544580:5 0:4 544580:2 0:3 544580:1 0:19 131567:1 0:13 131567:1 0:69 131567:5 0:1 131567:5 0:4 131567:4 0:38
C	67	544580	976	0:22 131567:1 0:58 131567:2 0:48 131567:4 0:4 131567:5 0:1 131567:5 0:70 131567:1 0:13 131567:1 0:19 544580:1 0:3 544580:2 0:4 544580:5 0:2 544580:5 0:33 131567:3 0:12 131567:7 0:39 131567:5 0:16 131567:4 0:1 131567:5 0:12 131567:5 0:2 131567:5 0:4 131567:5 0:46 131567:1 0:16 131567:2 0:26 131567:1 0:10 131567:2 0:7 131567:1 0:13 131567:1 0:11 131567:1 0:83 131567:4 0:6 131567:4 0:19 131567:5 0:7 131567:5 0:40 131567:4 0:7 131567:2 0:8 131567:5 0:63 131567:4 0:16 131567:4 0:84
C	68	544580	845	0:46 131567:4 0:16 131567:4 0:59 131567:5 0:8 131567:2 0:7 131567:4 0:14 131567:4 0:19 131567:8 0:7 131567:5 0:19 131567:4 0:6 131567:4 0:63 131567:4 0:19 131567:1 0:11 131567:1 0:13 131567:1 0:7 131567:2 0:10 131567:1 0:26 131567:2 0:16 131567:1 0:80 131567:5 0:1 131567:4 0:16 131567:5 0:6 131567:5 0:17 131567:4 0:27 131567:3 0:33 544580:5 0:37 131567:1 0:13 131567:1 0:68 131567:5 0:1 131567:5 0:4 131567:4 0:38
C	69	544580	986	0:82 131567:2 0:48 131567:4 0:4 131567:5 0:1 131567:5 0:104 544580:5 0:2 544580:5 0:33 131567:3 0:12 131567:11 0:1 131567:8 0:17 131567:5 0:6 131567:5 0:16 131567:4 0:1 131567:5 0:12 131567:5 0:2 131567:5 0:4 131567:5 0:46 131567:1 0:16 131567:2 0:26 131567:1 0:10 131567:2 0:7 131567:1 0:13 131567:1 0:11 131567:1 0:19 131567:4 0:41 296543:2 0:19 131567:4 0:6 131567:4 0:19 131567:5 0:7 131567:8 0:19 131567:4 0:14 131567:4 0:7 131567:2 0:8 131567:5 0:63 131567:4 0:16 131567:4 0:99
C	70	544580	974	0:21 131567:1 0:58 131567:2 0:48 131567:4 0:4 131567:5 0:1 131567:5 0:70 131567:1 0:13 131567:1 0:19 544580:1 0:3 544580:2 0:4 544580:5 0:2 544580:5 0:33 131567:3 0:12 131567:11 0:1 131567:5 0:30 131567:5 0:16 131567:4 0:1 131567:5 0:12 131567:5 0:2 131567:5 0:4 131567:5 0:123 131567:1 0:11 131567:1 0:19 131567:4 0:96 131567:5 0:7 131567:8 0:19 131567:4 0:14 131567:4 0:7 131567:2 0:8 131567:5 0:62 131567:4 0:16 131567:4 0:51 131567:5 0:16 131567:1 0:9
C	71	544580	535	0:39 131567:4 0:4 131567:5 0:1 131567:5 0:70 131567:1 0:13 131567:1 0:19 544580:1 0:3 544580:2 0:4 544580:5 0:60 131567:3 0:1 131567:8 0:17 131567:5 0:6 131567:5 0:16 131567:4 0:1 131567:5 0:12 131567:5 0:2 131567:5 0:4 131567:5 0:46 131567:1 0:44 131567:1 0:10 131567:2 0:7 131567:1 0:13 131567:1 0:11 131567:1 0:19 131567:2 0:1
C	72	181762	1068	0:8 181762:1 0:1 181762:5 0:233 131567:2 0:30 131567:5 0:26 131567:4 0:22 131567:5 0:86 5338:3 0:59 181124:1 0:62 4751:2 0:56 131567:1 0:10 131567:3 0:409
C	73	477697	949	0:189 477697:2 0:52 477697:3 0:13 131567:1 0:18 131567:7 2:6 0:14 131567:5 0:15 2:3 0:22 2:1 0:127 3273430:5 0:60 227086:1 0:29 131567:5 0:3 2:5 0:16 477697:5 0:5 477697:1 0:302
C	74	131567	854	0:46 131567:4 0:16 131567:4 0:63 131567:5 0:8 131567:2 0:7 131567:4 0:14 131567:4 0:19 131567:8 0:7 131567:5 0:19 131567:4 0:6 131567:4 0:88 131567:1 0:44 131567:1 0:26 131567:2 0:16 131567:1 0:46 131567:5 0:4 131567:5 0:2 131567:5 0:42 131567:5 0:6 131567:5 0:17 131567:8 0:1 131567:1 0:98 131567:1 0:13 131567:1 0:70 131567:5 0:1 131567:5 0:4 131567:4 0:38
C	75	569360	812	0:9 569360:5 0:183 5144:2 0:9 5125:5 0:2 5125:5 0:8 131567:5 0:332 716545:1 0:212
C	76	544580	841	0:66 131567:4 0:73 131567:2 0:7 131567:4 0:14 131567:4 0:19 131567:8 0:7 131567:5 0:19 131567:4 0:74 131567:4 0:19 131567:1 0:11 131567:1 0:13 131567:1 0:7 131567:2 0:10 131567:1 0:86 131567:5 0:4 131567:5 0:2 131567:5 0:12 131567:5 0:1 131567:4 0:16 131567:5 0:6 131567:5 0:106 544580:1 0:19 131567:1 0:13 131567:1 0:68 131567:5 0:1 131567:5 0:4 131567:4 0:38
C	77	477697	963	0:2 477697:4 0:669 477697:3 0:251
C	78	5302	994	0:23 131567:3 0:5 5204:2 0:32 122368:4 0:247 131567:4 0:19 131567:5 0:3 131567:5 0:36 4751:2 0:19 181124:5 0:161 131567:5 0:71 131567:2 0:23 131567:5 0:13 131567:2 0:22 131567:1 0:3 1268659:5 0:233
C	79	5125	803	0:196 5144:2 0:9 5125:5 0:2 5125:5 0:8 131567:5 0:4 716546:3 0:51 716546:1 0:32 147550:5 0:163 716546:5 0:1 131567:3 5144:5 0:28 131567:1 0:16 131567:5 0:5 716545:1 0:208
C	80	544580	894	0:92 131567:5 0:16 131567:4 0:63 131567:5 0:8 131567:2 0:7 131567:4 0:14 131567:4 0:19 131567:8 0:7 131567:5 0:19 131567:4 0:6 131567:4 0:63 131567:4 0:19 131567:1 0:11 131567:1 0:13 131567:1 0:7 131567:2 0:10 131567:1 0:26 131567:2 0:16 131567:1 0:46 131567:5 0:4 131567:5 0:2 131567:5 0:38 131567:5 0:6 131567:5 0:17 131567:8 0:58 544580:5 0:2 544580:5 0:4 544580:2 0:3 544580:1 0:19 131567:1 0:13 131567:1 0:69 131567:5 0:1 131567:5 0:4 131567:4 0:38
C	81	544580	981	0:81 131567:2 0:48 131567:4 0:4 131567:5 0:1 131567:5 0:70 131567:1 0:13 131567:1 0:19 544580:1 0:3 544580:2 0:4 544580:5 0:2 544580:5 0:33 131567:3 0:12 131567:11 0:1 131567:8 0:17 131567:5 0:6 131567:5 0:16 131567:4 0:1 131567:5 0:12 131567:5 0:2 131567:5 0:4 131567:5 0:46 131567:1 0:16 131567:2 0:72 131567:1 0:19 131567:4 0:61 131567:4 0:6 131567:4 0:19 131567:5 0:7 131567:8 0:19 131567:4 0:14 131567:4 0:7 131567:2 0:8 131567:5 0:173
C	82	2	998	0:371 2:5 0:98 3273430:5 0:126 2:1 0:22 2:3 0:15 131567:5 0:16 2:4 0:25 131567:1 0:13 477697:3 0:55 477697:2 0:194
C	83	544580	827	0:45 131567:4 0:25 4893:2 0:54 131567:5 0:8 131567:2 0:62 2916678:5 0:12 131567:4 0:6 131567:4 0:94 131567:1 0:13 131567:1 0:7 131567:2 0:10 131567:1 0:26 131567:2 0:60 131567:2 0:4 131567:5 0:2 131567:5 0:12 131567:5 0:1 131567:4 0:50 131567:6 0:1 131567:11 0:48 544580:5 0:2 544580:5 0:4 544580:2 0:3 544580:1 0:19 131567:1 0:13 131567:1 0:68 131567:5 0:1 131567:5 0:47
C	86	5144	804	0:193 5144:2 0:29 131567:5 0:101 147550:1 0:161 716546:5 0:1 131567:3 5144:5 0:28 131567:1 0:16 131567:5 0:5 716545:1 0:208
C	87	544580	856	0:45 131567:4 0:16 131567:4 0:63 131567:5 0:8 131567:2 0:7 131567:4 0:54 131567:4 0:19 131567:4 0:6 131567:4 0:63 131567:4 0:19 131567:1 0:11 131567:1 0:13 131567:1 0:7 131567:2 0:10 131567:1 0:94 131567:2 0:4 131567:5 0:2 131567:5 0:12 131567:5 0:1 131567:4 0:51 131567:9 0:1 131567:11 0:12 131567:3 0:40 544580:3 0:6 544580:2 0:3 544580:1 0:19 131567:1 0:13 131567:1 0:71 131567:5 0:1 131567:5 0:4 131567:4 0:40
C	88	544580	842	0:46 131567:4 0:16 131567:4 0:63 131567:5 0:8 131567:2 0:7 131567:4 0:14 131567:4 0:19 131567:8 0:7 131567:5 0:19 131567:4 0:6 131567:4 0:19 181124:5 0:40 131567:4 0:19 131567:1 0:11 131567:1 0:13 131567:1 0:7 131567:2 0:10 131567:1 0:104 131567:5 0:36 131567:5 0:6 131567:5 0:17 131567:8 0:1 131567:11 0:12 131567:3 0:33 544580:5 0:2 544580:5 0:4 544580:2 0:3 544580:1 0:19 131567:1 0:13 131567:1 0:66 131567:5 0:1 131567:5 0:4 131567:4 0:38
C	89	5125	897	0:2 1760811:4 0:42 131567:1 147550:2 0:28 147550:1 0:225 131567:5 0:16 131567:1 0:28 5144:5 131567:3 0:1 716546:5 0:251 716546:3 0:4 131567:5 0:8 5125:5 0:2 5125:5 0:9 5144:2 0:198 5144:2
C	90	1268659	970	0:23 131567:3 0:5 5204:2 0:316 131567:1 0:5 131567:5 0:3 131567:5 0:3 131567:1 0:36 131567:5 0:178 55193:2 0:54 131567:4 0:18 131567:2 0:12 131567:2 0:9 131567:5 0:13 131567:2 0:26 1268659:5 0:191
C	91	544580	974	0:22 131567:1 0:122 131567:5 0:65 131567:1 0:13 131567:1 0:19 544580:1 0:3 544580:2 0:4 544580:5 0:2 544580:5 0:33 131567:3 0:12 131567:8 0:89 131567:5 0:167 131567:4 0:63 131567:4 0:6 131567:4 0:82 131567:2 0:8 131567:5 0:62 131567:4 0:16 131567:4 0:88
C	92	5125	803	0:198 5144:2 0:9 5125:5 0:2 5125:5 0:8 131567:5 0:4 716546:3 0:251 716546:5 0:1 131567:3 5144:5 0:54 716545:1 0:208
C	93	544580	938	0:46 131567:4 0:16 131567:4 0:63 131567:5 0:8 131567:2 0:7 131567:4 0:14 131567:4 0:19 131567:8 0:7 131567:5 0:19 131567:4 0:6 131567:4 0:98 131567:1 0:13 131567:1 0:7 131567:2 0:10 131567:1 0:26 131567:2 0:16 131567:1 0:47 131567:2 0:4 131567:5 0:2 131567:5 0:12 131567:5 0:1 131567:4 0:16 131567:5 0:6 131567:5 0:17 131567:4 0:60 544580:5 0:2 544580:5 0:4 544580:2 0:3 544580:1 0:19 131567:1 0:13 131567:1 0:69 131567:5 0:1 131567:5 0:4 131567:4 0:133
C	94	131567	557	0:44 131567:1 0:16 131567:2 0:26 131567:1 0:10 131567:2 0:7 131567:1 0:13 131567:1 0:11 131567:1 0:19 131567:4 0:64 131567:4 0:6 131567:4 0:19 131567:5 0:7 131567:8 0:19 131567:4 0:14 131567:4 0:7 131567:2 0:8 131567:5 0:63 131567:4 0:16 131567:4 0:54 131567:5 0:16 131567:1 0:19 131567:1 0:1
C	95	181762	1069	0:8 181762:1 0:1 181762:5 0:233 131567:2 0:30 131567:5 0:26 131567:4 0:22 131567:5 0:8 131567:9 0:5 131567:5 0:58 5338:3 0:59 181124:1 0:62 4751:2 0:56 131567:1 0:10 131567:3 0:411
C	97	544580	984	0:81 131567:2 0:48 131567:4 0:4 131567:5 0:1 131567:5 0:65 131567:1 0:38 544580:2 0:4 544580:5 0:2 544580:5 0:47 131567:11 0:1 131567:8 0:17 131567:5 0:6 131567:5 0:16 131567:4 0:1 131567:5 0:12 131567:5 0:2 131567:5 0:4 131567:5 0:46 131567:1 0:16 131567:2 0:26 131567:1 0:10 131567:2 0:7 131567:1 0:13 131567:1 0:11 131567:1 0:19 131567:4 0:63 131567:4 0:6 131567:4 0:19 131567:5 0:7 131567:8 0:19 131567:4 0:14 131567:4 0:7 131567:2 0:8 131567:5 0:84 131567:4 0:91
C	98	131567	843	0:46 131567:4 0:16 131567:4 0:62 131567:5 0:8 131567:2 0:7 131567:4 0:14 131567:4 0:34 131567:4 0:19 131567:4 0:6 131567:4 0:61 131567:4 0:19 131567:1 0:11 131567:1 0:13 131567:1 0:7 131567:2 0:10 131567:1 0:92 131567:5 0:4 131567:5 0:2 131567:5 0:48 131567:5 0:17 131567:4 0:100 131567:1 0:86 131567:5 0:1 131567:5 0:4 131567:4 0:38
C	99	544580	845	0:46 131567:4 0:16 131567:4 0:72 131567:2 0:7 131567:4 0:14 131567:4 0:34 131567:4 0:19 131567:4 0:6 131567:4 0:63 131567:4 0:19 131567:1 0:11 131567:1 0:13 131567:1 0:7 131567:2 0:10 131567:1 0:26 131567:2 0:16 131567:1 0:75 131567:5 0:1 131567:4 0:16 131567:5 0:6 131567:5 0:17 131567:4 0:68 544580:5 0:33 131567:3 0:13 131567:1 0:70 131567:5 0:53
C	100	544580	846	0:46 131567:4 0:16 131567:4 0:63 131567:5 0:8 131567:2 0:7 131567:4 0:14 131567:4 0:19 131567:8 0:7 131567:5 0:19 131567:4 0:6 131567:4 0:63 131567:4 0:19 131567:1 0:11 131567:1 0:13 131567:1 0:7 131567:2 0:10 131567:1 0:38 131567:1 0:46 131567:5 0:4 131567:5 0:2 131567:5 0:39 131567:5 0:6 131567:5 0:17 131567:8 0:1 131567:11 0:12 131567:3 0:33 544580:5 0:2 544580:5 0:4 544580:2 0:3 544580:1 0:19 131567:1 0:13 131567:1 0:69 131567:5 0:1 131567:5 0:4 131567:4 0:40
C	101	2916678	832	0:46 131567:4 0:16 131567:4 0:74 131567:2 0:7 131567:4 0:14 131567:4 0:39 2916678:5 0:12 131567:4 0:6 131567:4 0:63 131567:4 0:19 131567:1 0:11 131567:1 0:13 131567:1 0:7 131567:2 0:10 131567:1 0:44 131567:1 0:42 131567:5 0:2 131567:5 0:12 131567:5 0:1 131567:4 0:16 131567:5 0:6 131567:5 0:17 131567:8 0:1 131567:11 0:12 131567:3 0:73 131567:1 0:13 131567:1 0:70 131567:5 0:1 131567:5 0:4 131567:4 0:38
C	102	544580	972	0:22 131567:1 0:58 131567:2 0:48 131567:4 0:4 131567:5 0:1 131567:5 0:70 131567:1 0:13 131567:1 0:19 544580:1 0:3 544580:2 0:51 131567:3 0:12 131567:8 0:29 131567:5 0:6 131567:5 0:16 131567:4 0:1 131567:5 0:12 131567:5 0:2 131567:5 0:4 131567:5 0:145 131567:4 0:63 131567:4 0:6 131567:4 0:19 131567:5 0:7 131567:8 0:19 131567:4 0:14 131567:4 0:7 131567:2 0:8 131567:5 0:63 131567:4 0:16 131567:4 0:85
C	103	5144	898	0:23 131567:3 0:226 716546:4 0:5 131567:2 0:10 131567:4 0:7 131567:5 0:45 5144:5 131567:3 0:1 716546:5 0:169 131567:6 0:43 716546:1 0:9 716546:2 0:59 131567:2 0:22 716545:1 0:2 332648:2 0:198
C	104	544580	701	0:46 131567:4 0:16 131567:5 0:60 131567:5 0:8 131567:2 0:7 131567:4 0:14 131567:4 0:19 131567:1 0:38 131567:4 0:6 131567:4 0:63 131567:4 0:19 131567:1 0:11 131567:1 0:13 131567:1 0:7 131567:2 0:10 131567:1 0:104 131567:5 0:48 131567:5 0:17 131567:8 0:1 131567:11 0:12 131567:3 0:33 544580:5 0:2 544580:5 0:4 544580:2 0:3 544580:1 0:18
C	105	544580	983	0:22 131567:1 0:58 131567:2 0:48 131567:4 0:85 131567:1 0:13 131567:1 0:19 544580:1 0:3 544580:2 0:4 544580:5 0:2 544580:5 0:33 131567:3 0:12 131567:11 0:1 131567:8 0:17 131567:5 0:6 131567:5 0:16 131567:1 0:21 131567:5 0:2 131567:5 0:4 131567:5 0:121 131567:2 0:11 131567:1 0:19 131567:4 0:63 131567:4 0:6 131567:4 0:19 131567:5 0:7 131567:8 0:19 131567:4 0:14 131567:4 0:7 131567:2 0:8 131567:5 0:47 284811:5 0:9 131567:4 0:16 131567:4 0:51 131567:5 0:16 131567:1 0:18
C	106	181124	1067	0:246 131567:2 0:30 131567:5 0:26 131567:4 0:22 131567:5 0:8 131567:9 0:5 131567:5 0:58 5338:3 0:59 181124:1 0:121 131567:1 0:10 131567:3 0:410
C	107	181762	1155	0:39 490731:3 0:7 490731:5 0:445 131567:3 0:10 131567:1 0:56 4751:2 0:117 5338:3 0:58 131567:5 0:5 131567:9 0:8 131567:5 0:92 131567:2 0:231 181762:5 0:1 181762:1 0:8
C	108	544580	973	0:22 131567:1 0:58 131567:2 0:48 131567:4 0:4 131567:5 0:1 131567:5 0:65 131567:1 0:13 131567:1 0:19 544580:1 0:3 544580:2 0:4 544580:5 0:2 544580:5 0:44 131567:11 0:1 131567:8 0:17 131567:5 0:6 131567:5 0:16 131567:4 0:1 131567:5 0:12 131567:5 0:2 131567:5 0:4 131567:5 0:46 131567:1 0:16 131567:2 0:62 131567:1 0:11 131567:1 0:19 131567:4 0:63 131567:4 0:6 131567:4 0:19 131567:5 0:7 131567:8 0:19 131567:4 0:14 131567:4 0:7 131567:2 0:8 131567:5 0:170
C	109	131567	842	0:64 131567:4 0:83 131567:4 0:14 131567:4 0:19 131567:8 0:7 131567:5 0:19 131567:4 0:6 131567:4 0:63 131567:4 0:19 131567:1 0:11 131567:1 0:13 131567:1 0:7 131567:2 0:10 131567:1 0:89 131567:5 0:4 131567:5 0:2 131567:5 0:12 131567:5 0:1 131567:4 0:16 131567:5 0:6 131567:5 0:17 131567:3 0:104 131567:1 0:13 131567:1 0:70 131567:5 0:1 131567:5 0:4 131567:4 0:38
C	110	544580	849	0:46 131567:4 0:16 131567:4 0:63 131567:5 0:8 131567:2 0:7 131567:4 0:14 131567:4 0:19 131567:8 0:7 131567:5 0:19 131567:4 0:6 131567:4 0:63 131567:4 0:19 131567:1 0:11 131567:1 0:13 131567:1 0:7 131567:2 0:10 131567:1 0:26 131567:2 0:63 131567:5 0:4 131567:5 0:2 131567:5 0:12 131567:5 0:1 131567:4 0:16 131567:5 0:6 131567:5 0:17 131567:8 0:1 131567:11 0:12 131567:3 0:53 544580:1 0:104 131567:5 0:1 131567:5 0:4 131567:4 0:38
C	112	544580	853	0:46 131567:4 0:16 131567:4 0:66 131567:5 0:8 131567:2 0:7 131567:4 0:14 131567:4 0:19 131567:8 0:7 131567:5 0:19 131567:4 0:6 131567:4 0:63 131567:4 0:19 131567:1 0:11 131567:1 0:13 131567:1 0:7 131567:2 0:10 131567:1 0:92 131567:5 0:4 131567:5 0:2 131567:5 0:84 131567:6 0:12 131567:3 0:33 544580:5 0:2 544580:5 0:4 544580:2 0:3 544580:1 0:19 131567:1 0:13 131567:1 0:70 131567:5 0:1 131567:5 0:4 131567:4 0:38
C	113	544580	846	0:48 131567:4 0:16 131567:4 0:63 131567:5 0:8 131567:2 0:7 131567:4 0:14 131567:4 0:58 131567:4 0:6 131567:4 0:62 131567:4 0:19 131567:1 0:32 131567:2 0:10 131567:1 0:26 131567:2 0:16 131567:1 0:46 131567:5 0:4 131567:5 0:2 131567:5 0:37 131567:5 0:6 131567:5 0:29 131567:9 0:48 544580:5 0:2 544580:5 0:4 544580:2 0:3 544580:1 0:19 131567:1 0:13 131567:1 0:66 131567:5 0:1 131567:5 0:4 131567:4 0:38
C	114	544580	848	0:46 131567:4 0:16 131567:4 0:63 131567:5 0:8 131567:2 0:7 131567:4 0:14 131567:4 0:19 131567:8 0:7 131567:5 0:19 131567:4 0:6 131567:5 0:61 131567:4 0:19 131567:1 0:11 131567:1 0:13 131567:1 0:7 131567:2 0:10 131567:1 0:26 131567:2 0:16 131567:1 0:104 131567:5 0:6 131567:5 0:17 131567:8 0:1 131567:11 0:12 131567:3 0:33 544580:5 0:2 544580:5 0:4 544580:2 0:3 544580:1 0:19 131567:1 0:13 131567:1 0:70 131567:5 0:1 131567:5 0:4 131567:4 0:38
C	115	28985	968	0:47 451864:5 0:2 4893:10 0:15 147537:1 0:2 147537:5 0:18 4910:4 0:44 28985:5 0:2 28985:5 0:22 4910:4 0:36 4910:5 0:2 4910:3 0:54 4910:5 0:55 131567:4 0:17 131567:5 0:6 131567:5 0:16 131567:4 0:1 131567:5 0:12 131567:5 0:2 131567:5 0:4 131567:5 0:15 147537:5 0:9 147537:6 0:56 131567:1 0:10 131567:2 0:7 131567:1 0:1 4893:7 0:47 131567:2 0:53 131567:4 0:6 131567:4 0:19 131567:5 0:7 131567:8 0:19 131567:4 0:14 131567:3 0:5 4893:1 0:6 4910:4 0:93 4910:5 0:6 4910:3 0:24 4910:3 0:18 4910:3 0:1
C	116	544580	842	0:62 131567:4 0:63 131567:5 0:8 131567:2 0:48 131567:8 0:7 131567:5 0:19 131567:4 0:6 131567:4 0:61 131567:4 0:19 131567:1 0:25 131567:1 0:7 131567:2 0:10 131567:1 0:43 131567:1 0:46 131567:5 0:4 131567:5 0:2 131567:5 0:48 131567:5 0:17 131567:8 0:1 131567:11 0:12 131567:3 0:33 544580:5 0:2 544580:5 0:4 544580:2 0:3 544580:1 0:19 131567:1 0:13 131567:1 0:70 131567:5 0:1 131567:5 0:4 131567:4 0:38
C	117	544580	978	0:22 131567:1 0:105 131567:4 0:4 131567:5 0:1 131567:5 0:68 131567:1 0:13 131567:1 0:19 544580:1 0:3 544580:2 0:4 544580:5 0:2 544580:5 0:33 131567:3 0:12 131567:11 0:1 131567:8 0:17 131567:5 0:6 131567:5 0:57 131567:5 0:46 131567:1 0:16 131567:2 0:73 131567:1 0:19 131567:4 0:63 131567:4 0:6 131567:4 0:19 131567:5 0:7 131567:8 0:19 131567:4 0:14 131567:4 0:7 131567:2 0:8 131567:5 0:63 131567:4 0:102
C	118	544580	959	0:213 131567:1 0:19 544580:1 0:3 544580:2 0:61 131567:11 0:1 131567:8 0:17 131567:5 0:6 131567:5 0:17 131567:3 0:1 131567:5 0:79 131567:1 0:16 131567:2 0:153 131567:4 0:6 131567:4 0:19 131567:5 0:7 131567:8 0:19 131567:4 0:14 131567:4 0:7 131567:2 0:81 131567:4 0:16 131567:4 0:87
C	119	544580	1026	0:27 131567:1 0:100 131567:4 0:4 131567:5 0:1 131567:5 0:69 131567:1 0:13 131567:1 0:19 544580:1 0:3 544580:2 0:4 544580:5 0:33 131567:5 0:12 131567:11 0:1 131567:8 0:17 131567:5 0:6 131567:5 0:16 131567:4 0:1 131567:5 0:12 131567:5 0:2 131567:5 0:4 131567:5 0:46 131567:1 0:16 131567:2 0:26 131567:1 0:10 131567:2 0:7 131567:1 0:13 131567:1 0:11 131567:1 0:19 131567:4 0:63 131567:4 0:6 131567:4 0:19 131567:5 0:7 131567:8 0:19 131567:4 0:14 131567:4 0:7 131567:2 0:8 131567:5 0:225
C	120	569360	808	0:9 569360:5 0:205 5125:5 0:8 131567:5 0:4 716546:3 0:51 716546:1 0:245 131567:1 0:232
C	121	544580	845	0:44 131567:5 0:16 131567:4 0:63 131567:5 0:8 131567:2 0:7 131567:4 0:39 131567:7 0:7 131567:5 0:19 131567:4 0:6 131567:4 0:65 131567:3 0:19 131567:1 0:70 131567:2 0:16 131567:1 0:62 131567:5 0:37 131567:5 0:6 131567:5 0:17 131567:8 0:1 131567:11 0:12 131567:3 0:33 544580:5 0:2 544580:5 0:4 544580:2 0:3 544580:1 0:102 131567:5 0:1 131567:5 0:4 131567:4 0:37
C	123	232080	925	0:74 147550:2 0:70 72144:5 0:103 5455:4 0:9 147550:2 0:5 147550:2 0:6 5125:1 4751:4 0:66 716546:2 0:9 716546:1 0:28 5125:5 0:15 147550:1 0:53 232080:2 5125:1 0:15 222543:5 0:14 5125:5 0:7 5125:1 0:1 232080:1 5125:5 0:4 5125:2 0:3 131567:2 0:48 490731:5 0:13 131567:4 0:9 131567:5 0:15 131567:5 0:5 716545:1 0:177 1279085:1 0:35 147550:1 0:6 147550:2 0:24
C	124	544580	841	0:46 131567:4 0:16 131567:4 0:63 131567:5 0:8 131567:2 0:7 131567:4 0:14 131567:4 0:39 2916678:5 0:12 131567:4 0:6 131567:4 0:64 131567:4 0:66 131567:1 0:26 131567:2 0:16 131567:1 0:62 131567:5 0:39 131567:5 0:6 131567:5 0:17 131567:8 0:1 131567:11 0:12 131567:3 0:33 544580:5 0:11 544580:2 0:23 131567:1 0:13 131567:1 0:117
C	125	477697	948	0:188 477697:2 0:55 477697:3 0:13 131567:1 0:18 131567:7 2:6 0:14 131567:5 0:15 2:3 0:22 2:1 0:127 3273430:5 0:90 131567:5 0:3 2:5 0:16 477697:5 0:5 477697:1 0:299
C	126	456999	1044	0:284 4751:2 0:15 27319:1 0:20 131567:2 0:18 131567:4 0:40 131567:4 0:5 131567:5 0:82 456999:2 0:137 131567:1 0:3 131567:5 0:3 131567:5 0:5 131567:1 0:10 131567:3 0:353
C	127	544580	990	0:22 131567:1 0:58 131567:2 0:48 131567:4 0:4 131567:5 0:1 131567:5 0:70 131567:1 0:13 131567:1 0:19 544580:1 0:3 544580:2 0:4 544580:5 0:2 544580:5 0:59 131567:8 0:17 131567:5 0:6 131567:5 0:16 131567:4 0:1 131567:5 0:12 131567:5 0:2 131567:5 0:4 131567:5 0:46 131567:1 0:16 131567:2 0:26 131567:1 0:10 131567:2 0:7 131567:1 0:13 131567:1 0:11 131567:1 0:19 131567:4 0:72 131567:4 0:19 131567:5 0:7 131567:8 0:19 131567:4 0:14 131567:4 0:7 131567:2 0:78 131567:4 0:16 131567:4 0:93
C	129	544580	892	0:45 131567:5 0:16 131567:4 0:63 131567:5 0:8 131567:2 0:7 131567:4 0:14 131567:5 0:33 131567:5 0:19 131567:4 0:6 131567:4 0:63 131567:4 0:65 131567:1 0:26 131567:2 0:16 131567:1 0:103 131567:5 0:6 131567:5 0:17 131567:8 0:58 544580:5 0:2 544580:5 0:4 544580:2 0:3 544580:1 0:19 131567:1 0:13 131567:1 0:70 131567:5 0:1 131567:5 0:4 131567:4 0:84
C	130	477697	1301	0:37 2619833:5 0:226 477697:5 0:34 477697:1 0:36 1884633:1 0:324 2:5 0:3 131567:5 0:93 3273430:5 0:107 3273430:5 0:84 40324:5 0:20 131567:1 0:13 477697:3 0:54 477697:2 0:193
C	131	544580	849	0:45 131567:4 0:16 131567:4 0:62 131567:5 0:8 131567:2 0:7 131567:4 0:14 131567:4 0:19 131567:8 0:7 131567:5 0:19 131567:4 0:6 131567:4 0:64 131567:4 0:19 131567:1 0:11 131567:1 0:13 131567:1 0:7 131567:2 0:10 131567:1 0:45 131567:1 0:46 131567:5 0:4 131567:5 0:2 131567:5 0:12 131567:5 0:1 131567:4 0:16 131567:5 0:6 131567:5 0:17 131567:8 0:1 131567:11 0:12 131567:3 0:33 544580:5 0:2 544580:5 0:4 544580:2 0:3 544580:1 0:19 131567:1 0:13 131567:1 0:69 131567:5 0:1 131567:5 0:4 131567:4 0:38
C	132	544580	976	0:137 131567:5 0:69 131567:1 0:13 131567:1 0:19 544580:1 0:3 544580:2 0:4 544580:5 0:2 544580:5 0:33 131567:3 0:12 131567:11 0:1 131567:8 0:62 131567:4 0:5 131567:5 0:101 131567:1 0:10 131567:2 0:7 131567:1 0:13 131567:1 0:11 131567:1 0:19 131567:4 0:63 131567:4 0:6 131567:4 0:19 131567:5 0:7 131567:8 0:19 131567:4 0:14 131567:4 0:7 131567:2 0:8 131567:5 0:63 131567:4 0:16 131567:4 0:94
C	133	544580	998	0:22 131567:1 0:56 131567:2 0:62 131567:4 0:4 131567:5 0:1 131567:5 0:70 131567:1 0:13 131567:1 0:19 544580:1 0:3 544580:2 0:4 544580:5 0:2 544580:5 0:33 131567:3 0:12 131567:11 0:1 131567:8 0:17 131567:5 0:6 131567:5 0:15 131567:5 0:1 131567:5 0:24 418101:3 0:96 131567:1 0:10 131567:2 0:7 131567:1 0:13 131567:1 0:11 131567:1 0:19 131567:4 0:63 131567:4 0:6 131567:4 0:19 131567:5 0:7 131567:8 0:19 131567:4 0:14 131567:4 0:7 131567:2 0:8 131567:5 0:63 131567:4 0:16 131567:4 0:90
C	134	181124	787	0:502 131567:3 0:10 131567:1 0:56 4751:2 0:62 181124:1 0:116
C	136	544580	977	0:22 131567:1 0:198 131567:1 0:13 131567:1 0:19 544580:1 0:3 544580:2 0:4 544580:5 0:2 544580:5 0:33 131567:3 0:49 131567:5 0:63 131567:5 0:89 131567:1 0:10 131567:2 0:7 131567:1 0:13 131567:1 0:11 131567:1 0:19 131567:4 0:63 131567:4 0:6 131567:4 0:19 131567:5 0:7 131567:8 0:19 131567:4 0:14 131567:4 0:7 131567:2 0:8 131567:5 0:84 131567:4 0:51 131567:5 0:16 131567:1 0:9
C	137	5144	756	0:153 332648:2 0:2 716545:1 0:22 131567:2 0:13 131567:5 0:4 716546:3 0:34 716546:2 0:9 716546:1 0:162 37727:1 0:61 131567:3 5144:5 0:46 131567:5 0:7 131567:4 0:10 131567:2 0:5 716546:4 0:154
C	138	544580	853	0:47 131567:4 0:16 131567:4 0:63 131567:5 0:8 131567:2 0:7 131567:4 0:14 131567:4 0:40 2916678:5 0:12 131567:4 0:6 131567:4 0:63 131567:4 0:19 131567:1 0:45 131567:1 0:99 131567:5 0:19 131567:5 0:1 131567:4 0:16 131567:5 0:6 131567:5 0:17 131567:8 0:1 131567:11 0:49 544580:5 0:2 544580:5 0:4 544580:2 0:3 544580:1 0:19 131567:1 0:13 131567:1 0:73 131567:5 0:1 131567:5 0:4 131567:4 0:38
C	139	40324	925	0:187 477697:2 0:55 477697:3 0:13 131567:1 0:20 40324:5 0:271 40324:5 0:13 131567:5 0:3 2:5 0:303
C	140	5144	1175	0:262 131567:3 0:55 5144:2 0:13 569360:5 0:182 5144:2 0:38 716546:3 0:51 716546:1 0:32 147550:5 0:166 716546:5 0:1 131567:3 5144:5 0:28 131567:1 0:16 131567:5 0:5 716545:1 0:247 147550:2 131567:1 0:1
C	142	544580	889	0:47 131567:4 0:16 131567:4 0:85 131567:4 0:14 131567:4 0:59 131567:4 0:6 131567:4 0:63 131567:4 0:19 131567:1 0:11 131567:1 0:13 131567:1 0:7 131567:2 0:10 131567:1 0:26 131567:2 0:16 131567:1 0:46 131567:5 0:4 131567:5 0:2 131567:5 0:12 131567:5 0:1 131567:4 0:16 131567:5 0:6 131567:5 0:17 131567:8 0:1 131567:11 0:12 131567:3 0:33 544580:5 0:2 544580:5 0:4 544580:2 0:3 544580:1 0:19 131567:1 0:13 131567:1 0:70 131567:5 0:1 131567:5 0:4 131567:4 0:75
C	143	131567	849	0:49 131567:4 0:16 131567:4 0:77 131567:2 0:7 131567:4 0:14 131567:4 0:56 131567:4 0:6 131567:4 0:49 181124:5 0:32 131567:1 0:11 131567:1 0:13 131567:1 0:7 131567:2 0:10 131567:1 0:124 131567:5 0:1 131567:4 0:16 131567:5 0:6 131567:5 0:17 131567:8 0:1 131567:11 0:12 131567:3 0:33 544580:5 0:37 131567:1 0:13 131567:1 0:69 131567:5 0:1 131567:5 0:4 131567:4 0:35
C	144	451864	999	0:12 4893:5 0:338 131567:1 0:5 131567:5 0:16 131567:1 0:28 131567:5 0:4 131567:5 0:96 223818:5 0:72 131567:2 0:53 131567:4 0:6 131567:4 0:19 131567:5 0:7 131567:8 0:19 131567:4 0:236
C	145	181762	1150	0:560 4751:2 0:62 181124:1 0:59 5338:3 0:58 131567:5 0:5 131567:9 0:8 131567:5 0:22 131567:4 0:26 131567:5 0:30 131567:2 0:231 181762:5 0:1 181762:1 0:12
C	146	544580	837	0:46 131567:4 0:16 131567:4 0:63 131567:5 0:8 131567:2 0:153 131567:4 0:19 131567:1 0:11 131567:1 0:13 131567:1 0:7 131567:2 0:10 131567:1 0:26 131567:2 0:16 131567:1 0:46 131567:5 0:4 131567:5 0:2 131567:5 0:49 131567:5 0:17 131567:2 0:5 131567:1 0:1 131567:3 0:56 544580:5 0:2 544580:5 0:4 544580:2 0:3 544580:1 0:102 131567:5 0:1 131567:5 0:4 131567:4 0:38
C	147	40324	957	0:271 477697:3 0:13 131567:1 0:20 40324:5 0:192 3273430:5 0:72 40324:5 0:13 131567:5 0:3 2:5 0:310
C	148	3273430	943	0:190 477697:2 0:55 477697:3 0:13 131567:1 0:20 40324:5 0:83 3273430:5 0:104 3273430:5 0:94 131567:5 0:3 2:5 0:316
C	150	544580	842	0:46 131567:4 0:16 131567:4 0:63 131567:5 0:8 131567:2 0:7 131567:4 0:14 131567:4 0:19 131567:8 0:7 131567:5 0:19 131567:4 0:6 131567:4 0:63 131567:4 0:19 131567:1 0:11 131567:1 0:13 131567:1 0:7 131567:2 0:10 131567:1 0:40 131567:1 0:59 131567:5 0:12 131567:5 0:1 131567:4 0:16 131567:5 0:6 131567:5 0:17 131567:8 0:1 131567:11 0:12 131567:3 0:33 544580:5 0:2 544580:5 0:4 544580:2 0:3 544580:1 0:19 131567:1 0:13 131567:1 0:70 131567:5 0:1 131567:5 0:4 131567:4 0:37
C	151	477697	1009	0:352 477697:1 0:5 477697:5 0:16 2:5 0:3 131567:5 0:29 227086:1 0:196 2:1 0:54 280699:1 0:5 2:4 131567:7 0:18 131567:1 0:72 477697:2 0:192
C	152	131567	850	0:46 131567:4 0:16 131567:4 0:63 131567:5 0:8 131567:2 0:7 131567:4 0:14 131567:4 0:34 131567:4 0:95 131567:4 0:19 131567:1 0:11 131567:1 0:13 131567:1 0:7 131567:2 0:10 131567:1 0:26 131567:2 0:16 131567:1 0:46 131567:5 0:4 131567:5 0:2 131567:5 0:12 131567:5 0:1 131567:4 0:16 131567:5 0:6 131567:5 0:17 131567:8 0:1 131567:11 0:12 131567:3 0:161 131567:5 0:1 131567:5 0:4 131567:4 0:38
C	153	490731	1172	0:41 490731:3 0:7 490731:5 0:13 490731:1 0:427 131567:3 0:10 131567:1 0:51 4751:2 0:181 131567:5 0:5 131567:9 0:8 131567:5 0:22 131567:4 0:26 131567:5 0:266 181762:5 0:1 181762:1 0:31
C	154	544580	847	0:46 131567:4 0:16 131567:4 0:62 131567:5 0:8 131567:2 0:7 131567:4 0:14 131567:4 0:34 131567:4 0:30 131567:4 0:98 131567:1 0:162 131567:4 0:78 131567:3 0:43 544580:5 0:4 544580:2 0:3 544580:1 0:19 131567:1 0:13 131567:1 0:70 131567:5 0:1 131567:5 0:4 131567:4 0:38
C	155	5144	825	0:212 131567:2 0:34 232080:2 0:23 716546:2 0:9 716546:1 0:6 4895:1 0:26 131567:5 0:1 131567:9 0:175 131567:3 5144:5 0:45 131567:5 0:225
C	156	544580	844	0:46 131567:4 0:16 131567:4 0:63 131567:5 0:8 131567:2 0:7 131567:4 0:14 131567:4 0:59 131567:4 0:6 131567:4 0:61 131567:4 0:19 131567:1 0:11 131567:1 0:13 131567:1 0:7 131567:2 0:10 131567:1 0:26 131567:2 0:16 131567:1 0:46 131567:5 0:4 131567:5 0:2 131567:5 0:12 131567:5 0:1 131567:4 0:16 131567:5 0:6 131567:5 0:17 131567:8 0:1 131567:3 0:53 544580:5 0:2 544580:5 0:4 544580:2 0:3 544580:1 0:19 131567:1 0:13 131567:1 0:70 131567:5 0:1 131567:5 0:4 131567:4 0:36
C	157	544580	980	0:22 131567:1 0:58 131567:2 0:48 131567:4 0:4 131567:5 0:1 131567:5 0:102 544580:1 0:3 544580:2 0:4 544580:5 0:2 544580:5 0:45 131567:11 0:1 131567:8 0:17 131567:5 0:6 131567:5 0:16 131567:4 0:1 131567:5 0:12 131567:5 0:2 131567:5 0:4 131567:5 0:46 131567:1 0:16 131567:2 0:26 131567:1 0:10 131567:2 0:7 131567:1 0:13 131567:1 0:11 131567:1 0:19 131567:4 0:94 131567:5 0:7 131567:8 0:19 131567:4 0:14 131567:4 0:7 131567:2 0:8 131567:5 0:63 131567:4 0:16 131567:4 0:90
C	158	40324	920	0:243 477697:3 0:13 131567:1 0:20 40324:5 0:20 131567:5 0:167 3273430:5 0:72 40324:5 0:13 131567:5 0:3 2:5 0:301
C	159	477697	946	0:188 477697:2 0:88 131567:7 2:6 0:60 2:1 0:127 3273430:5 0:59 227086:1 0:29 131567:5 0:3 2:5 0:16 477697:5 0:5 477697:1 0:299
C	160	544580	844	0:46 131567:4 0:16 131567:4 0:62 131567:5 0:8 131567:2 0:7 131567:4 0:14 131567:4 0:58 131567:4 0:71 131567:3 0:21 226230:4 0:21 131567:1 0:7 131567:2 0:10 131567:1 0:158 131567:5 0:17 131567:3 0:65 544580:5 0:2 544580:5 0:4 544580:2 0:3 544580:1 0:19 131567:1 0:13 131567:1 0:70 131567:5 0:1 131567:5 0:4 131567:4 0:38
C	161	131567	736	0:10 131567:5 0:8 131567:5 0:251 131567:1 0:10 131567:3 0:409
C	162	544580	849	0:45 131567:4 0:16 131567:4 0:63 131567:5 0:8 131567:2 0:7 131567:4 0:14 131567:4 0:19 131567:8 0:7 131567:5 0:19 131567:4 0:6 131567:4 0:63 131567:4 0:19 131567:1 0:11 131567:1 0:13 131567:1 0:7 131567:2 0:10 131567:1 0:26 131567:2 0:77 131567:5 0:12 131567:5 0:1 131567:4 0:16 131567:5 0:6 131567:5 0:17 131567:8 0:1 131567:11 0:12 131567:3 0:33 544580:5 0:2 544580:5 0:4 544580:2 0:3 544580:1 0:19 131567:1 0:13 131567:1 0:72 131567:5 0:1 131567:5 0:4 131567:4 0:38
C	163	544580	982	0:22 131567:1 0:58 131567:2 0:48 131567:4 0:4 131567:5 0:1 131567:5 0:68 131567:1 0:13 131567:1 0:19 544580:1 0:3 544580:2 0:4 544580:5 0:2 544580:5 0:33 131567:3 0:12 131567:13 0:37 131567:5 0:16 131567:4 0:1 131567:5 0:12 131567:5 0:2 131567:5 0:4 131567:5 0:65 131567:2 0:60 131567:1 0:11 131567:1 0:19 131567:4 0:63 131567:4 0:6 131567:4 0:19 131567:5 0:7 131567:8 0:19 131567:4 0:14 131567:4 0:7 131567:2 0:8 131567:5 0:63 131567:4 0:16 131567:4 0:51 131567:5 0:16 131567:1 0:10
C	164	544580	979	0:81 131567:2 0:48 131567:4 0:4 131567:5 0:1 131567:5 0:70 131567:1 0:13 131567:1 0:19 544580:1 0:3 544580:2 0:4 544580:5 0:2 544580:5 0:33 131567:3 0:12 131567:11 0:1 131567:8 0:17 131567:5 0:42 131567:5 0:2 131567:5 0:4 131567:5 0:46 131567:1 0:16 131567:2 0:26 131567:1 0:10 131567:2 0:7 131567:1 0:13 131567:1 0:11 131567:1 0:19 131567:4 0:64 131567:4 0:6 131567:4 0:19 131567:5 0:7 131567:8 0:19 131567:4 0:14 131567:4 0:7 131567:2 0:8 131567:5 0:63 131567:4 0:16 131567:4 0:88
C	165	181762	1161	0:41 490731:3 0:7 490731:5 0:13 490731:1 0:501 4751:2 0:62 181124:1 0:57 5338:5 0:58 131567:5 0:5 131567:9 0:8 131567:5 0:22 131567:4 0:26 131567:5 0:30 131567:2 0:232 181762:5 0:1 181762:1 0:11
C	166	544580	990	0:22 131567:1 0:109 131567:4 0:4 131567:5 0:1 131567:5 0:69 131567:1 0:13 131567:1 0:19 544580:1 0:3 544580:2 0:4 544580:5 0:2 544580:5 0:33 131567:3 0:12 131567:11 0:1 131567:8 0:17 131567:5 0:6 131567:5 0:16 131567:4 0:1 131567:5 0:12 131567:5 0:2 131567:5 0:53 131567:1 0:16 131567:2 0:60 131567:1 0:11 131567:1 0:19 131567:4 0:63 131567:4 0:6 131567:4 0:19 131567:5 0:7 131567:8 0:19 131567:4 0:14 131567:4 0:7 131567:2 0:8 131567:5 0:63 131567:4 0:16 131567:4 0:95
C	167	544580	835	0:64 131567:4 0:58 131567:5 0:8 131567:2 0:49 131567:8 0:7 131567:5 0:19 131567:4 0:6 131567:4 0:64 131567:2 0:19 131567:1 0:11 131567:1 0:13 131567:1 0:7 131567:2 0:10 131567:1 0:91 131567:2 0:4 131567:5 0:2 131567:5 0:12 131567:5 0:1 131567:4 0:16 131567:5 0:6 131567:5 0:17 131567:8 0:1 131567:11 0:12 131567:3 0:49 544580:2 0:3 544580:1 0:156
C	169	544580	516	0:3 131567:1 0:11 131567:1 0:13 131567:1 0:7 131567:2 0:10 131567:1 0:98 131567:5 0:2 131567:5 0:38 131567:5 0:6 131567:5 0:17 131567:8 0:1 131567:11 0:12 131567:3 0:33 544580:5 0:2 544580:5 0:4 544580:2 0:3 544580:1 0:19 131567:1 0:13 131567:1 0:70 131567:5 0:1 131567:5 0:4 131567:4 0:38
C	170	544580	819	0:55 131567:1 0:13 131567:1 0:19 544580:1 0:3 544580:2 0:4 544580:5 0:2 544580:5 0:33 131567:3 0:12 131567:11 0:1 131567:8 0:17 131567:5 0:49 131567:5 0:2 131567:5 0:4 131567:5 0:88 131567:1 0:10 131567:2 0:7 131567:1 0:13 131567:1 0:11 131567:1 0:19 131567:4 0:63 131567:4 0:6 131567:4 0:19 131567:5 0:7 131567:8 0:19 131567:4 0:14 131567:4 0:7 131567:2 0:8 131567:5 0:63 131567:4 0:16 131567:4 0:90
C	171	40324	979	0:2 477697:4 0:352 131567:5 0:13 40324:5 0:72 3273430:5 0:150 2:3 0:15 131567:5 0:20 40324:5 0:20 131567:1 0:13 477697:3 0:56 477697:2 0:194
C	172	3273430	930	0:530 3273430:5 0:172 477697:2 0:187
C	173	544580	517	0:11 131567:1 0:13 131567:1 0:7 131567:2 0:10 131567:1 0:90 131567:5 0:4 131567:5 0:2 131567:5 0:76 131567:3 0:64 544580:5 0:2 544580:5 0:4 544580:2 0:3 544580:1 0:19 131567:1 0:13 131567:1 0:127
C	174	544580	856	131567:3 0:51 131567:4 0:16 131567:4 0:63 131567:5 0:8 131567:2 0:7 131567:4 0:14 131567:4 0:19 131567:8 0:7 131567:5 0:19 131567:4 0:6 131567:4 0:63 131567:4 0:19 131567:1 0:11 131567:1 0:13 131567:1 0:7 131567:2 0:10 131567:1 0:90 131567:5 0:4 131567:5 0:2 131567:5 0:12 131567:5 0:1 131567:4 0:16 131567:5 0:6 131567:5 0:17 131567:8 0:1 131567:11 0:12 131567:3 0:33 544580:5 0:2 544580:5 0:4 544580:2 0:3 544580:1 0:19 131567:1 0:13 131567:1 0:69 131567:5 0:1 131567:5 0:4 131567:4 0:38
C	175	477697	584	0:124 227086:1 0:111 477697:5 0:5 477697:1 0:303
C	176	2	930	0:188 477697:2 0:55 477697:3 0:13 131567:1 0:20 40324:5 0:20 131567:5 0:170 3273430:5 0:92 131567:5 0:3 2:5 0:304
C	177	1224	936	0:318 131567:5 0:15 2:3 0:150 3273430:5 0:72 40324:5 0:13 131567:5 0:3 2:5 0:303
C	178	544580	849	0:45 131567:4 0:16 131567:4 0:63 131567:5 0:8 131567:2 0:7 131567:4 0:14 131567:4 0:19 131567:8 0:7 131567:5 0:19 131567:4 0:6 131567:4 0:64 131567:2 0:54 131567:2 0:10 131567:1 0:90 131567:5 0:4 131567:5 0:2 131567:5 0:12 131567:5 0:1 131567:4 0:16 131567:5 0:6 131567:5 0:17 131567:8 0:1 131567:11 0:12 131567:3 0:33 544580:5 0:2 544580:5 0:4 544580:2 0:3 544580:1 0:19 131567:1 0:13 131567:1 0:86 131567:4 0:38
C	179	284811	970	0:22 131567:1 0:58 131567:2 0:135 131567:1 0:13 131567:1 0:83 131567:11 0:1 131567:8 0:17 131567:5 0:6 131567:5 0:16 131567:4 0:1 131567:5 0:12 131567:5 0:2 131567:5 0:4 131567:5 0:152 131567:3 0:64 131567:4 0:6 131567:4 0:19 131567:5 0:7 131567:8 0:19 131567:4 0:14 131567:4 0:7 131567:2 0:8 131567:5 0:48 284811:5 0:9 131567:4 0:107
C	180	2	1055	0:427 2:5 0:3 131567:5 0:13 40324:5 0:72 3273430:5 0:217 131567:1 0:13 477697:3 0:54 477697:2 0:196
C	181	544580	848	0:46 131567:4 0:16 131567:4 0:74 131567:2 0:25 131567:4 0:19 131567:8 0:7 131567:5 0:19 131567:4 0:6 131567:4 0:63 131567:4 0:19 131567:1 0:11 131567:1 0:13 131567:1 0:7 131567:2 0:10 131567:1 0:26 131567:2 0:16 131567:1 0:55 131567:5 0:2 131567:5 0:103 131567:3 0:33 544580:5 0:2 544580:5 0:4 544580:2 0:3 544580:1 0:19 131567:1 0:13 131567:1 0:70 131567:5 0:1 131567:5 0:4 131567:4 0:38
C	182	544580	847	0:46 131567:4 0:16 131567:4 0:63 131567:5 0:8 131567:2 0:7 131567:4 0:14 131567:4 0:67 131567:4 0:63 131567:4 0:19 131567:1 0:11 131567:1 0:13 131567:1 0:7 131567:2 0:10 131567:1 0:26 131567:2 0:16 131567:1 0:89 131567:2 0:16 131567:5 0:6 131567:5 0:17 131567:8 0:1 131567:11 0:45 544580:5 0:2 544580:5 0:4 544580:2 0:3 544580:1 0:19 131567:1 0:13 131567:1 0:69 131567:5 0:1 131567:5 0:4 131567:4 0:38
C	183	544580	996	0:22 131567:1 0:58 131567:2 0:48 131567:4 0:4 131567:5 0:1 131567:5 0:70 131567:1 0:13 131567:1 0:19 544580:1 0:3 544580:2 0:4 544580:5 0:37 131567:5 0:12 131567:11 0:1 131567:8 0:17 131567:5 0:6 131567:5 0:16 131567:4 0:1 131567:5 0:12 131567:5 0:2 131567:5 0:4 131567:5 0:93 131567:1 0:10 131567:2 0:7 131567:1 0:13 131567:1 0:11 131567:1 0:19 131567:4 0:63 131567:4 0:6 131567:4 0:19 131567:5 0:7 131567:8 0:19 131567:4 0:14 131567:4 0:7 131567:2 0:8 131567:5 0:139 131567:5 0:16 131567:1 0:19 131567:1 0:4
C	184	131567	825	0:167 131567:4 0:53 131567:4 0:6 131567:4 0:83 131567:1 0:31 131567:2 0:10 131567:1 0:145 131567:5 0:6 131567:5 0:48 131567:3 0:73 131567:1 0:13 131567:1 0:69 131567:5 0:1 131567:5 0:4 131567:4 0:37
C	185	544580	977	0:22 131567:1 0:58 131567:2 0:48 131567:4 0:4 131567:5 0:1 131567:5 0:68 131567:1 0:13 131567:1 0:19 544580:1 0:3 544580:2 0:4 544580:5 0:2 544580:5 0:45 131567:11 0:1 131567:8 0:17 131567:5 0:6 131567:5 0:16 131567:4 0:1 131567:5 0:125 131567:1 0:10 131567:2 0:7 131567:1 0:13 131567:1 0:11 131567:1 0:19 131567:4 0:64 131567:4 0:6 131567:4 0:19 131567:5 0:7 131567:8 0:19 131567:4 0:14 131567:4 0:7 131567:2 0:8 131567:5 0:63 131567:4 0:93 131567:1 0:9
C	186	131567	545	0:52 131567:2 0:26 131567:1 0:10 131567:2 0:7 131567:1 0:13 131567:1 0:11 131567:1 0:116 131567:5 0:7 131567:8 0:19 131567:4 0:14 131567:4 0:7 131567:2 0:8 131567:5 0:63 131567:4 0:16 131567:4 0:98
C	188	544580	709	0:46 131567:4 0:16 131567:4 0:64 131567:5 0:8 131567:2 0:62 131567:4 0:19 131567:4 0:6 131567:4 0:62 131567:4 0:30 131567:1 0:13 131567:1 0:7 131567:2 0:10 131567:1 0:26 131567:2 0:16 131567:1 0:46 131567:5 0:4 131567:5 0:2 131567:5 0:48 131567:5 0:17 131567:8 0:1 131567:11 0:12 131567:3 0:33 544580:5 0:2 544580:5 0:4 544580:2 0:3 544580:1 0:24
C	189	544580	845	0:46 131567:4 0:16 131567:4 0:63 131567:5 0:8 131567:2 0:7 131567:4 0:14 131567:4 0:19 131567:8 0:7 131567:5 0:19 131567:4 0:6 131567:4 0:63 131567:4 0:19 131567:1 0:11 131567:1 0:31 131567:1 0:26 131567:1 0:17 131567:1 0:46 131567:5 0:4 131567:5 0:2 131567:5 0:12 131567:5 0:31 131567:5 0:17 131567:8 0:1 131567:11 0:12 131567:3 0:33 544580:5 0:2 544580:5 0:4 544580:2 0:3 544580:1 0:19 131567:1 0:13 131567:1 0:68 131567:5 0:1 131567:5 0:4 131567:4 0:38
C	191	131567	843	0:46 131567:4 0:16 131567:4 0:102 131567:4 0:182 131567:1 0:7 131567:2 0:10 131567:1 0:26 131567:2 0:76 131567:5 0:12 131567:5 0:1 131567:4 0:16 131567:5 0:6 131567:5 0:17 131567:8 0:1 131567:11 0:88 131567:1 0:13 131567:1 0:70 131567:5 0:1 131567:5 0:4 131567:4 0:38
C	192	131567	840	0:48 131567:4 0:16 131567:4 0:63 131567:5 0:35 131567:4 0:32 131567:5 0:19 131567:4 0:6 131567:4 0:63 131567:4 0:19 131567:1 0:11 131567:1 0:13 131567:1 0:7 131567:2 0:10 131567:1 0:86 131567:2 0:4 131567:5 0:2 131567:5 0:12 131567:5 0:1 131567:4 0:16 131567:5 0:35 131567:12 0:173 131567:5 0:1 131567:5 0:4 131567:4 0:38
C	193	544580	992	0:129 131567:4 0:4 131567:5 0:1 131567:5 0:69 131567:1 0:13 131567:1 0:19 544580:1 0:3 544580:2 0:4 544580:5 0:2 544580:5 0:33 131567:3 0:12 131567:11 0:1 131567:8 0:17 131567:5 0:6 131567:5 0:16 131567:4 0:1 131567:5 0:124 131567:1 0:10 131567:2 0:7 131567:1 0:13 131567:1 0:11 131567:1 0:92 498019:4 0:85 131567:2 0:75 131567:4 0:16 131567:4 0:51 131567:5 0:16 131567:1 0:19 131567:1 0:12
C	194	131567	844	0:66 131567:4 0:62 131567:5 0:8 131567:2 0:7 131567:4 0:38 131567:8 0:7 131567:5 0:19 131567:4 0:6 131567:4 0:84 131567:1 0:33 131567:2 0:10 131567:1 0:102 131567:5 0:112 131567:3 0:73 131567:1 0:13 131567:1 0:120
C	195	477697	952	0:188 477697:2 0:55 477697:3 0:13 131567:1 0:18 131567:7 2:6 0:14 131567:5 0:15 2:3 0:22 2:1 0:128 3273430:5 0:60 227086:1 0:29 131567:5 0:3 2:5 0:16 477697:5 0:5 477697:1 0:302
C	196	544580	980	0:22 131567:1 0:58 131567:2 0:48 131567:4 0:4 131567:5 0:1 131567:5 0:70 131567:1 0:13 131567:1 0:19 544580:1 0:3 544580:2 0:4 544580:5 0:2 544580:5 0:33 131567:3 0:12 131567:11 0:1 131567:5 0:30 131567:5 0:39 131567:5 0:2 131567:5 0:4 131567:5 0:46 131567:1 0:16 131567:2 0:26 131567:1 0:10 131567:2 0:7 131567:1 0:13 131567:1 0:11 131567:1 0:19 131567:4 0:70 131567:4 0:19 131567:5 0:7 131567:8 0:19 131567:4 0:14 131567:4 0:7 131567:2 0:8 131567:5 0:63 131567:4 0:16 131567:4 0:51 131567:5 0:16 131567:1 0:13
C	197	5144	760	0:153 332648:2 0:2 716545:1 0:22 131567:2 0:13 131567:5 0:4 716546:3 0:34 716546:2 0:9 716546:1 0:43 131567:6 0:170 716546:5 0:1 131567:3 5144:5 0:28 131567:1 0:16 131567:5 0:7 131567:4 0:10 131567:2 0:5 716546:4 0:158
C	198	332648	904	0:21 131567:3 0:228 716546:4 0:5 131567:2 0:10 131567:4 0:7 131567:5 0:16 131567:1 0:99 37727:1 0:113 131567:6 0:98 131567:5 0:13 131567:2 0:22 716545:1 0:2 332648:2 0:200
C	199	544580	984	0:22 131567:1 0:58 131567:2 0:168 544580:1 0:3 544580:2 0:4 544580:5 0:2 544580:5 0:33 131567:3 0:12 131567:11 0:1 131567:8 0:17 131567:5 0:6 131567:5 0:16 131567:4 0:1 131567:5 0:12 131567:5 0:2 131567:5 0:4 131567:5 0:92 131567:1 0:10 131567:2 0:7 131567:1 0:13 131567:1 0:11 131567:1 0:19 131567:4 0:72 131567:4 0:19 131567:5 0:7 131567:8 0:19 131567:4 0:14 131567:4 0:7 131567:2 0:8 131567:5 0:63 131567:4 0:16 131567:4 0:90
C	200	544580	843	0:45 131567:4 0:16 131567:4 0:75 131567:2 0:7 131567:4 0:14 131567:4 0:19 131567:8 0:7 131567:5 0:97 131567:4 0:19 131567:1 0:11 131567:1 0:13 131567:1 0:7 131567:2 0:10 131567:1 0:85 131567:5 0:4 131567:5 0:2 131567:5 0:12 131567:5 0:1 131567:4 0:51 131567:6 0:1 131567:11 0:12 131567:3 0:33 544580:5 0:2 544580:5 0:4 544580:2 0:3 544580:1 0:19 131567:1 0:13 131567:1 0:70 131567:5 0:1 131567:5 0:4 131567:4 0:38
C	201	544580	978	0:22 131567:1 0:58 131567:2 0:48 131567:4 0:4 131567:5 0:1 131567:5 0:102 544580:2 0:4 544580:5 0:2 544580:5 0:33 131567:3 0:12 131567:11 0:1 131567:8 0:17 131567:5 0:27 131567:4 0:1 131567:5 0:12 131567:5 0:2 131567:5 0:4 131567:5 0:46 131567:1 0:16 131567:2 0:26 131567:1 0:10 131567:2 0:7 131567:1 0:13 131567:1 0:11 131567:1 0:19 131567:4 0:73 131567:3 0:19 131567:5 0:7 131567:8 0:19 131567:4 0:14 131567:4 0:7 131567:2 0:75 131567:4 0:16 131567:4 0:89
C	202	181762	1192	0:541 2759:4 0:56 4751:2 0:63 181124:1 0:59 5338:3 0:58 131567:5 0:5 131567:9 0:8 131567:5 0:86 131567:2 0:233 181762:5 0:1 181762:1 0:11
C	204	477697	1282	0:266 477697:5 0:12 131567:4 0:18 477697:4 0:345 2:5 0:97 3273430:5 0:150 2:3 0:40 40324:5 0:20 131567:1 0:13 477697:3 0:55 477697:2 0:195
C	205	569360	798	0:9 569360:5 0:179 5144:2 0:9 5125:5 0:15 131567:5 0:261 716546:5 0:1 131567:3 5144:5 0:28 131567:1 0:16 131567:5 0:5 716545:1 0:204
C	207	181762	1055	0:8 181762:1 0:1 181762:5 0:236 131567:2 0:59 131567:3 0:23 131567:5 0:8 131567:9 0:5 131567:5 0:117 181124:1 0:61 4751:2 0:56 131567:1 0:10 131567:3 0:400
C	208	2	554	0:25 3273430:5 0:153 2:3 0:65 131567:1 0:13 477697:3 0:55 477697:2 0:195
C	210	544580	534	0:43 131567:5 0:1 131567:5 0:70 131567:1 0:13 131567:1 0:19 544580:1 0:3 544580:2 0:4 544580:5 0:2 544580:5 0:33 131567:3 0:12 131567:11 0:1 131567:8 0:17 131567:5 0:6 131567:5 0:16 131567:4 0:1 131567:5 0:12 131567:5 0:2 131567:5 0:4 131567:5 0:64 131567:1 0:26 131567:1 0:10 131567:2 0:7 131567:1 0:13 131567:1 0:11 131567:1 0:22
C	211	544580	909	0:287 40324:5 0:77 131567:4 0:64 131567:1 0:26 131567:2 0:16 131567:1 0:62 131567:5 0:50 131567:5 0:17 131567:8 0:1 131567:11 0:12 131567:5 0:32 544580:5 0:2 544580:5 0:4 544580:2 0:3 544580:1 0:19 131567:1 0:13 131567:1 0:71 131567:5 0:1 131567:5 0:4 131567:4 0:38
C	212	544580	849	0:47 131567:4 0:16 131567:4 0:63 131567:5 0:8 131567:2 0:7 131567:4 0:14 131567:4 0:19 131567:8 0:7 131567:5 0:19 131567:4 0:6 131567:4 0:63 131567:4 0:45 131567:1 0:7 131567:2 0:10 131567:1 0:40 131567:1 0:62 131567:5 0:41 131567:5 0:6 131567:5 0:17 131567:7 0:60 544580:5 0:2 544580:5 0:4 544580:2 0:3 544580:1 0:19 131567:1 0:13 131567:1 0:70 131567:5 0:1 131567:5 0:4 131567:4 0:38
C	214	181762	1060	0:8 181762:1 0:1 181762:5 0:236 5125:5 0:25 131567:5 0:26 131567:4 0:22 131567:5 0:8 131567:9 0:5 131567:5 0:235 131567:1 0:10 131567:3 0:407
C	216	544580	847	0:44 131567:5 0:16 131567:4 0:63 131567:5 0:8 131567:2 0:7 131567:4 0:14 131567:5 0:36 131567:4 0:19 131567:4 0:6 131567:4 0:63 131567:4 0:19 131567:1 0:12 1071383:5 0:28 131567:2 0:116 131567:5 0:1 131567:4 0:16 131567:5 0:6 131567:5 0:17 131567:2 0:69 544580:5 0:2 544580:5 0:4 544580:2 0:3 544580:1 0:19 131567:1 0:13 131567:1 0:70 131567:5 0:1 131567:5 0:4 131567:4 0:38
C	217	544580	851	0:46 131567:4 0:16 131567:4 0:63 131567:5 0:8 131567:2 0:7 131567:4 0:37 131567:7 0:7 131567:5 0:19 131567:4 0:6 131567:4 0:86 131567:1 0:11 131567:1 0:13 131567:1 0:7 131567:2 0:10 131567:1 0:93 131567:5 0:4 131567:5 0:2 131567:5 0:12 131567:5 0:1 131567:4 0:16 131567:5 0:6 131567:5 0:17 131567:8 0:1 131567:11 0:12 131567:3 0:33 544580:5 0:2 544580:5 0:4 544580:2 0:3 544580:1 0:19 131567:1 0:13 131567:1 0:70 131567:5 0:1 131567:5 0:4 131567:4 0:38
C	218	544580	909	0:127 131567:4 0:63 131567:5 0:8 131567:2 0:7 131567:4 0:14 131567:4 0:19 131567:8 0:7 131567:5 0:19 131567:4 0:6 131567:4 0:63 131567:4 0:19 131567:1 0:11 131567:1 0:13 131567:1 0:7 131567:2 0:10 131567:1 0:26 131567:2 0:16 131567:1 0:46 131567:5 0:4 131567:5 0:2 131567:5 0:12 131567:5 0:1 131567:4 0:16 131567:5 0:6 131567:5 0:17 131567:8 0:1 131567:11 0:12 131567:3 0:33 544580:5 0:2 544580:5 0:4 544580:2 0:3 544580:1 0:19 131567:1 0:13 131567:1 0:69 131567:5 0:1 131567:5 0:4 131567:4 0:37
C	219	3273430	988	0:271 131567:7 2:6 0:14 131567:5 0:15 2:3 0:146 3273430:5 0:60 227086:1 0:29 131567:5 0:3 2:5 0:379
C	220	181762	1064	0:8 181762:1 0:1 181762:5 0:233 131567:2 0:35 2:1 508771:8 0:17 131567:4 0:22 131567:5 0:8 131567:9 0:5 131567:5 0:58 5338:3 0:59 181124:1 0:62 4751:2 0:56 131567:1 0:10 131567:3 0:406
C	221	2	921	0:188 477697:2 0:55 477697:3 0:13 131567:1 0:43 131567:5 0:168 3273430:5 0:404
C	222	544580	844	0:62 131567:4 0:86 131567:4 0:14 131567:4 0:19 131567:8 0:7 131567:5 0:19 131567:4 0:6 131567:4 0:63 131567:4 0:19 131567:1 0:11 131567:1 0:13 131567:1 0:7 131567:2 0:10 131567:1 0:26 131567:2 0:16 131567:1 0:46 131567:5 0:4 131567:5 0:2 131567:5 0:12 131567:5 0:1 131567:4 0:16 131567:5 0:6 131567:5 0:17 131567:4 0:28 131567:5 0:31 544580:5 0:2 544580:5 0:4 544580:2 0:3 544580:1 0:101 131567:5 0:1 131567:5 0:4 131567:4 0:38
C	223	544580	849	0:49 131567:4 0:16 131567:4 0:66 131567:5 0:8 131567:2 0:7 131567:4 0:14 131567:4 0:19 131567:8 0:7 131567:5 0:19 131567:4 0:6 131567:4 0:109 131567:1 0:7 131567:2 0:10 131567:1 0:104 131567:5 0:12 131567:5 0:1 131567:4 0:16 131567:5 0:6 131567:5 0:17 131567:8 0:1 131567:11 0:12 131567:3 0:33 544580:5 0:2 544580:5 0:4 544580:2 0:3 544580:1 0:19 131567:1 0:13 131567:1 0:69 131567:5 0:1 131567:5 0:4 131567:4 0:38
C	224	544580	969	0:141 131567:5 0:1 131567:5 0:65 131567:1 0:13 131567:1 0:19 544580:1 0:3 544580:2 0:4 544580:5 0:2 544580:5 0:33 131567:3 0:81 131567:5 0:12 131567:5 0:3 131567:5 0:52 131567:1 0:16 131567:2 0:68 131567:1 0:84 131567:4 0:6 131567:4 0:19 131567:5 0:7 131567:8 0:19 131567:4 0:14 131567:4 0:7 131567:2 0:188
C	225	544580	522	0:22 131567:1 0:58 131567:2 0:48 131567:4 0:4 131567:5 0:1 131567:5 0:70 131567:1 0:13 131567:1 0:19 544580:1 0:3 544580:2 0:4 544580:5 0:2 544580:5 0:33 131567:3 0:12 131567:11 0:1 131567:8 0:17 131567:5 0:6 131567:5 0:16 131567:4 0:1 131567:5 0:12 131567:5 0:2 131567:5 0:4 131567:5 0:52
C	226	1423913	1083	0:236 1423913:5 0:6 131567:2 0:30 131567:5 0:26 131567:4 0:110 5338:3 0:119 4751:2 0:56 131567:1 0:10 131567:3 0:431
C	228	544580	980	0:82 131567:2 0:63 131567:5 0:70 131567:1 0:13 131567:1 0:19 544580:1 0:3 544580:2 0:4 544580:5 0:2 544580:5 0:45 131567:11 0:1 131567:8 0:17 131567:5 0:6 131567:5 0:16 131567:4 0:1 131567:5 0:12 131567:5 0:2 131567:5 0:4 131567:5 0:126 131567:1 0:11 131567:1 0:19 131567:4 0:63 131567:4 0:6 131567:4 0:19 131567:5 0:7 131567:8 0:19 131567:4 0:14 131567:4 0:7 131567:2 0:8 131567:5 0:84 131567:4 0:82
C	229	544580	848	0:46 131567:4 0:16 131567:5 0:62 131567:5 0:8 131567:2 0:7 131567:4 0:14 131567:4 0:32 131567:5 0:19 131567:4 0:74 131567:4 0:19 131567:1 0:11 131567:1 0:13 131567:1 0:7 131567:2 0:10 131567:1 0:43 131567:1 0:62 131567:5 0:12 131567:5 0:1 131567:4 0:49 131567:8 0:1 131567:11 0:12 131567:3 0:33 544580:5 0:2 544580:5 0:4 544580:2 0:3 544580:1 0:19 131567:1 0:13 131567:1 0:70 131567:5 0:1 131567:5 0:4 131567:4 0:38
C	230	544580	847	0:45 131567:4 0:16 131567:4 0:63 131567:5 0:8 131567:2 0:7 131567:4 0:38 131567:7 0:104 131567:4 0:19 131567:1 0:11 131567:1 0:13 131567:1 0:7 131567:2 0:10 131567:1 0:26 131567:2 0:16 131567:1 0:46 131567:5 0:4 131567:5 0:2 131567:5 0:39 131567:5 0:6 131567:5 0:17 131567:8 0:63 544580:5 0:2 544580:5 0:4 544580:2 0:3 544580:1 0:19 131567:1 0:13 131567:1 0:70 131567:5 0:1 131567:5 0:4 131567:4 0:36
C	231	1224	685	0:14 470:1 0:5 470:1 0:390 2:5 0:3 131567:5 0:13 40324:5 0:72 3273430:5 0:132
C	232	544580	983	0:22 131567:4 0:55 131567:2 0:48 131567:4 0:4 131567:5 0:1 131567:5 0:70 131567:1 0:13 131567:1 0:19 544580:1 0:3 544580:2 0:4 544580:5 0:2 544580:5 0:33 131567:3 0:12 131567:11 0:1 131567:8 0:65 131567:5 0:2 131567:5 0:4 131567:5 0:46 131567:1 0:16 131567:2 0:26 131567:1 0:10 131567:2 0:7 131567:1 0:13 131567:1 0:11 131567:1 0:19 131567:4 0:63 131567:4 0:6 131567:4 0:19 131567:5 0:7 131567:8 0:19 131567:4 0:14 131567:4 0:7 131567:2 0:8 131567:5 0:63 131567:4 0:16 131567:4 0:92
C	233	40324	928	0:190 477697:2 0:55 477697:3 0:13 131567:1 0:20 40324:5 0:191 3273430:5 0:72 40324:5 0:13 131567:5 0:3 2:5 0:306
C	234	544580	977	0:22 131567:1 0:108 131567:4 0:4 131567:5 0:1 131567:5 0:103 544580:1 0:3 544580:2 0:4 544580:5 0:2 544580:5 0:45 131567:11 0:1 131567:8 0:17 131567:5 0:6 131567:5 0:16 131567:4 0:1 131567:5 0:12 131567:5 0:2 131567:5 0:4 131567:5 0:46 131567:1 0:16 131567:2 0:60 131567:1 0:11 131567:1 0:19 131567:4 0:64 131567:4 0:6 131567:4 0:19 131567:5 0:7 131567:8 0:19 131567:4 0:14 131567:4 0:7 131567:2 0:8 131567:5 0:63 131567:4 0:16 131567:4 0:83
C	235	131567	833	0:126 131567:5 0:8 131567:2 0:7 131567:4 0:14 131567:4 0:138 131567:4 0:19 131567:1 0:44 131567:1 0:26 131567:2 0:117 131567:5 0:6 131567:5 0:17 131567:8 0:1 131567:11 0:88 131567:3 0:133
C	236	1042133	730	0:84 5144:2 0:16 5125:5 0:103 147550:5 0:163 716546:5 0:1 131567:5 0:2 222543:1 0:7 131567:1 0:22 1042133:4 0:1 1042133:3 0:7 131567:5 0:5 131567:1 0:15 500148:2 0:231
C	238	477697	997	0:2 477697:4 0:343 477697:1 0:5 477697:5 0:16 2:5 0:3 131567:5 0:29 227086:1 0:60 3273430:5 0:124 2:1 0:22 2:3 0:15 131567:5 0:14 2:6 131567:7 0:18 131567:1 0:13 477697:1 0:57 477697:2 0:190
C	240	5302	1163	0:104 181762:5 0:221 1423913:5 0:6 131567:2 0:30 131567:5 0:26 131567:4 0:41 131567:4 0:5 131567:5 0:121 181124:1 0:62 4751:2 0:480
C	241	544580	844	0:61 131567:4 0:63 131567:5 0:8 131567:2 0:7 131567:4 0:14 131567:4 0:19 131567:8 0:7 131567:5 0:19 131567:4 0:6 131567:4 0:63 131567:4 0:45 131567:5 0:3 131567:2 0:10 131567:1 0:26 131567:2 0:16 131567:1 0:46 131567:5 0:4 131567:5 0:2 131567:5 0:73 131567:6 0:1 131567:11 0:12 131567:3 0:33 544580:5 0:2 544580:5 0:4 544580:2 0:3 544580:1 0:19 131567:1 0:13 131567:1 0:69 131567:5 0:1 131567:5 0:4 131567:4 0:38
C	242	544580	988	0:22 131567:1 0:58 131567:2 0:48 131567:4 0:4 131567:5 0:1 131567:5 0:69 131567:1 0:13 131567:1 0:19 544580:1 0:3 544580:2 0:4 544580:5 0:2 544580:5 0:45 131567:11 0:1 131567:8 0:17 131567:5 0:6 131567:5 0:16 131567:4 0:1 131567:5 0:12 131567:5 0:2 131567:5 0:4 131567:5 0:46 131567:1 0:16 131567:2 0:26 131567:1 0:10 131567:2 0:7 131567:1 0:13 131567:1 0:11 131567:1 0:19 131567:4 0:63 131567:4 0:6 131567:4 0:19 131567:5 0:7 131567:8 0:19 131567:4 0:14 131567:4 0:7 131567:2 0:8 131567:5 0:63 131567:4 0:115
C	243	544580	967	0:22 131567:1 0:105 131567:4 0:4 131567:5 0:76 131567:1 0:13 131567:1 0:19 544580:1 0:3 544580:2 0:4 544580:5 0:2 544580:5 0:33 131567:3 0:78 131567:5 0:12 131567:5 0:161 131567:4 0:74 131567:4 0:19 131567:5 0:7 131567:8 0:19 131567:4 0:14 131567:4 0:7 131567:2 0:8 131567:5 0:63 131567:4 0:16 131567:4 0:54 131567:3 0:16 131567:1 0:18
C	244	544580	847	0:46 131567:4 0:16 131567:4 0:64 131567:5 0:8 131567:2 0:7 131567:4 0:14 131567:4 0:19 131567:8 0:7 131567:5 0:19 131567:4 0:72 131567:4 0:31 131567:1 0:13 131567:1 0:7 131567:2 0:10 131567:1 0:26 131567:2 0:16 131567:1 0:44 131567:5 0:4 131567:5 0:2 131567:5 0:12 131567:5 0:1 131567:4 0:16 131567:5 0:6 131567:5 0:17 131567:8 0:1 131567:11 0:12 131567:3 0:33 544580:5 0:2 544580:5 0:4 544580:2 0:3 544580:1 0:19 131567:1 0:13 131567:1 0:69 131567:5 0:1 131567:5 0:4 131567:4 0:38
C	245	5125	790	0:180 5144:2 0:9 5125:5 0:2 5125:5 0:52 715340:3 0:220 716546:5 0:1 131567:3 5144:5 0:28 131567:1 0:16 131567:5 0:214
C	246	544580	1059	0:161 131567:2 0:62 131567:5 0:65 131567:1 0:13 131567:1 0:19 544580:1 0:3 544580:2 0:4 544580:5 0:2 544580:5 0:33 131567:3 0:12 131567:11 0:1 131567:8 0:17 131567:5 0:6 131567:5 0:16 131567:4 0:1 131567:5 0:12 131567:5 0:2 131567:5 0:4 131567:5 0:154 131567:4 0:63 131567:4 0:6 131567:4 0:19 131567:5 0:7 131567:8 0:19 131567:4 0:14 131567:4 0:7 131567:2 0:8 131567:5 0:63 131567:4 0:16 131567:4 0:90
C	248	544580	851	0:46 131567:4 0:16 131567:4 0:63 131567:5 0:8 131567:2 0:7 131567:4 0:14 131567:4 0:19 131567:8 0:7 131567:5 0:19 131567:4 0:73 131567:4 0:19 131567:1 0:11 131567:1 0:13 131567:1 0:7 131567:2 0:10 131567:1 0:26 131567:2 0:16 131567:1 0:46 131567:5 0:4 131567:5 0:2 131567:5 0:86 131567:6 0:12 131567:3 0:33 544580:5 0:2 544580:5 0:4 544580:2 0:3 544580:1 0:19 131567:1 0:13 131567:1 0:70 131567:5 0:1 131567:5 0:4 131567:4 0:38
C	249	544580	1049	0:161 42260:5 131567:1 0:48 131567:4 0:4 131567:5 0:1 131567:5 0:64 131567:1 0:13 131567:1 0:19 544580:1 0:3 544580:2 0:4 544580:5 0:2 544580:5 0:33 131567:3 0:12 131567:11 0:1 131567:8 0:49 131567:4 0:1 131567:5 0:12 131567:5 0:2 131567:5 0:4 131567:5 0:46 131567:1 0:16 131567:2 0:60 131567:1 0:11 131567:1 0:19 131567:4 0:63 131567:4 0:6 131567:4 0:19 131567:5 0:7 131567:8 0:19 131567:4 0:14 131567:4 0:7 131567:2 0:8 131567:5 0:63 131567:4 0:16 131567:4 0:74
C	250	544580	973	0:167 131567:4 0:16 131567:4 0:76 131567:2 0:7 131567:4 0:52 131567:4 0:29 131567:4 0:63 131567:4 0:19 131567:1 0:11 131567:1 0:13 131567:1 0:7 131567:2 0:10 131567:1 0:92 131567:5 0:4 131567:5 0:2 131567:5 0:39 131567:5 0:6 131567:5 0:17 131567:3 0:66 544580:5 0:2 544580:5 0:4 544580:2 0:3 544580:1 0:19 131567:1 0:13 131567:1 0:70 131567:5 0:1 131567:5 0:4 131567:4 0:38
C	251	131567	989	0:81 131567:2 0:48 131567:5 0:84 131567:1 0:13 131567:1 0:73 131567:3 0:50 131567:5 0:6 131567:5 0:16 131567:4 0:1 131567:5 0:12 131567:5 0:2 131567:5 0:4 131567:5 0:92 131567:1 0:10 131567:2 0:7 131567:1 0:13 131567:1 0:11 131567:1 0:19 131567:4 0:72 131567:4 0:19 131567:5 0:7 131567:8 0:19 131567:4 0:14 131567:4 0:7 131567:2 0:8 131567:5 0:63 131567:4 0:72 131567:5 0:16 131567:1 0:18
C	252	544580	849	0:46 131567:4 0:16 131567:2 0:64 131567:5 0:8 131567:2 0:7 131567:4 0:14 131567:4 0:34 131567:4 0:19 131567:4 0:6 131567:4 0:63 131567:4 0:19 131567:1 0:11 131567:1 0:13 131567:1 0:7 131567:2 0:10 131567:1 0:44 131567:1 0:46 131567:5 0:4 131567:5 0:2 131567:5 0:39 131567:5 0:6 131567:5 0:17 131567:8 0:1 131567:11 0:12 131567:3 0:33 544580:5 0:2 544580:5 0:4 544580:2 0:3 544580:1 0:19 131567:1 0:13 131567:1 0:70 131567:5 0:1 131567:5 0:4 131567:4 0:38
C	254	569360	906	0:299 716545:1 0:5 131567:5 0:16 131567:1 0:28 5144:5 131567:3 0:1 716546:5 0:167 147550:5 0:32 716546:1 0:51 716546:3 0:4 131567:5 0:8 5125:5 0:2 5125:5 0:9 5144:2 0:184 569360:5 0:13 5144:2
C	255	477697	943	0:240 477697:3 0:13 131567:1 0:18 131567:7 2:6 0:14 131567:5 0:15 2:3 0:22 2:1 0:123 3273430:5 0:60 227086:1 0:29 131567:5 0:3 2:5 0:16 477697:5 0:5 477697:1 0:303
C	256	477697	995	0:2 477697:4 0:346 477697:5 0:16 2:5 0:3 131567:5 0:29 227086:1 0:60 3273430:5 0:128 2:1 0:22 2:3 0:15 131567:5 0:14 2:6 131567:7 0:89 477697:2 0:188
C	257	131567	706	0:165 131567:2 0:48 131567:4 0:4 131567:5 0:1 131567:5 0:67 131567:1 0:13 131567:1 0:34 544580:5 0:33 131567:3 0:12 131567:11 0:1 131567:8 0:17 131567:5 0:6 45151:5 0:19 131567:5 0:12 131567:5 0:11 131567:5 0:48 131567:1 0:16 131567:2 0:26 131567:1 0:10 131567:2 0:7 131567:1 0:13 131567:1 0:11 131567:1 0:19
C	258	544580	972	0:79 131567:2 0:58 131567:5 0:63 131567:1 0:13 131567:1 0:19 544580:1 0:3 544580:2 0:4 544580:5 0:92 131567:5 0:6 131567:5 0:16 131567:4 0:1 131567:5 0:12 131567:5 0:137 131567:1 0:11 131567:1 0:153 131567:4 0:14 131567:4 0:7 131567:2 0:8 131567:5 0:141 131567:5 0:16 131567:1 0:21
C	259	544580	846	0:45 131567:4 0:83 131567:5 0:8 131567:2 0:7 131567:4 0:37 131567:8 0:7 131567:5 0:19 131567:4 0:6 131567:5 0:61 131567:4 0:19 131567:1 0:11 131567:1 0:13 131567:1 0:7 131567:2 0:10 131567:1 0:26 131567:2 0:16 131567:1 0:77 131567:5 0:1 131567:4 0:16 131567:5 0:6 131567:5 0:17 131567:8 0:1 131567:11 0:12 131567:3 0:33 544580:5 0:2 544580:5 0:4 544580:2 0:3 544580:1 0:19 131567:1 0:13 131567:1 0:71 131567:5 0:51
C	260	477697	1003	0:287 131567:7 2:6 0:14 131567:5 0:15 2:2 0:268 477697:5 0:5 477697:1 0:354
C	261	544580	841	0:46 131567:4 0:16 131567:4 0:63 131567:5 0:8 131567:2 0:67 2916678:5 0:88 131567:4 0:19 131567:1 0:11 131567:1 0:13 131567:1 0:7 131567:2 0:10 131567:1 0:88 131567:5 0:4 131567:5 0:2 131567:5 0:48 131567:5 0:17 131567:8 0:59 544580:5 0:2 544580:5 0:4 544580:2 0:3 544580:1 0:19 131567:1 0:13 131567:1 0:70 131567:5 0:1 131567:5 0:4 131567:4 0:38
C	262	477697	954	0:191 477697:2 0:55 477697:3 0:13 131567:1 0:18 131567:7 2:6 0:14 131567:5 0:15 2:3 0:22 2:1 0:127 3273430:5 0:60 227086:1 0:29 131567:5 0:3 2:5 0:16 477697:5 0:5 477697:1 0:302
C	264	544580	1276	0:281 131567:5 0:38 131567:1 0:58 131567:2 0:48 131567:4 0:4 131567:5 0:1 131567:5 0:102 544580:1 0:3 544580:2 0:4 544580:5 0:2 544580:5 0:45 131567:11 0:1 131567:8 0:17 131567:5 0:6 131567:5 0:16 131567:4 0:1 131567:5 0:12 131567:5 0:2 131567:5 0:4 131567:5 0:46 131567:1 0:16 131567:2 0:26 131567:1 0:10 131567:2 0:7 131567:1 0:13 131567:1 0:11 131567:1 0:19 131567:4 0:63 131567:4 0:6 131567:4 0:19 131567:5 0:7 131567:8 0:19 131567:4 0:14 131567:4 0:7 131567:2 0:8 131567:5 0:63 131567:4 0:16 131567:4 0:51 131567:5 0:16 131567:1 0:9
C	265	5144	760	0:182 131567:2 0:13 131567:5 0:4 716546:3 0:34 716546:2 0:52 131567:6 0:113 37727:1 0:56 716546:5 0:1 131567:3 5144:5 0:28 131567:1 0:16 131567:5 0:7 131567:4 0:10 131567:2 0:5 716546:4 0:157
C	266	544580	970	0:22 131567:1 0:58 131567:2 0:48 131567:4 0:4 131567:5 0:1 131567:5 0:70 131567:1 0:13 131567:1 0:19 544580:1 0:3 544580:2 0:4 544580:5 0:2 544580:5 0:33 131567:3 0:12 131567:11 0:1 131567:8 0:17 131567:5 0:6 131567:5 0:37 131567:5 0:2 131567:5 0:4 131567:5 0:46 131567:1 0:16 131567:2 0:55 1071383:5 0:2 1071383:2 0:8 131567:1 0:19 131567:4 0:63 131567:4 0:6 131567:4 0:19 131567:5 0:7 131567:8 0:19 131567:4 0:14 131567:4 0:7 131567:2 0:8 131567:5 0:46 284811:5 0:9 131567:4 0:16 131567:4 0:77
C	267	2759	1240	0:474 131567:5 0:38 2759:5 2545709:3 0:1 2545709:2 0:259 131567:2 0:7 131567:2 0:22 353152:5 0:381
C	268	544580	844	0:42 131567:5 0:16 131567:4 0:61 131567:5 0:8 131567:2 0:83 131567:5 0:6 131567:4 0:63 131567:4 0:19 131567:1 0:11 131567:1 0:13 131567:1 0:7 131567:2 0:10 131567:1 0:105 131567:5 0:12 131567:5 0:1 131567:4 0:121 544580:5 0:2 544580:5 0:4 544580:2 0:3 544580:1 0:161
C	269	569360	809	0:9 569360:5 0:202 5125:5 0:8 131567:5 0:4 716546:3 0:51 716546:1 0:32 147550:5 0:167 716546:5 0:1 131567:3 5144:5 0:28 131567:1 0:16 131567:5 0:5 716545:1 0:208
C	270	544580	720	0:17 131567:5 0:8 131567:2 0:7 131567:4 0:14 131567:4 0:19 131567:8 0:7 131567:5 0:19 131567:4 0:6 131567:4 0:51 131567:5 0:9 131567:4 0:19 131567:1 0:11 131567:1 0:13 131567:1 0:7 131567:2 0:10 131567:1 0:26 131567:2 0:16 131567:1 0:48 131567:2 0:4 131567:5 0:2 131567:5 0:39 131567:5 0:6 131567:5 0:17 131567:8 0:1 131567:11 0:12 131567:3 0:33 544580:5 0:2 544580:5 0:4 544580:2 0:3 544580:1 0:19 131567:1 0:13 131567:1 0:69 131567:5 0:1 131567:5 0:4 131567:4 0:23
C	271	544580	1027	0:61 131567:4 0:101 131567:4 0:4 131567:5 0:1 131567:5 0:81 131567:1 0:19 544580:1 0:3 544580:2 0:4 544580:5 0:2 544580:5 0:33 131567:3 0:12 131567:11 0:1 131567:8 0:17 131567:5 0:6 131567:5 0:16 131567:4 0:1 131567:5 0:12 131567:5 0:2 131567:5 0:4 131567:5 0:124 131567:1 0:11 131567:1 0:87 131567:4 0:6 131567:4 0:19 131567:5 0:7 131567:8 0:19 131567:4 0:14 131567:4 0:7 131567:2 0:8 131567:5 0:185
C	272	5125	870	0:260 5144:2 0:9 5125:5 0:2 5125:5 0:8 131567:5 0:4 716546:3 0:51 716546:1 0:203 716546:5 0:1 131567:3 5144:5 0:28 131567:1 0:16 131567:5 0:5 716545:1 0:208
C	273	544580	846	0:46 131567:4 0:16 131567:4 0:61 131567:5 0:60 131567:8 0:7 131567:5 0:19 131567:4 0:6 131567:4 0:87 131567:1 0:11 131567:1 0:33 131567:2 0:86 131567:5 0:4 131567:5 0:2 131567:5 0:12 131567:5 0:1 131567:4 0:16 131567:5 0:6 131567:5 0:17 131567:8 0:1 131567:11 0:12 131567:3 0:33 544580:5 0:2 544580:5 0:4 544580:2 0:3 544580:1 0:19 131567:1 0:13 131567:1 0:69 131567:5 0:1 131567:5 0:4 131567:4 0:38
C	274	544580	895	0:46 131567:4 0:16 131567:4 0:63 131567:5 0:8 131567:2 0:7 131567:4 0:14 131567:4 0:19 131567:8 0:7 131567:5 0:19 131567:4 0:6 131567:4 0:63 131567:4 0:19 131567:1 0:11 131567:1 0:13 131567:1 0:7 131567:2 0:10 131567:1 0:27 131567:1 0:63 131567:5 0:4 131567:5 0:2 131567:5 0:39 131567:5 0:6 131567:5 0:17 131567:8 0:1 131567:11 0:12 131567:3 0:33 544580:5 0:2 544580:5 0:4 544580:2 0:3 544580:1 0:19 131567:1 0:13 131567:1 0:70 131567:5 0:1 131567:5 0:4 131567:4 0:48 131567:1 0:33
C	275	40324	975	0:2 477697:4 0:341 2:5 0:3 131567:5 0:13 40324:5 0:72 3273430:5 0:150 2:3 0:41 40324:5 0:20 131567:1 0:13 477697:3 0:55 477697:2 0:193
C	276	477697	952	0:185 477697:2 0:55 477697:3 0:13 131567:1 0:18 131567:7 2:4 0:37 2:3 0:22 2:1 0:127 3273430:5 0:61 227086:1 0:29 131567:5 0:3 2:5 0:16 477697:5 0:5 477697:1 0:304
C	277	569360	904	0:2 1760811:4 0:42 131567:1 147550:2 0:246 716545:1 0:5 131567:5 0:16 131567:1 0:28 5144:5 131567:3 0:1 716546:5 0:167 147550:5 0:32 716546:1 0:51 716546:3 0:4 131567:5 0:8 5125:5 0:2 5125:5 0:9 5144:2 0:184 569360:5 0:13 5144:2
C	279	181762	1155	0:39 490731:3 0:7 490731:5 0:446 131567:3 0:10 131567:1 0:55 4751:2 0:62 181124:1 0:59 5338:3 0:140 131567:5 0:30 131567:2 0:231 181762:5 0:1 181762:1 0:10
C	280	3273430	947	0:187 477697:2 0:55 477697:3 0:13 131567:1 0:20 40324:5 0:86 3273430:5 0:103 3273430:5 0:102 2:5 0:321
C	281	181762	1059	0:8 181762:1 0:1 181762:5 0:226 131567:2 0:30 131567:5 0:26 131567:4 0:22 131567:5 0:8 131567:9 0:68 5338:3 0:59 181124:1 0:62 4751:2 0:56 131567:1 0:10 131567:3 0:408
C	282	544580	844	0:46 131567:4 0:16 131567:4 0:63 131567:5 0:8 131567:2 0:7 131567:4 0:14 131567:4 0:19 131567:8 0:7 131567:5 0:19 131567:4 0:6 131567:4 0:63 131567:4 0:19 131567:1 0:11 131567:1 0:13 131567:1 0:7 131567:2 0:10 131567:1 0:26 131567:2 0:16 131567:1 0:45 131567:5 0:4 131567:5 0:2 131567:5 0:12 131567:5 0:1 131567:4 0:16 131567:5 0:6 131567:5 0:17 131567:3 0:82 544580:1 0:19 131567:1 0:13 131567:1 0:69 131567:5 0:1 131567:5 0:4 131567:4 0:38
C	283	40324	929	0:189 477697:2 0:55 477697:3 0:13 131567:1 0:20 40324:5 0:271 40324:5 0:13 131567:5 0:3 2:5 0:305
C	284	1268659	878	0:191 1268659:5 0:22 131567:5 0:13 131567:5 0:9 131567:2 0:12 131567:2 0:18 131567:4 0:56 55193:2 0:178 131567:5 0:58 131567:1 0:256
C	285	544580	851	0:47 131567:4 0:16 131567:4 0:63 131567:5 0:8 131567:2 0:25 131567:4 0:19 131567:8 0:7 131567:5 0:19 131567:4 0:6 131567:4 0:63 131567:3 0:19 131567:1 0:11 131567:1 0:13 131567:1 0:7 131567:2 0:10 131567:1 0:26 131567:2 0:16 131567:1 0:46 131567:5 0:4 131567:5 0:2 131567:5 0:74 131567:1 0:65 544580:5 0:2 544580:5 0:4 544580:2 0:3 544580:1 0:19 131567:1 0:13 131567:1 0:70 131567:5 0:1 131567:5 0:4 131567:4 0:38
C	286	544580	844	0:46 131567:4 0:16 131567:4 0:63 131567:5 0:8 131567:2 0:7 131567:4 0:14 131567:4 0:133 131567:4 0:19 131567:1 0:11 131567:1 0:13 131567:1 0:7 131567:2 0:10 131567:1 0:44 131567:1 0:46 131567:5 0:4 131567:5 0:2 131567:5 0:39 131567:5 0:6 131567:5 0:17 131567:8 0:1 131567:11 0:12 131567:3 0:33 544580:5 0:2 544580:5 0:4 544580:2 0:3 544580:1 0:19 131567:1 0:13 131567:1 0:65 131567:5 0:1 131567:5 0:4 131567:4 0:38
C	287	3273430	952	0:279 131567:7 2:6 0:35 2:3 0:22 2:1 0:49 3273430:2 0:79 3273430:5 0:60 227086:1 0:29 131567:5 0:3 2:5 0:16 477697:5 0:5 477697:1 0:300
C	288	181762	1063	0:8 181762:1 0:1 181762:5 0:228 131567:5 0:30 131567:5 0:26 131567:4 0:22 131567:5 0:8 131567:9 0:5 131567:5 0:119 181124:1 0:61 4751:2 0:56 131567:1 0:10 131567:3 0:409
C	289	477697	954	0:188 477697:2 0:89 131567:7 0:1 2:5 0:36 2:3 0:22 2:1 0:126 3273430:5 0:90 131567:5 0:3 2:5 0:16 477697:5 0:5 477697:1 0:305
C	290	544580	873	0:92 131567:2 0:63 131567:5 0:8 131567:2 0:7 131567:4 0:14 131567:4 0:34 131567:4 0:19 131567:4 0:6 131567:4 0:99 131567:1 0:13 131567:1 0:7 131567:2 0:10 131567:1 0:160 131567:5 0:17 131567:8 0:1 131567:11 0:12 131567:3 0:33 544580:5 0:2 544580:5 0:4 544580:2 0:3 544580:1 0:19 131567:1 0:13 131567:1 0:70 131567:5 0:1 131567:5 0:4 131567:4 0:38
C	291	544580	987	0:22 131567:1 0:58 131567:2 0:57 131567:5 0:1 131567:5 0:104 544580:1 0:3 544580:2 0:4 544580:5 0:2 544580:5 0:48 131567:11 0:1 131567:8 0:17 131567:5 0:6 131567:5 0:16 131567:4 0:1 131567:5 0:80 131567:1 0:16 131567:2 0:38 131567:2 0:7 131567:1 0:13 131567:1 0:11 131567:1 0:19 131567:4 0:65 131567:4 0:6 131567:4 0:19 131567:5 0:7 131567:8 0:19 131567:4 0:14 131567:4 0:7 131567:2 0:8 131567:5 0:63 131567:4 0:16 131567:4 0:85
C	292	544580	824	0:37 131567:1 0:13 131567:1 0:19 544580:1 0:3 544580:2 0:4 544580:5 0:2 544580:5 0:33 131567:3 0:12 131567:11 0:1 131567:8 0:17 131567:5 0:6 131567:5 0:16 131567:4 0:1 131567:5 0:68 131567:1 0:85 131567:5 0:86 131567:4 0:6 131567:4 0:19 131567:5 0:7 131567:8 0:19 131567:4 0:14 131567:4 0:7 131567:2 0:8 131567:5 0:85 131567:4 0:120
C	293	40324	967	0:234 477697:2 0:54 477697:3 0:13 131567:1 0:20 40324:5 0:266 40324:5 0:13 131567:5 0:3 2:5 0:304
C	294	544580	990	0:129 131567:4 0:4 131567:5 0:1 131567:5 0:69 131567:1 0:13 131567:1 0:19 544580:1 0:3 544580:2 0:4 544580:5 0:2 544580:5 0:33 131567:3 0:12 131567:11 0:1 131567:8 0:17 131567:5 0:6 131567:5 0:16 131567:4 0:1 131567:5 0:12 131567:5 0:2 131567:5 0:4 131567:5 0:46 131567:1 0:16 131567:2 0:26 131567:1 0:10 131567:2 0:7 131567:1 0:13 131567:1 0:11 131567:1 0:19 131567:4 0:63 131567:4 0:6 131567:4 0:19 131567:5 0:7 131567:8 0:19 131567:4 0:14 131567:4 0:7 131567:2 0:77 131567:4 0:16 131567:4 0:92 131567:1 0:2
C	295	5144	758	0:152 332648:2 0:2 716545:1 0:22 131567:2 0:13 131567:5 0:4 716546:3 0:34 716546:2 0:9 716546:1 0:44 131567:6 0:113 37727:1 0:56 716546:5 0:1 131567:3 5144:5 0:28 131567:1 0:16 131567:5 0:7 131567:4 0:10 131567:2 0:5 716546:4 0:156
C	296	544580	843	0:133 131567:5 0:8 131567:2 0:7 131567:4 0:14 131567:4 0:59 131567:4 0:6 131567:4 0:60 131567:5 0:19 131567:1 0:11 131567:1 0:13 131567:1 0:7 131567:2 0:10 131567:1 0:88 131567:5 0:55 131567:5 0:6 131567:5 0:17 131567:8 0:1 131567:3 0:54 544580:5 0:2 544580:5 0:4 544580:2 0:3 544580:1 0:19 131567:1 0:13 131567:1 0:70 131567:5 0:1 131567:5 0:4 131567:4 0:36
C	297	544580	991	0:22 131567:1 0:104 131567:4 0:4 131567:5 0:1 131567:5 0:69 131567:1 0:13 131567:1 0:19 544580:1 0:3 544580:2 0:4 544580:5 0:2 544580:5 0:33 131567:3 0:12 131567:11 0:1 131567:8 0:17 131567:5 0:6 131567:5 0:16 131567:4 0:1 131567:5 0:12 131567:5 0:2 131567:5 0:4 131567:5 0:46 131567:1 0:17 131567:1 0:26 131567:1 0:10 131567:2 0:7 131567:1 0:13 131567:1 0:11 131567:1 0:19 131567:4 0:63 131567:4 0:6 131567:4 0:19 131567:5 0:7 131567:7 0:38 131567:4 0:7 131567:2 0:8 131567:5 0:63 131567:4 0:16 131567:4 0:92 131567:1 0:6
C	298	131567	816	0:126 131567:5 0:8 131567:2 0:7 131567:4 0:14 131567:4 0:19 131567:8 0:7 131567:5 0:19 131567:4 0:6 131567:4 0:59 131567:4 0:61 131567:1 0:83 131567:2 0:52 131567:5 0:6 131567:5 0:17 131567:8 0:1 131567:11 0:171 131567:5 0:1 131567:5 0:4 131567:4 0:35
C	299	477697	951	0:185 477697:2 0:55 477697:3 0:13 131567:1 0:18 131567:7 2:6 0:14 131567:5 0:15 2:3 0:241 131567:5 0:3 2:5 0:16 477697:5 0:5 477697:1 0:309
C	300	181762	1063	0:8 181762:1 0:1 181762:5 0:233 131567:2 0:30 131567:5 0:26 131567:4 0:22 131567:5 0:8 131567:9 0:64 5338:3 0:59 181124:1 0:62 4751:2 0:56 131567:1 0:10 131567:3 0:409
C	301	544580	977	0:22 131567:1 0:58 131567:2 0:48 131567:4 0:4 131567:5 0:1 131567:5 0:69 131567:1 0:13 131567:1 0:19 544580:1 0:3 544580:2 0:4 544580:5 0:2 544580:5 0:33 131567:3 0:12 131567:6 0:59 131567:4 0:1 131567:5 0:12 131567:5 0:2 131567:5 0:4 131567:5 0:44 131567:1 0:16 131567:2 0:26 131567:1 0:10 131567:2 0:7 131567:1 0:13 131567:1 0:11 131567:1 0:19 131567:4 0:64 131567:4 0:6 131567:4 0:19 131567:5 0:7 131567:8 0:49 131567:2 0:8 131567:5 0:83 131567:4 0:85
C	302	477697	951	0:188 477697:2 0:55 477697:3 0:13 131567:1 0:18 131567:7 2:6 0:14 131567:5 0:15 2:3 0:22 2:1 0:129 3273430:5 0:60 227086:1 0:29 131567:5 0:3 2:5 0:16 477697:5 0:5 477697:1 0:300
C	303	569360	810	0:10 569360:5 0:200 5125:5 0:8 131567:5 0:91 147550:5 0:167 716546:5 0:1 131567:3 5144:5 0:28 131567:1 0:16 131567:5 0:5 716545:1 0:210
C	304	544580	1064	0:22 131567:1 0:58 131567:2 0:48 131567:4 0:4 131567:5 0:1 131567:5 0:69 131567:1 0:13 131567:1 0:19 544580:1 0:3 544580:2 0:4 544580:5 0:2 544580:5 0:33 131567:3 0:12 131567:11 0:1 131567:8 0:17 131567:5 0:6 131567:5 0:16 131567:4 0:1 131567:5 0:12 131567:5 0:2 131567:5 0:4 131567:5 0:46 131567:1 0:16 131567:2 0:105 131567:5 0:6 131567:2 0:3 131567:5 0:12 131567:5 0:1 131567:4 0:16 131567:5 0:41 131567:5 0:12 131567:3 0:50 544580:2 0:3 544580:1 0:105 131567:5 0:1 131567:5 0:4 131567:4 0:120
C	305	544580	965	0:22 131567:1 0:58 131567:2 0:48 131567:4 0:4 131567:5 0:1 131567:5 0:65 131567:1 0:13 131567:1 0:19 544580:1 0:3 544580:2 0:4 544580:5 0:2 544580:5 0:33 131567:3 0:12 131567:11 0:1 131567:8 0:50 131567:4 0:1 131567:5 0:12 131567:5 0:2 131567:5 0:4 131567:5 0:84 131567:1 0:10 131567:2 0:7 131567:1 0:13 131567:1 0:11 131567:1 0:19 131567:4 0:94 131567:5 0:7 131567:8 0:19 131567:4 0:14 131567:4 0:7 131567:2 0:8 131567:5 0:82 131567:4 0:82
C	306	1268659	874	0:74 1268:1 0:116 1268659:5 0:26 131567:2 0:13 131567:5 0:9 131567:2 0:12 131567:2 0:18 131567:4 0:54 55193:2 0:177 131567:5 0:36 131567:1 0:3 131567:5 0:3 131567:5 0:5 131567:1 0:254
C	307	181762	878	0:111 181124:2 0:93 181762:5 0:3 181762:1 0:49 131567:5 0:9 131567:2 0:12 131567:2 0:18 131567:4 0:22 131567:5 0:84 5338:3 0:21 456999:2 0:137 131567:1 0:3 131567:5 0:3 131567:5 0:5 131567:1 0:10 131567:3 0:218
C	308	544580	988	0:22 131567:1 0:107 131567:4 0:83 131567:1 0:13 131567:1 0:19 544580:1 0:3 544580:2 0:4 544580:5 0:57 131567:6 0:40 131567:5 0:40 131567:5 0:2 131567:5 0:136 131567:1 0:11 131567:1 0:19 131567:4 0:97 131567:4 0:34 131567:4 0:14 131567:4 0:7 131567:2 0:8 131567:5 0:63 131567:4 0:16 131567:4 0:51 131567:5 0:34
C	309	544580	849	0:47 131567:4 0:16 131567:4 0:62 131567:5 0:8 131567:2 0:7 131567:4 0:14 131567:4 0:38 2916678:5 0:12 131567:4 0:6 131567:4 0:86 131567:1 0:11 131567:1 0:13 131567:1 0:7 131567:2 0:10 131567:1 0:93 131567:5 0:4 131567:5 0:2 131567:5 0:12 131567:5 0:1 131567:4 0:16 131567:5 0:6 131567:5 0:17 131567:8 0:1 131567:11 0:12 131567:3 0:33 544580:5 0:2 544580:5 0:4 544580:2 0:3 544580:1 0:19 131567:1 0:13 131567:1 0:70 131567:5 0:1 131567:5 0:4 131567:4 0:38
C	310	5144	797	0:217 131567:2 0:13 131567:5 0:4 716546:3 0:34 716546:2 0:9 716546:1 0:43 131567:6 0:113 37727:1 0:56 716546:5 0:1 131567:3 5144:5 0:28 131567:1 0:16 131567:5 0:7 131567:4 0:10 131567:2 0:5 716546:4 0:158
C	311	544580	986	0:21 588596:2 1071380:3 0:33 42260:2 0:78 131567:5 0:1 131567:5 0:70 131567:1 0:13 131567:1 0:19 544580:1 0:3 544580:2 0:4 544580:5 0:2 544580:5 0:48 131567:11 0:1 131567:8 0:17 131567:5 0:29 131567:5 0:12 131567:5 0:2 131567:5 0:4 131567:5 0:93 131567:1 0:10 131567:2 0:7 131567:1 0:13 131567:1 0:11 131567:1 0:19 131567:4 0:63 131567:4 0:6 131567:4 0:19 131567:5 0:7 131567:8 0:19 131567:4 0:14 131567:4 0:7 131567:2 0:8 131567:5 0:63 131567:4 0:110
C	312	544580	534	0:36 131567:4 0:4 131567:5 0:1 131567:5 0:69 131567:1 0:13 131567:1 0:19 544580:1 0:3 544580:2 0:4 544580:5 0:2 544580:5 0:33 131567:3 0:12 131567:11 0:1 131567:8 0:17 131567:5 0:6 131567:5 0:16 131567:4 0:1 131567:5 0:12 131567:5 0:2 131567:5 0:4 131567:5 0:46 131567:1 0:16 131567:2 0:26 131567:1 0:10 131567:2 0:7 131567:1 0:13 131567:1 0:11 131567:1 0:19 131567:3
C	313	477697	947	0:279 131567:7 2:6 0:14 131567:5 0:15 2:3 0:22 2:1 0:191 227086:1 0:29 131567:5 0:3 2:5 0:16 477697:5 0:5 477697:1 0:300
C	314	544580	884	0:83 131567:4 0:16 131567:4 0:63 131567:5 0:8 131567:2 0:7 131567:4 0:14 131567:4 0:19 131567:8 0:7 131567:5 0:19 131567:4 0:6 131567:4 0:64 131567:4 0:19 131567:1 0:11 131567:1 0:13 131567:1 0:7 131567:2 0:10 131567:1 0:26 131567:2 0:16 131567:1 0:60 131567:5 0:12 131567:5 0:1 131567:4 0:16 131567:5 0:6 131567:5 0:17 131567:7 0:59 544580:5 0:2 544580:5 0:4 544580:2 0:3 544580:1 0:19 131567:1 0:13 131567:1 0:70 131567:5 0:1 131567:5 0:4 131567:4 0:38
C	315	477697	949	0:184 477697:2 0:55 477697:3 0:13 131567:1 0:18 131567:7 2:6 0:14 131567:5 0:15 2:3 0:22 2:1 0:126 3273430:5 0:60 227086:1 0:29 131567:5 0:3 2:5 0:16 477697:5 0:5 477697:1 0:305
C	316	5125	803	0:197 5144:2 0:9 5125:5 0:2 5125:5 0:8 131567:5 0:4 716546:3 0:28 131567:2 0:222 716546:5 0:1 131567:3 5144:5 0:28 131567:1 0:16 131567:5 0:5 716545:1 0:207
C	317	477697	955	0:193 477697:2 0:55 477697:3 0:13 131567:1 0:18 131567:7 2:6 0:14 131567:5 0:15 2:3 0:22 2:1 0:127 3273430:1 0:66 227086:1 0:29 131567:5 0:3 2:5 0:326
C	318	477697	996	0:352 477697:1 0:5 477697:5 0:16 2:5 0:99 3273430:5 0:150 2:3 0:30 2:5 131567:7 0:18 131567:1 0:70 477697:5 0:185
C	319	5144	890	0:23 131567:3 0:225 716546:4 0:5 131567:2 0:10 131567:4 0:7 131567:5 0:40 5144:5 131567:3 0:1 716546:5 0:56 37727:1 0:114 181124:5 0:88 716546:3 0:4 131567:5 0:13 131567:2 0:22 716545:1 0:2 332648:2 0:196
C	320	40324	977	477697:3 0:344 2:5 0:3 131567:5 0:13 40324:5 0:72 3273430:5 0:150 2:3 0:15 131567:5 0:20 40324:5 0:20 131567:1 0:13 477697:3 0:55 477697:2 0:196
C	322	2	928	0:188 477697:2 0:55 477697:3 0:13 131567:1 0:20 40324:5 0:20 131567:5 0:169 3273430:5 0:90 131567:5 0:3 2:5 0:305
C	323	2	922	0:185 477697:2 0:55 477697:3 0:13 131567:1 0:20 40324:5 0:20 131567:5 0:164 3273430:5 0:95 2:5 0:310
C	324	477697	956	0:131 43927:1 0:58 477697:2 0:56 477697:3 0:13 131567:1 0:18 131567:7 2:6 0:14 131567:5 0:13 2:1 0:154 3273430:5 0:61 227086:1 0:29 131567:5 0:3 2:5 0:16 477697:5 0:5 477697:1 0:303
C	325	477697	993	0:2 477697:4 0:471 3273430:5 0:127 2:1 0:22 2:3 0:15 131567:5 0:14 2:6 131567:7 0:18 131567:1 0:71 477697:2 0:185
C	326	544580	982	0:22 131567:1 0:191 131567:1 0:13 131567:1 0:19 544580:1 0:3 544580:2 0:4 544580:5 0:2 544580:5 0:30 131567:5 0:12 131567:11 0:1 131567:5 0:30 131567:5 0:16 131567:4 0:1 131567:5 0:12 131567:5 0:62 131567:1 0:44 131567:1 0:10 131567:2 0:7 131567:1 0:13 131567:1 0:11 131567:1 0:19 131567:4 0:65 131567:4 0:6 131567:4 0:19 131567:4 0:36 131567:4 0:14 131567:4 0:7 131567:2 0:8 131567:5 0:63 131567:4 0:16 131567:4 0:51 131567:5 0:16 131567:1 0:17
C	327	544580	847	0:46 131567:4 0:16 131567:4 0:60 131567:5 0:8 131567:2 0:7 131567:4 0:53 131567:4 0:19 131567:4 0:6 131567:4 0:63 131567:4 0:19 131567:1 0:11 131567:1 0:13 131567:1 0:7 131567:2 0:10 131567:1 0:26 131567:2 0:64 131567:5 0:4 131567:5 0:2 131567:5 0:12 131567:5 0:1 131567:4 0:16 131567:5 0:6 131567:5 0:17 131567:8 0:1 131567:6 0:17 131567:3 0:33 544580:5 0:2 544580:5 0:4 544580:2 0:3 544580:1 0:19 131567:1 0:13 131567:1 0:69 131567:5 0:1 131567:5 0:4 131567:4 0:38
C	328	477697	999	0:2 477697:4 0:346 477697:1 0:5 477697:5 0:16 2:5 0:3 131567:5 0:243 2:3 0:327
C	329	544580	892	0:91 131567:4 0:16 131567:4 0:84 131567:4 0:14 131567:4 0:19 131567:8 0:7 131567:5 0:19 131567:4 0:74 131567:4 0:19 131567:1 0:11 131567:1 0:13 131567:1 0:7 131567:2 0:10 131567:1 0:148 131567:5 0:6 131567:5 0:17 131567:8 0:1 131567:11 0:12 131567:3 0:33 544580:5 0:2 544580:5 0:4 544580:2 0:3 544580:1 0:19 131567:1 0:13 131567:1 0:69 131567:5 0:1 131567:5 0:4 131567:4 0:38
C	330	477697	951	0:188 477697:2 0:55 477697:3 0:40 2:2 0:58 2:1 0:131 3273430:5 0:60 227086:1 0:29 131567:5 0:3 2:5 0:16 477697:5 0:5 477697:1 0:302
C	332	544580	844	0:45 131567:4 0:16 131567:4 0:63 131567:5 0:8 131567:2 0:7 131567:4 0:14 131567:4 0:32 131567:5 0:19 131567:4 0:6 131567:4 0:63 131567:4 0:19 131567:1 0:11 131567:1 0:13 131567:1 0:7 131567:2 0:10 131567:1 0:26 131567:2 0:16 131567:1 0:46 131567:5 0:4 131567:5 0:2 131567:5 0:12 131567:5 0:1 131567:4 0:16 131567:5 0:6 131567:5 0:17 131567:8 0:1 131567:11 0:12 131567:3 0:33 544580:5 0:2 544580:5 0:4 544580:2 0:3 544580:1 0:19 131567:1 0:13 131567:1 0:66 131567:5 0:1 131567:5 0:4 131567:4 0:39
C	333	544580	991	0:22 131567:1 0:59 131567:2 0:48 131567:4 0:4 131567:5 0:1 131567:5 0:70 131567:1 0:13 131567:1 0:19 544580:1 0:3 544580:2 0:4 544580:5 0:2 544580:5 0:33 131567:3 0:12 131567:11 0:1 131567:8 0:17 131567:5 0:6 131567:5 0:16 131567:4 0:1 131567:5 0:79 131567:1 0:16 131567:2 0:26 131567:1 0:10 131567:2 0:7 131567:1 0:13 131567:1 0:11 131567:1 0:19 131567:4 0:63 131567:4 0:6 131567:4 0:19 131567:5 0:7 131567:8 0:19 131567:4 0:14 131567:4 0:7 131567:2 0:8 131567:5 0:140 131567:5 0:16 131567:1 0:18
C	334	2	942	0:186 477697:2 0:55 477697:3 0:34 40324:5 0:9 168172:6 0:25 2:3 0:243 131567:5 0:8 131567:3 0:321
C	335	477697	933	0:142 477697:5 0:39 477697:2 0:55 477697:3 0:13 131567:1 0:20 40324:5 0:82 3273430:5 0:202 131567:5 0:8 131567:3 0:309
C	336	181762	1069	0:8 181762:1 0:1 181762:5 0:231 131567:2 0:30 131567:5 0:26 131567:4 0:19 181124:5 0:232 5204:3 0:39 131567:1 0:10 131567:3 0:410
C	337	1224	928	0:245 477697:3 0:60 131567:5 0:15 2:3 0:150 3273430:5 0:72 40324:5 0:13 131567:5 0:3 2:5 0:305
C	338	477697	1330	0:311 131567:4 0:18 477697:4 0:412 227086:1 0:60 3273430:5 0:128 2:1 0:22 2:3 0:15 131567:5 0:14 2:6 131567:7 0:92 477697:2 0:186
C	339	544580	846	0:47 131567:4 0:158 131567:5 0:19 131567:4 0:6 131567:4 0:63 131567:4 0:19 131567:1 0:11 131567:1 0:182 131567:5 0:6 131567:5 0:17 131567:8 0:1 131567:6 0:54 544580:5 0:2 544580:5 0:4 544580:2 0:3 544580:1 0:103 131567:5 0:1 131567:5 0:4 131567:4 0:38
C	340	181124	762	0:7 131567:3 0:23 131567:5 0:8 131567:9 0:5 131567:5 0:58 5338:3 0:59 181124:1 0:61 4751:2 0:56 131567:1 0:10 131567:3 0:409
C	341	5125	804	0:198 5144:2 0:9 5125:5 0:2 5125:5 0:8 131567:5 0:4 716546:3 0:251 716546:5 0:1 131567:3 5144:5 0:28 131567:1 0:16 131567:5 0:5 716545:1 0:208
C	342	544580	841	0:46 131567:4 0:16 131567:4 0:62 131567:5 0:8 131567:2 0:7 131567:4 0:73 131567:4 0:6 131567:4 0:86 131567:1 0:43 131567:1 0:26 131567:2 0:16 131567:1 0:106 131567:5 0:6 131567:5 0:17 131567:8 0:1 131567:11 0:12 131567:5 0:30 544580:5 0:36 131567:1 0:13 131567:1 0:69 131567:5 0:1 131567:5 0:4 131567:4 0:36
C	343	3273430	988	0:2 477697:2 0:36 1884633:1 0:323 2:5 0:3 131567:5 0:92 3273430:5 0:104 3273430:5 0:41 2:3 0:25 131567:5 0:17 508771:1 0:17 131567:1 0:13 477697:3 0:54 477697:2 0:189
C	344	40324	927	0:189 477697:2 0:91 40324:5 0:20 131567:2 0:172 3273430:5 0:72 40324:5 0:13 131567:5 0:3 2:5 0:304
C	345	332648	528	0:228 332648:2 0:25 131567:2 0:13 131567:5 0:4 716546:3 0:34 716546:2 0:9 716546:1 0:43 131567:6 0:117
C	346	2231603	895	0:67 147550:2 0:6 147550:1 0:35 1279085:1 0:177 716545:1 0:5 131567:5 0:15 131567:5 0:9 131567:4 0:4 131567:1 0:7 716545:1 0:2 131567:5 0:1 716546:5 0:11 2231603:3 0:28 131567:2 0:3 5125:2 0:4 5125:5 0:27 222543:5 0:15 5125:1 232080:2 0:53 147550:1 0:15 5125:5 0:28 716546:1 0:9 716546:2 0:66 4751:4 5125:1 0:6 147550:2 0:5 147550:2 0:9 5455:4 0:103 72144:5 0:71 147550:2
C	347	544580	847	0:45 131567:4 0:16 131567:4 0:122 131567:7 0:7 131567:5 0:19 131567:4 0:6 131567:4 0:63 131567:3 0:21 226230:4 0:21 131567:1 0:47 131567:2 0:82 131567:5 0:12 131567:5 0:1 131567:4 0:16 131567:5 0:6 131567:5 0:87 544580:5 0:2 544580:5 0:4 544580:2 0:3 544580:1 0:105 131567:5 0:1 131567:5 0:4 131567:4 0:34
C	348	544580	845	0:66 131567:4 0:125 131567:8 0:7 131567:5 0:19 131567:4 0:6 131567:4 0:83 131567:1 0:11 131567:1 0:59 131567:2 0:16 131567:1 0:56 131567:5 0:2 131567:5 0:39 131567:5 0:6 131567:5 0:17 131567:4 0:63 544580:5 0:2 544580:5 0:4 544580:2 0:3 544580:1 0:19 131567:1 0:13 131567:1 0:70 131567:5 0:1 131567:5 0:4 131567:4 0:37
C	349	544580	984	0:22 131567:1 0:58 131567:2 0:48 131567:4 0:4 131567:5 0:1 131567:5 0:70 131567:1 0:49 544580:5 0:33 131567:3 0:12 131567:7 0:29 131567:5 0:6 131567:5 0:16 131567:4 0:1 131567:5 0:12 131567:5 0:2 131567:5 0:4 131567:5 0:46 131567:1 0:16 131567:2 0:26 131567:1 0:10 131567:2 0:7 131567:1 0:13 131567:1 0:11 131567:1 0:19 131567:4 0:78 131567:4 0:19 131567:5 0:7 131567:8 0:19 131567:4 0:14 131567:4 0:7 131567:2 0:8 131567:5 0:63 131567:4 0:16 131567:4 0:69 131567:1 0:14
C	350	40324	929	0:187 477697:2 0:55 477697:3 0:13 131567:1 0:20 40324:5 0:195 3273430:5 0:72 40324:5 0:13 131567:5 0:3 2:5 0:306
C	351	544580	982	0:22 131567:1 0:108 131567:4 0:4 131567:5 0:1 131567:5 0:69 131567:1 0:13 131567:1 0:19 544580:1 0:3 544580:2 0:4 544580:5 0:2 544580:5 0:33 131567:3 0:12 131567:11 0:1 131567:8 0:17 131567:5 0:6 131567:5 0:16 131567:1 0:21 131567:5 0:62 131567:1 0:16 131567:2 0:26 131567:1 0:10 131567:2 0:7 131567:1 0:13 131567:1 0:11 131567:1 0:19 131567:4 0:71 498019:4 0:19 131567:5 0:7 131567:8 0:19 131567:4 0:215
C	352	2	1277	0:264 477697:5 0:382 2:5 0:3 131567:5 0:13 40324:5 0:270 40324:5 0:20 131567:1 0:13 477697:3 0:55 477697:2 0:192
C	354	544580	985	0:81 131567:2 0:48 131567:4 0:4 131567:5 0:1 131567:5 0:69 131567:1 0:13 131567:1 0:38 544580:5 0:33 131567:3 0:12 131567:7 0:29 131567:5 0:6 131567:5 0:16 131567:4 0:1 131567:5 0:12 131567:5 0:2 131567:5 0:4 131567:5 0:46 131567:1 0:16 131567:2 0:26 131567:1 0:10 131567:2 0:7 131567:1 0:13 131567:1 0:11 131567:1 0:19 131567:4 0:63 131567:4 0:6 131567:4 0:19 131567:5 0:7 131567:8 0:19 131567:4 0:14 131567:4 0:7 131567:2 0:8 131567:5 0:139 131567:5 0:16 131567:1 0:14
C	355	477697	984	0:2 477697:4 0:342 2:5 0:3 131567:5 0:93 3273430:5 0:150 2:3 0:15 131567:5 0:20 40324:5 0:20 131567:1 0:13 477697:3 0:55 477697:2 0:199
C	357	544580	978	0:22 131567:1 0:108 131567:4 0:4 131567:5 0:1 131567:5 0:70 131567:1 0:13 131567:1 0:19 544580:1 0:3 544580:2 0:4 544580:5 0:2 544580:5 0:33 131567:3 0:12 131567:11 0:1 131567:8 0:17 131567:5 0:6 131567:5 0:16 131567:4 0:1 131567:5 0:12 131567:5 0:63 131567:1 0:16 131567:2 0:59 131567:1 0:11 131567:1 0:19 131567:4 0:95 131567:5 0:7 131567:8 0:19 131567:4 0:35 131567:5 0:63 131567:4 0:16 131567:4 0:51 131567:5 0:16 131567:1 0:9
C	358	544580	836	0:39 131567:4 0:16 131567:4 0:63 131567:5 0:8 131567:2 0:7 131567:4 0:14 131567:4 0:19 131567:8 0:7 131567:5 0:19 131567:4 0:6 131567:4 0:57 131567:4 0:19 131567:1 0:31 131567:2 0:10 131567:1 0:26 131567:2 0:16 131567:1 0:46 131567:5 0:4 131567:5 0:46 131567:5 0:6 131567:5 0:17 131567:8 0:1 131567:11 0:12 131567:3 0:33 544580:5 0:2 544580:5 0:4 544580:2 0:3 544580:1 0:19 131567:1 0:13 131567:1 0:70 131567:5 0:1 131567:5 0:4 131567:4 0:38
C	359	181762	862	0:200 181762:5 0:3 181762:1 0:49 131567:5 0:9 131567:2 0:12 131567:2 0:18 131567:4 0:22 131567:5 0:8 131567:9 0:5 131567:5 0:58 5338:3 0:149 131567:1 0:3 131567:5 0:3 131567:5 0:5 131567:1 0:10 131567:3 0:218
C	360	544580	1024	0:130 131567:4 0:4 131567:5 0:1 131567:5 0:102 544580:1 0:3 544580:2 0:4 544580:5 0:2 544580:5 0:33 131567:3 0:12 131567:8 0:29 131567:5 0:6 131567:5 0:16 131567:4 0:1 131567:5 0:12 131567:5 0:2 131567:5 0:4 131567:5 0:46 131567:1 0:16 131567:2 0:26 131567:1 0:10 131567:2 0:52 131567:4 0:72 131567:4 0:19 131567:5 0:53 131567:4 0:7 131567:2 0:8 131567:5 0:65 131567:2 0:16 131567:4 0:131
C	361	181124	994	0:341 131567:1 0:5 131567:5 0:3 131567:5 0:3 131567:1 0:36 131567:5 0:208 181124:5 0:41 131567:2 0:12 131567:2 0:22 4751:5 0:24 131567:1 0:233
C	362	544580	825	0:46 131567:4 0:16 131567:4 0:63 131567:5 0:8 131567:2 0:7 131567:4 0:14 131567:4 0:34 131567:5 0:19 131567:4 0:6 131567:4 0:75 131567:1 0:11 131567:1 0:13 131567:1 0:7 131567:2 0:10 131567:1 0:121 131567:1 0:16 131567:5 0:6 131567:5 0:17 131567:8 0:1 131567:11 0:12 131567:3 0:33 544580:5 0:2 544580:5 0:4 544580:2 0:3 544580:1 0:19 131567:1 0:13 131567:1 0:68 131567:5 0:1 131567:5 0:4 131567:4 0:38
C	363	544580	1033	0:64 131567:1 0:56 131567:2 0:48 131567:4 0:4 131567:5 0:1 131567:5 0:70 131567:1 0:13 131567:1 0:19 544580:1 0:3 544580:2 0:4 544580:5 0:2 544580:5 0:46 131567:11 0:1 131567:8 0:17 131567:5 0:6 131567:5 0:16 131567:4 0:1 131567:5 0:12 131567:5 0:2 131567:5 0:4 131567:5 0:46 131567:1 0:16 131567:2 0:26 131567:1 0:10 131567:2 0:56 131567:4 0:99 131567:5 0:7 131567:8 0:19 131567:4 0:14 131567:4 0:7 131567:2 0:8 131567:5 0:63 131567:4 0:16 131567:4 0:92
C	364	544580	980	0:22 131567:1 0:58 131567:2 0:134 131567:1 0:13 131567:1 0:19 544580:1 0:3 544580:2 0:4 544580:5 0:2 544580:5 0:45 131567:11 0:1 131567:8 0:17 131567:5 0:6 131567:5 0:16 131567:4 0:1 131567:5 0:12 131567:5 0:63 131567:1 0:16 131567:2 0:26 131567:1 0:10 131567:2 0:7 131567:1 0:13 131567:1 0:11 131567:1 0:19 131567:4 0:63 131567:4 0:6 131567:4 0:19 131567:5 0:7 131567:8 0:19 131567:4 0:14 131567:4 0:7 131567:2 0:8 131567:5 0:84 131567:4 0:51 131567:5 0:16 131567:1 0:14
C	365	5144	796	0:186 332648:2 0:2 716545:1 0:22 131567:2 0:13 131567:5 0:4 716546:3 0:42 716546:4 0:43 131567:6 0:170 716546:5 0:1 131567:3 5144:5 0:77 716546:4 0:162
C	366	544580	956	0:41 4893:5 0:65 131567:4 0:4 131567:5 0:1 131567:5 0:69 131567:1 0:13 131567:1 0:19 544580:1 0:3 544580:2 0:4 544580:5 0:2 544580:5 0:33 131567:3 0:12 131567:11 0:1 131567:8 0:17 131567:5 0:6 131567:5 0:16 131567:4 0:1 131567:5 0:12 131567:5 0:2 131567:5 0:4 131567:5 0:90 131567:1 0:10 131567:2 0:7 131567:1 0:13 131567:1 0:11 131567:1 0:19 131567:4 0:95 131567:5 0:7 131567:8 0:19 131567:4 0:14 131567:4 0:7 131567:2 0:8 131567:5 0:63 131567:4 0:16 131567:4 0:51 131567:5 0:16 131567:1 0:9
C	367	40324	1007	0:270 477697:5 0:55 477697:3 0:13 131567:1 0:20 40324:5 0:20 131567:5 0:15 2:3 0:152 3273430:5 0:72 40324:5 0:13 131567:5 0:3 2:5 0:298
C	368	544580	880	0:101 131567:4 0:82 131567:4 0:14 131567:4 0:67 131567:4 0:63 131567:4 0:19 131567:1 0:11 131567:1 0:13 131567:1 0:7 131567:2 0:10 131567:1 0:26 131567:2 0:16 131567:1 0:54 131567:5 0:2 131567:5 0:48 131567:5 0:17 131567:8 0:1 131567:11 0:12 131567:3 0:33 544580:5 0:2 544580:5 0:4 544580:2 0:3 544580:1 0:19 131567:1 0:13 131567:1 0:70 131567:5 0:1 131567:5 0:4 131567:4 0:39
C	369	131567	895	0:147 131567:2 0:7 131567:4 0:14 131567:4 0:34 131567:4 0:97 131567:3 0:19 131567:1 0:11 131567:1 0:13 131567:1 0:7 131567:2 0:10 131567:1 0:128 131567:5 0:1 131567:4 0:16 131567:5 0:6 131567:5 0:17 131567:8 0:1 131567:11 0:12 131567:3 0:159 131567:5 0:1 131567:5 0:4 131567:4 0:79
C	370	544580	970	0:162 131567:4 0:16 131567:4 0:63 131567:5 0:8 131567:2 0:48 131567:8 0:7 131567:5 0:19 131567:4 0:6 131567:4 0:63 131567:4 0:19 131567:1 0:11 131567:1 0:13 131567:1 0:7 131567:2 0:10 131567:1 0:93 131567:5 0:30 131567:5 0:1 131567:4 0:16 131567:5 0:6 131567:5 0:17 131567:8 0:1 131567:11 0:12 131567:3 0:33 544580:5 0:36 131567:1 0:13 131567:1 0:127
C	372	544580	848	0:130 131567:5 0:8 131567:2 0:7 131567:4 0:14 131567:4 0:19 131567:8 0:7 131567:5 0:19 131567:4 0:6 131567:4 0:63 131567:4 0:19 131567:1 0:11 131567:1 0:13 131567:1 0:47 131567:2 0:64 131567:5 0:4 131567:5 0:2 131567:5 0:37 131567:5 0:6 131567:5 0:17 131567:8 0:1 131567:11 0:12 131567:3 0:33 544580:5 0:2 544580:5 0:4 544580:2 0:3 544580:1 0:19 131567:1 0:13 131567:1 0:71 131567:5 0:1 131567:5 0:4 131567:4 0:37
C	373	40324	922	0:188 477697:2 0:89 40324:5 0:20 131567:5 0:167 3273430:5 0:73 40324:5 0:13 131567:5 0:3 2:5 0:303
C	374	544580	854	0:46 131567:4 0:16 131567:4 0:63 131567:5 0:8 131567:2 0:49 131567:6 0:4 1537102:5 0:24 131567:4 0:6 131567:4 0:63 131567:4 0:19 131567:1 0:11 131567:1 0:13 131567:1 0:7 131567:2 0:10 131567:2 0:92 131567:5 0:4 131567:5 0:2 131567:5 0:12 131567:5 0:1 131567:4 0:16 131567:5 0:6 131567:5 0:17 131567:8 0:1 131567:11 0:12 131567:3 0:33 544580:5 0:2 544580:5 0:4 544580:2 0:3 544580:1 0:19 131567:1 0:13 131567:1 0:71 131567:5 0:1 131567:5 0:4 131567:4 0:38
C	375	544580	962	0:20 131567:4 0:107 131567:4 0:4 131567:5 0:1 131567:5 0:97 544580:1 0:3 544580:2 0:4 544580:5 0:2 544580:5 0:41 131567:7 0:34 451864:3 0:4 131567:5 0:146 131567:1 0:45 131567:1 0:19 131567:4 0:97 131567:5 0:7 131567:8 0:19 131567:4 0:14 131567:4 0:7 131567:2 0:8 131567:5 0:64 131567:4 0:101
C	376	544580	974	0:141 131567:4 0:63 131567:5 0:8 131567:2 0:7 131567:4 0:57 2916678:5 0:12 131567:4 0:61 131567:5 0:9 131567:4 0:19 131567:1 0:11 131567:1 0:31 131567:2 0:90 131567:5 0:4 131567:5 0:2 131567:5 0:12 131567:5 0:1 131567:4 0:16 131567:5 0:6 131567:5 0:17 131567:8 0:1 131567:11 0:12 131567:3 0:33 544580:5 0:2 544580:5 0:4 544580:2 0:3 544580:1 0:19 131567:1 0:13 131567:1 0:70 131567:5 0:1 131567:5 0:4 131567:4 0:48 131567:2 0:39
C	377	544580	881	0:24 131567:5 0:51 131567:4 0:16 131567:4 0:63 131567:5 0:8 131567:2 0:7 131567:4 0:14 131567:4 0:19 131567:8 0:7 131567:5 0:19 131567:4 0:6 131567:5 0:61 131567:4 0:19 131567:1 0:11 131567:1 0:13 131567:1 0:7 131567:2 0:10 131567:1 0:26 131567:2 0:16 131567:1 0:55 131567:5 0:2 131567:5 0:70 131567:8 0:1 131567:11 0:12 131567:3 0:33 544580:5 0:2 544580:5 0:4 544580:2 0:3 544580:1 0:19 131567:1 0:13 131567:1 0:69 131567:5 0:1 131567:5 0:4 131567:4 0:38
C	378	544580	944	0:69 131567:4 0:64 131567:5 0:8 131567:2 0:7 131567:4 0:14 131567:4 0:19 131567:8 0:41 131567:4 0:87 131567:1 0:11 131567:1 0:13 131567:1 0:7 131567:5 0:36 131567:2 0:16 131567:1 0:53 131567:5 0:2 131567:5 0:39 131567:5 0:6 131567:5 0:17 131567:7 0:59 544580:5 0:2 544580:5 0:4 544580:2 0:3 544580:1 0:19 131567:1 0:13 131567:1 0:69 131567:5 0:1 131567:5 0:4 131567:4 0:129
C	379	181762	1063	0:8 181762:1 0:1 181762:5 0:231 131567:2 0:30 131567:5 0:26 131567:4 0:48 131567:5 0:58 5338:3 0:121 4751:2 0:56 131567:1 0:10 131567:3 0:409
C	380	544580	978	0:22 131567:1 0:58 131567:2 0:48 131567:4 0:4 131567:5 0:1 131567:5 0:70 131567:1 0:13 131567:1 0:19 544580:1 0:3 544580:2 0:4 544580:5 0:2 544580:5 0:33 131567:3 0:12 131567:11 0:1 131567:8 0:17 131567:5 0:6 131567:5 0:16 131567:4 0:1 131567:5 0:12 131567:5 0:104 131567:1 0:10 131567:2 0:7 131567:1 0:13 131567:1 0:11 131567:1 0:89 131567:4 0:6 131567:4 0:19 131567:5 0:7 131567:8 0:19 131567:4 0:14 131567:4 0:7 131567:2 0:8 131567:5 0:63 131567:4 0:101
C	382	1224	923	0:241 477697:3 0:59 131567:5 0:15 2:3 0:151 3273430:5 0:72 40324:5 0:13 131567:5 0:3 2:5 0:304
C	383	181762	1161	0:40 1296122:1 0:9 490731:5 0:13 490731:1 0:432 131567:5 0:60 4751:2 0:62 181124:1 0:59 5338:3 0:58 131567:5 0:5 131567:9 0:8 131567:5 0:22 131567:4 0:26 131567:5 0:30 131567:2 0:230 181762:5 0:1 181762:1 0:18
C	384	544580	979	0:22 131567:1 0:58 131567:2 0:61 131567:5 0:70 131567:1 0:13 131567:1 0:19 544580:1 0:3 544580:2 0:4 544580:5 0:2 544580:5 0:33 131567:3 0:12 131567:11 0:1 131567:8 0:17 131567:5 0:6 131567:5 0:16 131567:4 0:1 131567:5 0:12 131567:5 0:2 131567:5 0:4 131567:5 0:46 131567:1 0:16 131567:2 0:26 131567:1 0:10 131567:2 0:7 131567:1 0:13 131567:1 0:11 131567:1 0:19 131567:4 0:63 131567:4 0:6 131567:4 0:19 131567:5 0:7 131567:8 0:19 131567:4 0:14 131567:4 0:7 131567:2 0:8 131567:5 0:63 131567:4 0:16 131567:4 0:83
C	385	544580	999	0:284 131567:5 0:8 131567:2 0:49 131567:4 0:7 131567:5 0:19 131567:4 0:6 131567:4 0:63 131567:4 0:19 131567:1 0:11 131567:1 0:13 131567:1 0:7 131567:2 0:10 131567:1 0:26 131567:2 0:16 131567:1 0:46 131567:5 0:4 131567:5 0:2 131567:5 0:39 131567:5 0:6 131567:5 0:50 131567:3 0:33 544580:5 0:2 544580:5 0:4 544580:2 0:3 544580:1 0:19 131567:1 0:13 131567:1 0:69 131567:5 0:1 131567:5 0:4 131567:4 0:38
C	386	477697	947	0:189 477697:2 0:55 477697:3 0:13 131567:1 0:18 131567:7 2:6 0:14 131567:5 0:15 2:3 0:147 3273430:5 0:60 227086:1 0:29 131567:5 0:3 2:5 0:16 477697:5 0:5 477697:1 0:300
C	387	544580	980	0:22 131567:1 0:58 131567:2 0:171 544580:2 0:4 544580:5 0:2 544580:5 0:65 131567:8 0:17 131567:5 0:6 131567:5 0:16 131567:4 0:1 131567:5 0:12 131567:5 0:2 131567:5 0:4 131567:5 0:46 131567:1 0:16 131567:2 0:26 131567:1 0:10 131567:2 0:7 131567:1 0:13 131567:1 0:11 131567:1 0:19 131567:4 0:63 131567:4 0:6 131567:4 0:19 131567:5 0:7 131567:8 0:19 131567:4 0:14 131567:4 0:7 131567:2 0:8 131567:5 0:63 131567:4 0:16 131567:4 0:82
C	389	131567	982	0:178 131567:4 0:16 131567:4 0:63 131567:5 0:8 131567:2 0:7 131567:4 0:14 131567:4 0:19 131567:8 0:7 131567:5 0:19 131567:4 0:6 131567:4 0:87 131567:1 0:11 131567:1 0:13 131567:1 0:7 131567:2 0:10 131567:1 0:90 131567:5 0:4 131567:5 0:2 131567:5 0:12 131567:5 0:1 131567:4 0:16 131567:5 0:6 131567:5 0:17 131567:8 0:1 131567:11 0:12 131567:3 0:74 131567:1 0:13 131567:1 0:70 131567:5 0:1 131567:5 0:4 131567:4 0:38
C	390	544580	985	0:22 131567:1 0:58 131567:2 0:48 131567:4 0:4 131567:5 0:1 131567:5 0:70 131567:1 0:13 131567:1 0:19 544580:1 0:3 544580:2 0:4 544580:5 0:2 544580:5 0:33 131567:3 0:82 131567:4 0:1 131567:5 0:12 131567:5 0:2 131567:5 0:4 131567:2 0:50 131567:1 0:16 131567:2 0:26 131567:1 0:10 131567:2 0:7 131567:1 0:13 131567:1 0:11 131567:1 0:19 131567:4 0:63 131567:4 0:6 131567:4 0:19 131567:5 0:7 131567:8 0:19 131567:4 0:14 131567:4 0:7 131567:2 0:8 131567:5 0:62 131567:4 0:16 131567:4 0:87
C	391	544580	983	0:132 131567:4 0:4 131567:5 0:1 131567:5 0:69 131567:1 0:13 131567:1 0:19 544580:1 0:3 544580:2 0:4 544580:5 0:2 544580:5 0:33 131567:3 0:12 131567:11 0:1 131567:8 0:17 131567:5 0:6 131567:5 0:16 131567:4 0:1 131567:5 0:79 131567:1 0:16 131567:2 0:26 131567:1 0:10 131567:2 0:7 131567:1 0:13 131567:1 0:11 131567:1 0:19 131567:4 0:63 131567:4 0:6 131567:4 0:19 131567:5 0:7 131567:8 0:19 131567:4 0:14 131567:4 0:7 131567:2 0:8 131567:5 0:63 131567:4 0:16 131567:4 0:86
C	392	456999	1205	0:496 131567:2 0:7 131567:2 0:252 456999:5 0:1 131567:5 0:40 2759:5 0:356
C	393	569360	897	0:2 1760811:4 0:42 131567:1 147550:2 0:28 147550:1 0:216 716545:1 0:5 131567:5 0:16 131567:1 0:28 5144:5 131567:3 0:1 716546:5 0:163 147550:5 0:82 716546:3 0:4 131567:5 0:8 5125:5 0:2 5125:5 0:9 5144:2 0:183 569360:5 0:13 5144:2 0:1
C	395	544580	848	0:46 131567:4 0:16 131567:4 0:63 131567:5 0:8 131567:2 0:7 131567:4 0:14 131567:4 0:59 131567:4 0:6 131567:4 0:63 131567:4 0:19 131567:1 0:11 131567:1 0:13 131567:1 0:7 131567:2 0:10 131567:1 0:26 131567:2 0:16 131567:1 0:46 131567:5 0:4 131567:5 0:52 131567:5 0:50 131567:3 0:33 544580:5 0:2 544580:5 0:4 544580:2 0:3 544580:1 0:19 131567:1 0:13 131567:1 0:70 131567:5 0:1 131567:5 0:4 131567:4 0:38
C	397	490731	1163	0:41 490731:3 0:7 490731:5 0:13 490731:1 0:501 4751:2 0:62 181124:1 0:120 131567:5 0:5 131567:9 0:8 131567:5 0:22 131567:4 0:26 131567:5 0:30 131567:2 0:232 181762:5 0:1 181762:1 0:13
C	398	40324	924	0:188 477697:2 0:91 40324:5 0:20 131567:5 0:15 2:3 0:245 131567:5 0:3 2:5 0:303
C	399	477697	1284	0:266 477697:5 0:34 477697:4 0:344 2:5 0:3 131567:5 0:13 40324:5 0:72 3273430:5 0:145 2:3 0:15 131567:5 0:20 40324:5 0:20 131567:1 0:13 477697:3 0:259
C	400	544580	850	0:46 131567:4 0:16 131567:4 0:63 131567:5 0:8 131567:2 0:7 131567:4 0:14 131567:4 0:57 131567:4 0:6 131567:4 0:65 131567:4 0:19 131567:1 0:11 131567:1 0:13 131567:1 0:7 131567:2 0:10 131567:1 0:26 131567:2 0:16 131567:1 0:79 131567:5 0:1 131567:4 0:51 131567:6 0:1 131567:11 0:12 131567:3 0:33 544580:5 0:2 544580:5 0:43 131567:1 0:69 131567:5 0:1 131567:5 0:4 131567:4 0:38
C	401	544580	861	0:46 131567:4 0:16 131567:4 0:63 131567:5 0:8 131567:2 0:7 131567:4 0:14 131567:4 0:19 131567:8 0:7 131567:5 0:19 131567:4 0:6 131567:4 0:63 131567:4 0:19 131567:1 0:11 131567:1 0:13 131567:1 0:7 131567:2 0:10 131567:1 0:89 131567:5 0:4 131567:5 0:2 131567:5 0:39 131567:5 0:6 131567:5 0:17 131567:4 0:61 544580:5 0:2 544580:5 0:4 544580:2 0:3 544580:1 0:19 131567:1 0:156
C	402	490731	1159	0:41 490731:3 0:7 490731:5 0:13 490731:1 0:427 131567:3 0:10 131567:1 0:56 4751:2 0:180 131567:5 0:5 131567:9 0:8 131567:5 0:22 131567:4 0:26 131567:5 0:265 181762:5 0:1 181762:1 0:15
C	404	544580	850	0:47 131567:4 0:16 131567:4 0:63 131567:5 0:8 131567:2 0:7 131567:5 0:37 131567:7 0:7 131567:5 0:19 131567:4 0:6 131567:4 0:50 181124:5 0:32 131567:1 0:11 131567:1 0:13 131567:1 0:7 131567:2 0:10 131567:1 0:26 131567:2 0:16 131567:1 0:46 131567:5 0:4 131567:5 0:2 131567:5 0:49 131567:5 0:17 131567:7 0:59 544580:5 0:2 544580:5 0:4 544580:2 0:3 544580:1 0:19 131567:1 0:13 131567:1 0:70 131567:5 0:1 131567:5 0:4 131567:4 0:38
C	405	2	923	0:188 477697:2 0:55 477697:3 0:13 131567:1 0:20 40324:5 0:289 131567:5 0:3 2:5 0:300
C	406	544580	1026	0:299 544580:1 0:3 544580:2 0:4 544580:5 0:2 544580:5 0:33 131567:3 0:12 131567:11 0:1 131567:8 0:17 131567:5 0:6 131567:5 0:16 131567:4 0:1 131567:5 0:12 131567:5 0:2 131567:5 0:4 131567:5 0:46 131567:1 0:16 131567:2 0:26 131567:1 0:10 131567:2 0:7 131567:1 0:13 131567:1 0:11 131567:1 0:19 131567:4 0:63 131567:4 0:6 131567:4 0:19 131567:5 0:7 131567:8 0:19 131567:4 0:14 131567:4 0:7 131567:2 0:8 131567:5 0:63 131567:4 0:16 131567:4 0:51 131567:5 0:16 131567:1 0:11
C	407	477697	1342	0:360 477697:4 0:402 227086:1 0:60 3273430:5 0:190 2:6 131567:7 0:32 477697:3 0:55 477697:2 0:181
C	408	131567	971	0:143 131567:5 0:1 131567:5 0:58 131567:1 0:13 131567:1 0:73 131567:3 0:12 131567:11 0:1 131567:8 0:17 131567:5 0:6 131567:5 0:16 131567:4 0:1 131567:5 0:124 131567:1 0:10 131567:2 0:7 131567:1 0:13 131567:1 0:11 131567:1 0:85 131567:4 0:6 131567:4 0:19 131567:5 0:7 131567:8 0:19 131567:4 0:14 131567:4 0:7 131567:2 0:8 131567:5 0:63 131567:4 0:16 131567:4 0:84
C	409	544580	981	0:83 131567:2 0:136 131567:1 0:13 131567:1 0:19 544580:1 0:3 544580:2 0:4 544580:5 0:2 544580:5 0:30 131567:5 0:12 131567:7 0:29 131567:5 0:6 131567:5 0:16 131567:4 0:1 131567:5 0:12 131567:5 0:2 131567:5 0:4 131567:5 0:86 131567:1 0:10 131567:2 0:7 131567:1 0:13 131567:1 0:11 131567:1 0:19 131567:4 0:97 131567:5 0:7 131567:8 0:19 131567:4 0:14 131567:4 0:7 131567:2 0:8 131567:5 0:63 131567:4 0:16 131567:4 0:89
C	410	40324	924	0:189 477697:2 0:91 40324:5 0:20 131567:5 0:244 40324:5 0:13 131567:5 0:3 2:5 0:303
C	411	477697	1272	227086:1 0:254 477697:5 0:12 131567:4 0:18 477697:2 0:359 2:5 0:3 131567:5 0:197 3273430:5 0:41 2:3 0:40 40324:5 0:91 477697:2 0:186
C	412	181762	879	0:202 181762:5 0:52 131567:5 0:9 131567:2 0:12 131567:2 0:18 131567:4 0:111 5338:3 0:21 456999:2 0:138 131567:1 0:3 131567:5 0:3 131567:5 0:5 131567:1 0:10 131567:3 0:223
C	413	544580	961	0:22 131567:1 0:105 131567:4 0:82 131567:1 0:13 131567:1 0:19 544580:1 0:3 544580:2 0:4 544580:5 0:2 544580:5 0:90 131567:5 0:16 131567:4 0:1 131567:5 0:12 131567:5 0:2 131567:5 0:4 131567:5 0:93 131567:1 0:10 131567:2 0:7 131567:1 0:13 131567:1 0:11 131567:1 0:87 131567:4 0:6 131567:4 0:19 131567:5 0:7 131567:8 0:19 131567:4 0:200
C	414	40324	927	0:188 477697:2 0:55 477697:3 0:13 131567:1 0:20 40324:5 0:191 3273430:5 0:72 40324:5 0:13 131567:5 0:3 2:5 0:307
C	416	5302	1157	0:73 490731:1 0:430 131567:3 0:10 131567:1 0:56 4751:2 0:62 181124:1 0:119 131567:2 0:51 131567:4 0:26 131567:5 0:30 131567:2 0:245
C	417	544580	854	0:46 131567:4 0:16 131567:4 0:63 131567:5 0:8 131567:2 0:7 131567:4 0:14 131567:4 0:19 131567:6 0:32 131567:5 0:6 131567:4 0:66 131567:4 0:19 131567:1 0:11 131567:1 0:13 131567:1 0:7 131567:2 0:10 131567:1 0:26 131567:2 0:97 131567:5 0:1 131567:4 0:16 131567:5 0:6 131567:5 0:17 131567:8 0:1 131567:11 0:12 131567:3 0:33 544580:5 0:2 544580:5 0:4 544580:2 0:3 544580:1 0:19 131567:1 0:13 131567:1 0:70 131567:5 0:1 131567:5 0:4 131567:4 0:38
C	418	28985	827	0:14 4910:5 0:94 4910:4 0:6 4893:1 0:5 131567:3 0:14 131567:4 0:19 131567:8 0:7 131567:5 0:19 131567:4 0:6 131567:4 0:74 4910:4 0:19 4910:5 4893:7 0:1 131567:1 0:7 131567:2 0:10 131567:1 0:56 147537:6 0:9 147537:5 0:15 131567:5 0:4 131567:5 0:2 131567:5 0:12 131567:5 0:1 131567:4 0:16 131567:5 0:6 131567:5 0:178 4910:2 0:22 28985:5 0:2 28985:5 0:43 4910:4 0:13
C	419	544580	840	0:46 131567:4 0:16 131567:4 0:63 131567:5 0:8 131567:2 0:7 131567:4 0:14 131567:4 0:19 131567:8 0:7 131567:5 0:19 131567:4 0:73 131567:4 0:19 131567:1 0:11 131567:1 0:57 131567:2 0:16 131567:1 0:52 131567:5 0:2 131567:5 0:48 131567:5 0:17 131567:8 0:58 544580:5 0:2 544580:5 0:4 544580:2 0:3 544580:1 0:19 131567:1 0:13 131567:1 0:69 131567:5 0:1 131567:5 0:4 131567:4 0:38
C	420	544580	847	0:44 131567:4 0:16 131567:4 0:87 131567:4 0:14 131567:4 0:19 131567:8 0:7 131567:5 0:19 131567:4 0:6 131567:4 0:63 131567:4 0:19 131567:1 0:11 131567:1 0:13 131567:1 0:7 131567:2 0:10 131567:1 0:26 131567:2 0:16 131567:1 0:46 131567:5 0:4 131567:5 0:2 131567:5 0:12 131567:5 0:1 131567:4 0:16 131567:5 0:6 131567:5 0:17 131567:8 0:1 131567:11 0:12 131567:3 0:33 544580:5 0:2 544580:5 0:4 544580:2 0:3 544580:1 0:19 131567:1 0:13 131567:1 0:67 131567:5 0:1 131567:5 0:4 131567:4 0:38
C	421	544580	986	0:22 131567:1 0:120 131567:5 0:69 131567:1 0:13 131567:1 0:19 544580:1 0:3 544580:2 0:4 544580:5 0:2 544580:5 0:33 131567:3 0:12 131567:11 0:1 131567:8 0:17 131567:5 0:6 131567:5 0:16 131567:4 0:1 131567:5 0:12 131567:5 0:2 131567:5 0:4 131567:5 0:46 131567:1 0:16 131567:2 0:26 131567:1 0:10 131567:2 0:7 131567:1 0:46 131567:4 0:63 131567:4 0:6 131567:4 0:19 131567:5 0:7 131567:8 0:19 131567:4 0:14 131567:4 0:7 131567:2 0:8 131567:5 0:63 131567:4 0:16 131567:4 0:91
C	422	181762	1191	0:99 490731:1 0:433 131567:3 0:10 131567:1 0:56 4751:2 0:62 181124:1 0:59 5338:3 0:58 131567:5 0:5 131567:9 0:8 131567:5 0:22 131567:4 0:26 131567:5 0:264 181762:5 0:1 181762:1 0:9
C	423	131567	916	0:121 131567:4 0:100 131567:4 0:14 131567:4 0:131 131567:4 0:19 131567:1 0:43 131567:1 0:26 131567:2 0:16 131567:1 0:46 131567:5 0:4 131567:5 0:2 131567:5 0:38 131567:5 0:6 131567:5 0:270
C	424	477697	1039	0:274 477697:2 0:56 477697:3 0:13 131567:1 0:18 131567:7 2:6 0:14 131567:5 0:15 2:3 0:151 3273430:5 0:60 227086:1 0:29 131567:5 0:3 2:5 0:16 477697:5 0:5 477697:1 0:302
C	425	544580	840	0:69 131567:2 0:63 131567:5 0:8 131567:2 0:7 131567:4 0:14 131567:4 0:19 131567:8 0:7 131567:5 0:19 131567:4 0:6 131567:4 0:63 131567:4 0:19 131567:1 0:11 131567:1 0:13 131567:1 0:7 131567:2 0:10 131567:1 0:26 131567:2 0:64 131567:2 0:4 131567:5 0:2 131567:5 0:36 131567:5 0:6 131567:5 0:17 131567:8 0:1 131567:11 0:12 131567:3 0:33 544580:5 0:2 544580:5 0:4 544580:2 0:3 544580:1 0:19 131567:1 0:13 131567:1 0:70 131567:5 0:1 131567:5 0:4 131567:4 0:31
C	426	544580	843	0:46 131567:4 0:16 131567:4 0:63 131567:5 0:8 131567:2 0:7 131567:4 0:14 131567:4 0:19 131567:1 0:39 131567:5 0:6 131567:4 0:96 131567:1 0:13 131567:1 0:7 131567:2 0:10 131567:1 0:27 131567:1 0:90 131567:5 0:1 131567:4 0:16 131567:5 0:6 131567:5 0:17 131567:8 0:1 131567:11 0:12 131567:3 0:33 544580:5 0:2 544580:5 0:4 544580:2 0:3 544580:1 0:19 131567:1 0:13 131567:1 0:69 131567:5 0:1 131567:5 0:4 131567:4 0:38
C	427	477697	947	0:242 477697:3 0:13 131567:1 0:18 131567:7 2:6 0:14 131567:5 0:15 2:3 0:22 2:1 0:127 3273430:5 0:60 227086:1 0:29 131567:5 0:3 2:5 0:16 477697:5 0:5 477697:1 0:301
C	428	544580	974	0:81 131567:2 0:48 131567:4 0:4 131567:5 0:1 131567:5 0:69 131567:1 0:13 131567:1 0:19 544580:1 0:3 544580:2 0:4 544580:5 0:2 544580:5 0:33 131567:3 0:12 131567:11 0:1 131567:8 0:17 131567:5 0:6 131567:5 0:16 131567:4 0:1 131567:5 0:12 131567:5 0:2 131567:5 0:4 131567:5 0:124 131567:1 0:11 131567:1 0:19 131567:4 0:63 131567:4 0:6 131567:4 0:19 131567:5 0:7 131567:8 0:19 131567:4 0:14 131567:4 0:7 131567:2 0:8 131567:5 0:63 131567:4 0:99
C	429	544580	981	0:22 131567:1 0:109 131567:4 0:4 131567:5 0:1 131567:5 0:70 131567:1 0:13 131567:1 0:19 544580:1 0:3 544580:2 0:4 544580:5 0:2 544580:5 0:49 131567:11 0:1 131567:8 0:17 131567:5 0:6 131567:5 0:43 131567:5 0:4 131567:5 0:44 131567:1 0:16 131567:2 0:26 131567:1 0:10 131567:2 0:7 131567:1 0:13 131567:1 0:11 131567:1 0:19 131567:4 0:93 131567:5 0:7 131567:8 0:19 131567:4 0:14 131567:4 0:7 131567:2 0:8 131567:5 0:63 131567:4 0:16 131567:4 0:51 131567:5 0:16 131567:1 0:16
C	430	181762	1062	0:8 181762:1 0:1 181762:5 0:232 131567:2 0:30 131567:5 0:26 131567:4 0:22 131567:5 0:8 131567:9 0:5 131567:4 0:119 181124:1 0:119 131567:1 0:10 131567:3 0:408
C	431	5302	1160	0:50 490731:5 0:13 490731:1 0:434 131567:3 0:10 131567:1 0:56 4751:2 0:181 131567:5 0:5 131567:9 0:8 131567:5 0:22 131567:4 0:61 131567:2 0:232 181762:5 0:1 181762:1 0:10
C	432	131567	965	0:127 131567:4 0:4 131567:5 0:1 131567:5 0:214 131567:5 0:93 131567:1 0:16 131567:2 0:159 131567:4 0:6 131567:4 0:19 131567:5 0:7 131567:8 0:19 131567:4 0:14 131567:4 0:7 131567:2 0:8 131567:5 0:138 131567:5 0:16 131567:1 0:19
C	433	544580	983	0:22 131567:1 0:58 131567:2 0:48 131567:4 0:4 131567:5 0:1 131567:5 0:70 131567:1 0:13 131567:1 0:19 544580:1 0:3 544580:2 0:4 544580:5 0:2 544580:5 0:33 131567:3 0:12 131567:11 0:1 131567:8 0:17 131567:5 0:6 131567:5 0:44 131567:5 0:4 131567:5 0:46 131567:1 0:16 131567:2 0:26 131567:1 0:10 131567:2 0:7 131567:1 0:13 131567:1 0:11 131567:1 0:19 131567:4 0:63 131567:4 0:6 131567:4 0:19 131567:5 0:7 131567:8 0:19 131567:4 0:14 131567:4 0:7 131567:2 0:8 131567:5 0:174
C	434	3273430	942	0:244 477697:3 0:13 131567:1 0:20 40324:5 0:40 2:3 0:41 3273430:5 0:105 3273430:5 0:93 131567:5 0:3 2:5 0:317
C	435	3273430	941	0:188 477697:2 0:157 2:1 0:128 3273430:5 0:60 227086:1 0:29 131567:5 0:3 2:5 0:323
C	436	477697	945	0:188 477697:2 0:89 131567:7 2:6 0:14 131567:5 0:40 2:1 0:189 227086:1 0:35 2:5 0:16 477697:5 0:5 477697:1 0:302
C	437	544580	991	0:80 131567:2 0:48 131567:4 0:4 131567:5 0:76 131567:1 0:13 131567:1 0:19 544580:1 0:3 544580:2 0:4 544580:5 0:2 544580:5 0:33 131567:3 0:12 131567:11 0:1 131567:8 0:17 131567:5 0:6 131567:5 0:16 131567:4 0:1 131567:5 0:12 131567:5 0:2 131567:5 0:4 131567:5 0:46 131567:1 0:16 131567:2 0:26 131567:1 0:10 131567:2 0:7 131567:1 0:13 131567:1 0:98 131567:4 0:6 131567:4 0:19 131567:4 0:36 131567:4 0:14 131567:4 0:106 131567:4 0:93
C	438	544580	633	131567:1 0:19 131567:4 0:6 131567:5 0:64 131567:4 0:65 131567:1 0:26 131567:2 0:16 131567:1 0:46 131567:5 0:4 131567:5 0:2 131567:5 0:12 131567:5 0:1 131567:4 0:16 131567:5 0:6 131567:5 0:17 131567:8 0:1 131567:11 0:12 131567:3 0:33 544580:5 0:2 544580:5 0:4 544580:2 0:3 544580:1 0:19 131567:1 0:13 131567:1 0:66 131567:5 0:1 131567:5 0:4 131567:4 0:38
C	439	5338	1161	0:507 131567:1 0:57 4751:5 0:120 5338:3 0:143 131567:5 0:286
C	440	181762	1065	0:8 181762:1 0:1 181762:5 0:233 131567:2 0:30 131567:5 0:26 131567:4 0:48 131567:5 0:120 181124:1 0:61 4751:2 0:57 131567:1 0:10 131567:3 0:408
C	441	2	921	0:188 477697:2 0:55 477697:3 0:13 131567:1 0:20 40324:5 0:20 131567:5 0:15 2:3 0:153 3273430:1 0:403
C	442	40324	927	0:188 477697:2 0:55 477697:3 0:13 131567:1 0:20 40324:5 0:194 3273430:5 0:72 40324:5 0:13 131567:5 0:3 2:5 0:304
C	443	544580	974	0:22 131567:1 0:58 131567:2 0:55 131567:5 0:1 131567:5 0:69 131567:1 0:13 131567:1 0:19 544580:1 0:3 544580:2 0:4 544580:5 0:2 544580:5 0:33 131567:3 0:12 131567:11 0:1 131567:8 0:17 131567:5 0:6 131567:5 0:16 131567:4 0:1 131567:5 0:12 131567:5 0:2 131567:5 0:4 131567:5 0:46 131567:1 0:16 131567:2 0:26 131567:1 0:10 131567:2 0:7 131567:1 0:13 131567:1 0:11 131567:1 0:19 131567:4 0:63 131567:4 0:6 131567:4 0:19 131567:5 0:7 131567:8 0:19 131567:4 0:14 131567:4 0:7 131567:2 0:8 131567:5 0:63 131567:4 0:16 131567:4 0:79
C	444	181762	1059	0:8 181762:1 0:1 181762:5 0:226 131567:5 0:30 131567:5 0:26 131567:4 0:22 131567:5 0:8 131567:9 0:5 131567:5 0:117 181124:1 0:121 131567:1 0:10 131567:3 0:407
C	445	544580	977	0:22 131567:1 0:58 131567:2 0:48 131567:4 0:4 131567:5 0:1 131567:5 0:69 131567:1 0:13 131567:1 0:19 544580:1 0:3 544580:2 0:4 544580:5 0:2 544580:5 0:33 131567:3 0:12 131567:11 0:1 131567:8 0:51 131567:4 0:1 131567:5 0:12 131567:5 0:2 131567:5 0:4 131567:5 0:62 131567:2 0:26 131567:1 0:10 131567:2 0:51 131567:4 0:63 131567:4 0:6 131567:4 0:19 131567:5 0:7 131567:8 0:19 131567:4 0:14 131567:4 0:7 131567:2 0:8 131567:5 0:63 131567:4 0:16 131567:4 0:82
C	447	544580	968	0:22 131567:1 0:58 131567:2 0:48 131567:4 0:4 131567:5 0:1 131567:5 0:66 131567:1 0:13 131567:1 0:19 544580:1 0:3 544580:2 0:4 544580:5 0:2 544580:5 0:125 131567:5 0:2 131567:5 0:4 131567:5 0:46 131567:1 0:16 131567:2 0:26 131567:1 0:10 131567:2 0:7 131567:1 0:13 131567:1 0:11 131567:1 0:87 131567:4 0:6 131567:4 0:19 131567:5 0:7 131567:8 0:19 131567:4 0:14 131567:4 0:7 131567:2 0:8 131567:5 0:52 284811:5 0:9 131567:4 0:16 131567:4 0:75 131567:1 0:9
C	448	131567	839	0:62 131567:4 0:84 131567:4 0:14 131567:4 0:65 131567:4 0:122 131567:2 0:10 131567:1 0:93 131567:2 0:4 131567:5 0:2 131567:5 0:35 131567:5 0:6 131567:5 0:17 131567:7 0:97 131567:3 0:13 131567:1 0:129
C	449	477697	616	0:2 477697:4 0:344 477697:1 0:5 477697:5 0:16 2:5 0:3 131567:5 0:88 3273430:5 0:99
C	450	544580	846	0:46 131567:4 0:16 131567:4 0:80 131567:4 0:14 131567:4 0:19 131567:8 0:7 131567:5 0:19 131567:4 0:74 131567:4 0:19 131567:1 0:11 131567:1 0:13 131567:1 0:7 131567:2 0:10 131567:1 0:26 131567:2 0:16 131567:1 0:48 131567:2 0:4 131567:5 0:2 131567:5 0:39 131567:5 0:6 131567:5 0:17 131567:8 0:1 131567:11 0:12 131567:3 0:33 544580:5 0:2 544580:5 0:4 544580:2 0:3 544580:1 0:19 131567:1 0:13 131567:1 0:70 131567:5 0:1 131567:5 0:4 131567:4 0:38
C	451	544580	852	0:68 131567:4 0:62 131567:5 0:8 131567:2 0:7 131567:4 0:14 131567:4 0:19 131567:8 0:7 131567:5 0:19 131567:4 0:6 131567:4 0:63 131567:4 0:19 131567:1 0:11 131567:1 0:13 131567:1 0:7 131567:2 0:10 131567:1 0:91 131567:5 0:4 131567:5 0:2 131567:5 0:12 131567:5 0:1 131567:4 0:16 131567:5 0:6 131567:5 0:17 131567:8 0:1 131567:11 0:12 131567:3 0:33 544580:5 0:2 544580:5 0:4 544580:2 0:3 544580:1 0:19 131567:1 0:13 131567:1 0:70 131567:5 0:1 131567:5 0:47
C	452	569360	899	0:48 131567:1 147550:2 0:11 2093779:5 0:232 716545:1 0:5 131567:5 0:16 131567:1 0:28 5144:5 131567:3 0:1 716546:5 0:202 716546:1 0:51 716546:3 0:4 131567:5 0:8 5125:5 0:2 5125:5 0:9 5144:2 0:114 578455:1 0:66 569360:5 0:13
C	453	544580	858	0:46 131567:4 0:16 131567:4 0:63 131567:5 0:8 131567:2 0:7 131567:4 0:14 131567:4 0:19 131567:8 0:7 131567:5 0:19 131567:4 0:6 131567:5 0:64 131567:4 0:19 131567:1 0:11 131567:1 0:13 131567:1 0:7 131567:2 0:10 131567:1 0:26 131567:2 0:79 131567:5 0:12 131567:5 0:1 131567:1 0:59 131567:5 0:1 131567:11 0:50 544580:5 0:2 544580:5 0:4 544580:2 0:3 544580:1 0:19 131567:1 0:13 131567:1 0:70 131567:5 0:1 131567:5 0:4 131567:4 0:38
C	454	181762	1065	0:8 181762:1 0:1 181762:5 0:230 131567:2 0:30 131567:5 0:26 131567:4 0:44 131567:10 0:59 5338:3 0:20 131567:1 0:38 181124:1 0:61 4751:2 0:56 131567:1 0:10 131567:3 0:410
C	455	181124	967	0:23 131567:3 0:5 5204:2 0:278 131567:3 0:10 131567:1 0:5 131567:5 0:3 131567:5 0:3 131567:1 0:160 5338:3 0:58 131567:5 0:5 131567:9 0:55 131567:2 0:12 131567:2 0:9 131567:5 0:151 181124:2 0:108
C	456	544580	840	0:45 131567:4 0:16 131567:4 0:63 131567:5 0:8 131567:2 0:7 131567:4 0:14 131567:4 0:32 131567:5 0:19 131567:4 0:6 131567:4 0:63 131567:4 0:19 131567:1 0:44 131567:1 0:89 131567:2 0:4 131567:5 0:2 131567:5 0:12 131567:5 0:1 131567:4 0:16 131567:5 0:6 131567:5 0:17 131567:8 0:60 544580:5 0:2 544580:5 0:4 544580:2 0:3 544580:1 0:19 131567:1 0:13 131567:1 0:69 131567:5 0:1 131567:5 0:4 131567:4 0:38
C	457	131567	847	0:46 131567:4 0:16 131567:4 0:64 131567:5 0:8 131567:2 0:7 131567:4 0:14 131567:4 0:19 131567:8 0:7 131567:5 0:19 131567:4 0:6 131567:4 0:97 131567:1 0:13 131567:1 0:7 131567:2 0:10 131567:1 0:106 131567:5 0:12 131567:5 0:1 131567:4 0:16 131567:5 0:6 131567:5 0:17 131567:8 0:1 131567:11 0:87 131567:1 0:13 131567:1 0:70 131567:5 0:1 131567:5 0:4 131567:4 0:38
C	458	40324	929	0:245 477697:3 0:13 131567:1 0:20 40324:5 0:20 131567:5 0:15 2:3 0:150 3273430:5 0:72 40324:5 0:13 131567:5 0:3 2:5 0:307
C	459	477697	949	0:188 477697:2 0:55 477697:3 0:13 131567:1 0:18 131567:7 2:4 0:60 2:1 0:127 3273430:5 0:60 227086:1 0:29 131567:5 0:3 2:5 0:16 477697:5 0:5 477697:1 0:301
C	460	131567	849	0:46 131567:4 0:16 131567:4 0:63 131567:5 0:8 131567:2 0:87 131567:4 0:6 131567:4 0:87 131567:1 0:11 131567:1 0:13 131567:1 0:128 131567:5 0:12 131567:5 0:1 131567:4 0:16 131567:5 0:6 131567:5 0:17 131567:8 0:1 131567:11 0:12 131567:3 0:73 131567:1 0:13 131567:1 0:69 131567:5 0:1 131567:5 0:4 131567:4 0:37
C	461	544580	846	0:66 131567:4 0:63 131567:5 0:61 588596:1 0:4 131567:5 0:29 131567:4 0:97 131567:1 0:13 131567:1 0:7 131567:2 0:10 131567:1 0:185 131567:5 0:71 544580:5 0:4 544580:2 0:3 544580:1 0:19 131567:1 0:85 131567:5 0:1 131567:5 0:4 131567:4 0:38
C	462	544580	984	0:22 131567:1 0:58 131567:2 0:47 131567:4 0:4 131567:5 0:76 131567:1 0:13 131567:1 0:19 544580:1 0:3 544580:2 0:4 544580:5 0:2 544580:5 0:50 131567:11 0:1 131567:8 0:17 131567:5 0:6 131567:5 0:16 131567:4 0:1 131567:5 0:12 131567:5 0:2 131567:5 0:4 131567:5 0:46 131567:1 0:90 131567:1 0:19 131567:4 0:63 131567:4 0:6 131567:4 0:57 131567:4 0:14 131567:4 0:7 131567:2 0:8 131567:5 0:63 131567:4 0:16 131567:4 0:87
C	463	2	961	0:287 131567:5 2:6 0:14 131567:5 0:15 2:3 0:22 2:1 0:130 3273430:5 0:60 227086:1 0:29 131567:5 0:3 2:5 0:16 477697:5 0:310
C	464	477697	1365	0:336 477697:5 0:34 477697:4 0:382 131567:5 0:29 227086:1 0:274 131567:1 0:13 477697:3 0:55 477697:2 0:187
C	466	544580	843	0:44 131567:4 0:256 131567:4 0:19 131567:1 0:11 131567:1 0:13 131567:1 0:7 131567:2 0:10 131567:1 0:93 131567:5 0:4 131567:5 0:2 131567:5 0:12 131567:5 0:1 131567:4 0:16 131567:5 0:6 131567:5 0:17 131567:8 0:1 131567:11 0:12 131567:3 0:33 544580:5 0:2 544580:5 0:4 544580:2 0:3 544580:1 0:19 131567:1 0:13 131567:1 0:70 131567:5 0:1 131567:5 0:4 131567:4 0:37
C	467	544580	874	0:79 131567:4 0:16 131567:4 0:75 131567:2 0:7 131567:4 0:14 131567:4 0:19 131567:8 0:7 131567:5 0:96 131567:4 0:19 131567:1 0:11 131567:1 0:13 131567:1 0:107 131567:5 0:4 131567:5 0:2 131567:5 0:12 131567:5 0:1 131567:4 0:16 131567:5 0:6 131567:5 0:17 131567:8 0:1 131567:1 0:55 544580:5 0:2 544580:5 0:4 544580:2 0:3 544580:1 0:19 131567:1 0:13 131567:1 0:69 131567:5 0:1 131567:5 0:4 131567:4 0:38
C	468	544580	845	0:46 131567:4 0:16 131567:4 0:63 131567:5 0:8 131567:2 0:7 131567:4 0:14 131567:4 0:32 131567:5 0:19 131567:4 0:6 131567:4 0:63 131567:4 0:19 131567:1 0:11 131567:1 0:13 131567:1 0:7 131567:2 0:10 131567:1 0:40 131567:1 0:62 131567:5 0:39 131567:5 0:6 131567:5 0:17 131567:8 0:1 131567:11 0:12 131567:3 0:33 544580:5 0:2 544580:5 0:4 544580:2 0:3 544580:1 0:19 131567:1 0:13 131567:1 0:70 131567:5 0:1 131567:5 0:4 131567:4 0:38
C	470	544580	857	0:140 131567:5 0:58 131567:8 0:31 131567:5 0:6 131567:4 0:63 131567:4 0:19 131567:1 0:11 131567:1 0:13 131567:1 0:7 131567:2 0:10 131567:1 0:107 131567:5 0:12 131567:5 0:1 131567:4 0:16 131567:5 0:6 131567:5 0:17 131567:8 0:1 131567:11 0:12 131567:3 0:33 544580:5 0:2 544580:5 0:4 544580:2 0:3 544580:1 0:19 131567:1 0:13 131567:1 0:70 131567:5 0:1 131567:5 0:4 131567:4 0:37
C	471	131567	526	0:68 131567:4 0:125 131567:8 0:7 131567:5 0:19 131567:4 0:95 131567:1 0:11 131567:1 0:13 131567:1 0:7 131567:5 0:48 131567:1 0:46 131567:5 0:4 131567:5 0:2 131567:5 0:2
C	472	544580	986	0:22 131567:1 0:58 131567:2 0:48 131567:4 0:4 131567:5 0:1 131567:5 0:70 131567:1 0:13 131567:1 0:19 544580:1 0:3 544580:2 0:4 544580:5 0:2 544580:5 0:33 131567:3 0:12 131567:11 0:1 131567:8 0:17 131567:5 0:6 131567:5 0:16 131567:4 0:1 131567:5 0:97 131567:1 0:26 131567:1 0:10 131567:2 0:7 131567:1 0:13 131567:1 0:11 131567:1 0:161 131567:4 0:14 131567:4 0:7 131567:2 0:8 131567:5 0:63 131567:4 0:16 131567:4 0:51 131567:5 0:16 131567:1 0:13
C	473	131567	841	0:46 131567:4 0:20 1071382:5 0:64 131567:2 0:7 131567:4 0:14 131567:4 0:60 131567:5 0:6 131567:4 0:62 131567:4 0:19 131567:5 0:30 131567:2 0:10 131567:1 0:88 131567:5 0:52 45151:5 0:6 131567:5 0:49 131567:3 0:33 544580:5 0:119 131567:5 0:1 131567:5 0:48
C	474	40324	921	0:244 477697:3 0:13 131567:1 0:20 40324:5 0:193 3273430:5 0:72 40324:5 0:13 131567:5 0:308
C	475	5302	1159	131567:4 0:46 490731:3 0:7 490731:5 0:13 490731:1 0:419 131567:3 0:10 131567:1 0:56 4751:2 0:62 181124:1 0:59 5338:3 0:74 131567:5 0:8 131567:5 0:22 131567:4 0:26 131567:5 0:30 131567:2 0:231 181762:5 0:1 181762:1 0:11
C	476	544580	812	0:80 131567:2 0:48 131567:4 0:4 131567:5 0:1 131567:5 0:70 131567:1 0:13 131567:1 0:19 544580:1 0:3 544580:2 0:4 544580:5 0:40 131567:3 0:53 131567:5 0:6 131567:5 0:38 131567:5 0:2 131567:5 0:4 131567:5 0:92 131567:1 0:10 131567:2 0:7 131567:1 0:13 131567:1 0:11 131567:1 0:19 131567:4 0:63 131567:4 0:6 131567:4 0:19 131567:5 0:7 131567:8 0:58 131567:3
C	478	5302	1170	0:41 490731:3 0:7 490731:5 0:13 490731:1 0:569 181124:1 0:59 5338:3 0:58 131567:2 0:52 131567:4 0:26 131567:5 0:30 131567:2 0:231 181762:5 0:1 181762:1 0:17
C	480	544580	985	0:79 131567:2 0:47 131567:4 0:4 131567:5 0:1 131567:5 0:70 131567:1 0:13 131567:1 0:19 544580:1 0:3 544580:2 0:4 544580:5 0:2 544580:5 0:33 131567:3 0:12 131567:9 0:67 131567:4 0:1 131567:5 0:157 131567:1 0:11 131567:1 0:19 131567:4 0:63 131567:4 0:6 131567:4 0:19 131567:5 0:7 131567:8 0:19 131567:4 0:14 131567:4 0:7 131567:2 0:8 131567:5 0:63 131567:4 0:16 131567:4 0:85
C	481	544580	970	0:22 131567:1 0:58 131567:2 0:48 131567:4 0:4 131567:5 0:1 131567:5 0:70 131567:1 0:13 131567:1 0:19 544580:1 0:3 544580:2 0:4 544580:5 0:2 544580:5 0:44 131567:11 0:1 131567:8 0:17 131567:5 0:6 2093779:5 0:33 131567:5 0:2 131567:5 0:4 131567:5 0:46 131567:1 0:45 131567:1 0:10 131567:2 0:7 131567:1 0:13 131567:1 0:11 131567:1 0:19 131567:4 0:63 131567:4 0:6 131567:4 0:19 131567:5 0:7 131567:8 0:19 131567:4 0:14 131567:4 0:7 131567:2 0:8 131567:5 0:63 131567:4 0:16 131567:4 0:81
C	482	569360	892	0:46 131567:1 147550:2 0:181 3435775:3 0:55 716545:1 0:5 131567:5 0:539 569360:5 0:13 5144:2
C	483	477697	970	0:2 477697:4 0:349 131567:5 0:13 40324:5 0:72 3273430:5 0:152 2:3 0:15 131567:5 0:27 508771:1 0:17 131567:1 0:13 477697:3 0:55 477697:2 0:187
C	484	498019	998	0:149 131567:4 0:79 131567:1 0:13 131567:1 0:74 131567:3 0:49 131567:5 0:6 131567:5 0:16 131567:4 0:1 131567:5 0:77 131567:1 0:16 131567:2 0:26 131567:1 0:10 131567:2 0:7 131567:1 0:13 131567:1 0:11 131567:1 0:95 498019:4 0:19 131567:5 0:7 131567:8 0:19 131567:4 0:14 131567:2 0:163 131567:5 0:16 131567:1 0:18
C	485	544580	977	0:79 131567:2 0:56 131567:5 0:1 131567:5 0:104 544580:1 0:3 544580:2 0:4 544580:5 0:2 544580:5 0:33 131567:3 0:12 131567:11 0:1 131567:8 0:49 131567:4 0:1 131567:5 0:12 131567:5 0:2 131567:5 0:4 131567:5 0:59 131567:2 0:26 131567:1 0:64 131567:4 0:63 131567:4 0:6 131567:4 0:19 131567:5 0:7 131567:8 0:48 131567:2 0:8 131567:5 0:174
C	486	131567	853	0:46 131567:4 0:16 131567:4 0:62 131567:5 0:8 131567:2 0:7 131567:4 0:14 131567:4 0:19 131567:8 0:7 131567:5 0:19 131567:4 0:6 131567:4 0:63 131567:4 0:19 131567:1 0:11 131567:1 0:13 131567:1 0:7 131567:2 0:10 131567:1 0:26 131567:2 0:16 131567:1 0:56 131567:5 0:2 131567:5 0:12 131567:5 0:1 131567:4 0:16 131567:5 0:6 131567:5 0:17 131567:8 0:1 131567:11 0:12 131567:3 0:162 131567:5 0:1 131567:5 0:4 131567:4 0:38
C	487	544580	980	0:82 131567:2 0:48 131567:4 0:4 131567:5 0:1 131567:5 0:69 131567:1 0:13 131567:1 0:19 544580:1 0:3 544580:2 0:4 544580:5 0:2 544580:5 0:45 131567:11 0:1 131567:8 0:17 131567:5 0:6 131567:5 0:16 131567:4 0:1 131567:5 0:12 131567:5 0:2 131567:5 0:4 131567:5 0:46 131567:1 0:16 131567:2 0:60 131567:1 0:11 131567:1 0:85 131567:4 0:6 131567:4 0:19 131567:5 0:7 131567:8 0:46 131567:2 0:8 131567:5 0:83 131567:4 0:89
C	488	477697	982	0:2 477697:4 0:337 477697:1 0:5 477697:5 0:16 2:5 0:3 131567:5 0:29 227086:1 0:61 3273430:5 0:214 131567:1 0:13 477697:3 0:53 477697:2 0:183
C	489	2	946	0:189 477697:2 0:56 477697:3 0:13 131567:1 0:20 40324:5 0:40 2:3 0:149 3273430:5 0:426
C	491	76775	961	0:235 55193:4 0:29 131567:2 0:12 131567:2 0:45 55193:2 0:18 131567:4 0:126 76775:2 0:70 55193:1 0:24 131567:1 0:3 131567:5 0:3 131567:5 0:16 55193:5 0:313
C	492	544580	848	0:45 131567:4 0:16 131567:4 0:87 131567:4 0:14 131567:4 0:39 2916678:5 0:12 131567:4 0:6 131567:4 0:63 131567:4 0:19 131567:1 0:11 131567:1 0:13 131567:1 0:7 131567:2 0:10 131567:1 0:26 131567:2 0:16 131567:1 0:46 131567:5 0:4 131567:5 0:2 131567:5 0:38 131567:5 0:6 131567:5 0:17 131567:8 0:1 131567:11 0:12 131567:3 0:33 544580:5 0:2 544580:5 0:4 544580:2 0:3 544580:1 0:19 131567:1 0:13 131567:1 0:69 131567:5 0:1 131567:5 0:4 131567:4 0:38
C	493	3273430	968	0:473 3273430:5 0:96 2:5 0:355
C	495	131567	1162	0:94 9606:7 0:58 573:1 0:207 477697:5 0:39 477697:2 0:90 40324:5 0:84 3273430:5 0:205 131567:5 0:8 131567:3 0:310
C	496	131567	567	0:46 131567:4 0:16 131567:4 0:63 131567:5 0:8 131567:2 0:49 131567:8 0:7 131567:5 0:19 131567:4 0:6 131567:4 0:51 131567:5 0:9 131567:4 0:19 131567:1 0:11 131567:1 0:13 131567:1 0:7 131567:2 0:10 131567:1 0:26 131567:2 0:16 131567:1 0:103
C	497	4751	816	0:188 4751:5 0:10 131567:5 0:7 131567:5 0:267 131567:3 0:50 131567:5 0:237
C	498	715989	758	0:149 332648:5 0:2 716545:1 0:22 131567:2 0:13 131567:5 0:4 716546:3 0:34 716546:2 0:9 716546:1 0:43 131567:6 0:140 2707174:5 0:23 716546:5 0:1 131567:3 5144:5 0:28 131567:1 0:16 131567:5 0:7 131567:4 0:180
C	499	544580	844	0:48 131567:4 0:16 131567:4 0:70 131567:2 0:7 131567:4 0:14 131567:4 0:19 131567:8 0:7 131567:5 0:19 131567:4 0:6 131567:4 0:63 131567:4 0:19 131567:1 0:32 131567:2 0:10 131567:1 0:26 131567:2 0:16 131567:1 0:60 131567:5 0:39 131567:5 0:6 131567:5 0:17 131567:8 0:1 131567:11 0:12 131567:3 0:33 544580:5 0:2 544580:5 0:4 544580:2 0:3 544580:1 0:19 131567:1 0:13 131567:1 0:70 131567:5 0:1 131567:5 0:4 131567:4 0:38
C	500	544580	992	0:22 131567:1 0:58 131567:2 0:48 131567:4 0:4 131567:5 0:1 131567:5 0:69 131567:1 0:13 131567:1 0:19 544580:1 0:3 544580:2 0:4 544580:5 0:2 544580:5 0:33 131567:3 0:12 131567:11 0:1 131567:8 0:17 131567:5 0:6 131567:5 0:16 131567:4 0:1 131567:5 0:79 131567:1 0:79 131567:1 0:11 131567:1 0:19 131567:4 0:63 131567:4 0:6 131567:4 0:60 131567:4 0:14 131567:4 0:7 131567:2 0:8 131567:5 0:83 131567:4 0:51 131567:5 0:16 131567:1 0:20
C	501	544580	845	0:46 131567:4 0:16 131567:4 0:63 131567:5 0:8 131567:2 0:7 131567:4 0:14 131567:4 0:19 131567:8 0:7 131567:5 0:19 131567:4 0:6 131567:4 0:85 131567:1 0:11 131567:1 0:13 131567:1 0:7 131567:2 0:10 131567:1 0:26 131567:2 0:16 131567:1 0:46 131567:5 0:4 131567:5 0:2 131567:5 0:12 131567:5 0:1 131567:4 0:16 131567:5 0:6 131567:5 0:17 131567:8 0:57 544580:5 0:2 544580:5 0:4 544580:2 0:3 544580:1 0:19 131567:1 0:13 131567:1 0:69 131567:5 0:1 131567:5 0:4 131567:4 0:38
C	502	181762	1066	0:8 181762:1 0:1 181762:5 0:234 131567:2 0:30 131567:5 0:26 131567:4 0:22 131567:5 0:8 131567:9 0:5 131567:5 0:58 5338:3 0:59 181124:1 0:118 131567:1 0:10 131567:3 0:409
C	503	477697	954	0:190 477697:2 0:88 131567:7 2:6 0:14 131567:5 0:15 2:3 0:22 2:1 0:129 3273430:5 0:60 227086:1 0:29 131567:5 0:3 2:5 0:16 477697:5 0:309
C	504	477697	778	0:189 477697:2 0:55 477697:3 0:13 131567:1 0:18 131567:7 2:6 0:58 2:1 0:128 3273430:5 0:89 131567:5 0:3 2:5 0:16 477697:5 0:5 477697:1 0:129
C	505	544580	978	0:22 131567:1 0:58 131567:2 0:48 131567:4 0:4 131567:5 0:1 131567:5 0:69 131567:1 0:13 131567:1 0:19 544580:1 0:3 544580:2 0:4 544580:5 0:2 544580:5 0:33 131567:3 0:57 131567:5 0:16 131567:4 0:1 131567:5 0:12 131567:5 0:2 131567:5 0:4 131567:5 0:46 131567:1 0:16 131567:2 0:43 131567:1 0:13 131567:1 0:11 131567:1 0:19 131567:4 0:63 131567:4 0:6 131567:4 0:19 131567:5 0:51 131567:4 0:83 131567:4 0:16 131567:4 0:51 131567:5 0:16 131567:1 0:18
C	506	131567	1066	0:286 131567:5 0:26 131567:4 0:22 131567:5 0:8 131567:9 0:5 131567:5 0:657
C	507	477697	928	0:232 477697:3 0:13 131567:1 0:18 131567:7 2:6 0:253 227086:1 0:57 477697:5 0:5 477697:1 0:292
C	508	544580	844	0:45 131567:4 0:16 131567:4 0:61 131567:5 0:35 131567:4 0:19 131567:8 0:7 131567:5 0:19 131567:4 0:6 131567:4 0:64 131567:4 0:19 131567:1 0:11 131567:1 0:77 131567:1 0:62 131567:5 0:12 131567:5 0:1 131567:4 0:16 131567:5 0:6 131567:5 0:17 131567:8 0:1 131567:11 0:12 131567:3 0:33 544580:5 0:37 131567:1 0:13 131567:1 0:69 131567:5 0:1 131567:5 0:4 131567:4 0:35
C	509	131567	857	0:46 131567:4 0:16 131567:4 0:63 131567:5 0:8 131567:2 0:49 131567:8 0:7 131567:5 0:19 131567:4 0:6 131567:5 0:62 131567:4 0:19 131567:1 0:11 131567:1 0:13 131567:1 0:47 131567:2 0:16 131567:1 0:46 131567:5 0:4 131567:5 0:2 131567:5 0:12 131567:5 0:1 131567:4 0:16 131567:5 0:6 131567:5 0:17 131567:8 0:1 131567:11 0:12 131567:3 0:164 131567:5 0:1 131567:5 0:4 131567:4 0:38
C	510	477697	1336	0:38 168172:5 0:275 477697:5 0:34 477697:4 0:355 131567:5 0:244 2:3 0:15 131567:5 0:20 40324:5 0:20 131567:1 0:13 477697:3 0:55 477697:2 0:195
C	511	544580	844	0:193 131567:8 0:7 131567:5 0:19 131567:4 0:6 131567:4 0:63 131567:4 0:19 131567:1 0:11 131567:1 0:13 131567:1 0:7 131567:2 0:10 131567:1 0:26 131567:2 0:60 131567:5 0:4 131567:5 0:2 131567:5 0:12 131567:5 0:1 131567:4 0:16 131567:5 0:6 131567:5 0:17 131567:8 0:1 131567:11 0:12 131567:3 0:33 544580:5 0:2 544580:5 0:4 544580:2 0:3 544580:1 0:104 131567:5 0:1 131567:5 0:4 131567:4 0:38
C	512	544580	976	0:22 131567:1 0:58 131567:2 0:48 131567:4 0:4 131567:5 0:1 131567:5 0:69 131567:1 0:13 131567:1 0:19 544580:1 0:3 544580:2 0:4 544580:5 0:2 544580:5 0:44 131567:11 0:1 131567:8 0:17 131567:5 0:6 131567:5 0:16 131567:1 0:12 131567:4 0:5 131567:5 0:2 131567:5 0:4 131567:5 0:46 131567:1 0:16 131567:2 0:61 131567:1 0:11 131567:1 0:82 131567:4 0:6 131567:4 0:38 131567:1 0:19 131567:4 0:14 131567:4 0:7 131567:2 0:8 131567:5 0:81 131567:4 0:51 131567:5 0:16 131567:1 0:16
C	514	544580	617	0:240 131567:5 0:4 131567:5 0:2 131567:5 0:39 131567:5 0:6 131567:5 0:17 131567:8 0:1 131567:11 0:12 131567:3 0:53 544580:1 0:19 131567:1 0:13 131567:1 0:70 131567:5 0:1 131567:5 0:4 131567:4 0:38
C	515	3273430	1159	0:22 9606:5 0:20 9606:5 0:2 9606:2 0:57 9606:3 0:289 477697:2 0:55 477697:3 0:13 131567:1 0:20 40324:5 0:40 2:3 0:41 3273430:5 0:104 3273430:5 0:93 131567:5 0:3 2:5 0:317
C	516	544580	952	0:177 131567:4 0:63 131567:5 0:8 131567:2 0:7 131567:4 0:75 131567:4 0:6 131567:4 0:63 131567:4 0:19 131567:1 0:11 131567:1 0:13 131567:1 0:7 131567:2 0:10 131567:1 0:87 131567:2 0:4 131567:5 0:2 131567:5 0:12 131567:5 0:1 131567:4 0:16 131567:5 0:6 131567:5 0:17 131567:4 0:80 544580:2 0:3 544580:1 0:19 131567:1 0:13 131567:1 0:70 131567:5 0:1 131567:5 0:4 131567:4 0:37
C	517	131567	980	0:128 131567:4 0:4 131567:5 0:1 131567:5 0:71 131567:1 0:13 131567:1 0:72 131567:3 0:12 131567:11 0:1 131567:8 0:17 131567:5 0:6 131567:5 0:16 131567:4 0:1 131567:5 0:12 131567:5 0:2 131567:5 0:4 131567:5 0:46 131567:1 0:45 131567:1 0:10 131567:2 0:7 131567:1 0:13 131567:1 0:11 131567:1 0:19 131567:4 0:63 131567:4 0:6 131567:4 0:19 131567:5 0:7 131567:8 0:19 131567:4 0:14 131567:4 0:7 131567:2 0:8 131567:5 0:63 131567:4 0:16 131567:5 0:85
C	518	332648	897	0:250 716546:4 0:50 131567:1 0:98 37727:1 0:114 131567:6 0:43 716546:1 0:9 716546:2 0:34 716546:3 0:4 131567:5 0:13 131567:2 0:22 716545:1 0:2 332648:2 0:196
C	519	544580	1264	0:22 131567:1 0:58 131567:2 0:48 131567:4 0:4 131567:5 0:1 131567:5 0:65 131567:1 0:13 131567:1 0:19 544580:1 0:3 544580:2 0:4 544580:5 0:2 544580:5 0:33 131567:3 0:12 131567:11 0:1 131567:8 0:17 131567:5 0:6 131567:5 0:16 131567:4 0:1 131567:5 0:12 131567:5 0:2 131567:5 0:4 131567:5 0:46 131567:1 0:16 131567:2 0:26 131567:1 0:10 131567:2 0:7 131567:1 0:13 131567:1 0:11 131567:1 0:19 131567:4 0:63 131567:4 0:6 131567:4 0:19 131567:5 0:7 131567:8 0:19 131567:4 0:14 131567:4 0:7 131567:2 0:8 131567:5 0:63 131567:4 0:16 131567:4 0:51 131567:5 0:16 131567:1 0:19 131567:1 0:185 9606:5 0:5 9606:5 0:79
C	520	544580	897	0:68 131567:4 0:63 131567:5 0:8 131567:2 0:7 131567:4 0:14 131567:4 0:19 131567:1 0:39 131567:4 0:6 131567:4 0:97 131567:1 0:13 131567:1 0:7 131567:2 0:10 131567:1 0:26 131567:2 0:16 131567:1 0:46 131567:5 0:4 131567:5 0:47 131567:5 0:6 131567:5 0:17 131567:8 0:1 131567:11 0:12 131567:3 0:33 544580:5 0:2 544580:5 0:4 544580:2 0:3 544580:1 0:19 131567:1 0:13 131567:1 0:71 131567:5 0:1 131567:5 0:4 131567:4 0:48 131567:1 0:31
C	521	131567	832	0:46 131567:4 0:16 131567:4 0:64 131567:5 0:8 131567:2 0:7 131567:4 0:80 131567:4 0:228 131567:5 0:39 131567:5 0:6 131567:5 0:17 131567:3 0:189 131567:5 0:1 131567:5 0:4 131567:4 0:38
C	522	544580	972	0:248 544580:1 0:55 131567:3 0:12 131567:11 0:1 131567:8 0:17 131567:5 0:30 131567:5 0:79 131567:1 0:16 131567:2 0:91 131567:4 0:63 131567:4 0:6 131567:4 0:19 131567:5 0:7 131567:8 0:19 131567:4 0:14 131567:4 0:7 131567:2 0:8 131567:5 0:63 131567:4 0:16 131567:4 0:74 131567:1 0:8
C	523	477697	1273	0:252 477697:5 0:71 1884633:1 0:328 131567:5 0:94 3273430:3 0:148 2:3 0:39 40324:5 0:20 131567:1 0:71 477697:2 0:191
C	524	477697	940	0:188 477697:2 0:156 2:1 0:125 3273430:4 0:60 227086:1 0:29 131567:5 0:3 2:5 0:16 477697:5 0:5 477697:1 0:300
C	525	544580	896	0:44 131567:4 0:16 131567:4 0:63 131567:5 0:8 131567:2 0:7 131567:4 0:14 131567:4 0:34 131567:4 0:19 131567:4 0:6 131567:4 0:63 131567:4 0:32 131567:1 0:13 131567:1 0:7 131567:2 0:10 131567:1 0:26 131567:2 0:119 131567:5 0:6 131567:5 0:86 544580:5 0:2 544580:5 0:4 544580:2 0:3 544580:1 0:19 131567:1 0:13 131567:1 0:68 131567:5 0:1 131567:5 0:4 131567:4 0:48 131567:1 42260:5 0:36
C	526	544580	1260	0:21 9606:2 0:234 131567:5 0:38 131567:1 0:106 131567:4 0:4 131567:5 0:1 131567:5 0:70 131567:1 0:13 131567:1 0:19 544580:1 0:3 544580:2 0:4 544580:5 0:2 544580:5 0:46 131567:11 0:1 131567:8 0:17 131567:5 0:6 131567:5 0:16 131567:4 0:1 131567:5 0:12 131567:5 0:2 131567:5 0:4 131567:5 0:65 131567:2 0:26 131567:1 0:45 131567:1 0:19 131567:4 0:63 131567:4 0:6 131567:4 0:19 131567:5 0:7 131567:8 0:19 131567:4 0:14 131567:4 0:7 131567:2 0:8 131567:5 0:63 131567:4 0:16 131567:4 0:51 131567:5 0:16 131567:1 0:14
C	527	544580	979	0:22 131567:1 0:57 131567:2 0:48 131567:4 0:4 131567:5 0:1 131567:5 0:70 131567:1 0:13 131567:1 0:19 544580:1 0:3 544580:2 0:4 544580:5 0:2 544580:5 0:33 131567:3 0:12 131567:11 0:1 131567:8 0:50 131567:4 0:1 131567:5 0:12 131567:5 0:2 131567:5 0:4 131567:5 0:93 131567:1 0:10 131567:2 0:7 131567:1 0:13 131567:1 0:11 131567:1 0:19 131567:4 0:61 131567:4 0:6 131567:4 0:19 131567:5 0:7 131567:8 0:19 131567:4 0:14 131567:4 0:7 131567:2 0:8 131567:5 0:63 131567:4 0:71 131567:5 0:16 131567:1 0:9
C	528	2916678	594	0:46 131567:4 0:16 131567:4 0:63 131567:5 0:8 131567:2 0:7 131567:4 0:14 131567:4 0:39 2916678:5 0:12 131567:4 0:6 131567:4 0:64 131567:4 0:19 131567:1 0:11 131567:1 0:13 131567:1 0:7 131567:2 0:10 131567:1 0:26 131567:2 0:16 131567:1 0:46 131567:5 0:4 131567:5 0:2 131567:5 0:48 131567:5 0:14
C	529	2	1055	0:259 477697:2 0:55 477697:3 0:82 2:3 0:226 40324:5 0:13 131567:5 0:3 2:5 0:360
C	533	5144	760	0:154 332648:2 0:2 716545:1 0:22 131567:2 0:13 131567:5 0:4 716546:3 0:34 716546:2 0:9 716546:1 0:43 131567:6 0:112 37727:1 0:56 716546:5 0:1 131567:3 5144:5 0:28 131567:1 0:16 131567:5 0:7 131567:4 0:10 131567:2 0:5 716546:4 0:158
C	534	40324	924	0:189 477697:2 0:55 477697:3 0:13 131567:1 0:20 40324:5 0:20 131567:5 0:15 2:3 0:150 3273430:5 0:72 40324:5 0:13 131567:5 0:3 2:5 0:301
C	535	544580	843	0:45 131567:4 0:16 131567:4 0:84 131567:4 0:14 131567:4 0:57 131567:4 0:6 131567:4 0:63 131567:4 0:19 131567:1 0:11 131567:1 0:13 131567:1 0:7 131567:2 0:10 131567:1 0:26 131567:2 0:59 131567:5 0:4 131567:5 0:2 131567:5 0:30 131567:5 0:3 131567:5 0:6 131567:5 0:17 131567:8 0:1 131567:11 0:12 131567:3 0:33 544580:5 0:2 544580:5 0:4 544580:2 0:3 544580:1 0:19 131567:1 0:13 131567:1 0:70 131567:5 0:1 131567:5 0:4 131567:4 0:38
C	536	181762	1067	0:8 181762:1 0:1 181762:5 0:235 131567:2 0:30 131567:5 0:26 131567:4 0:22 131567:5 0:8 131567:9 0:5 131567:5 0:58 5338:3 0:59 181124:1 0:61 4751:2 0:56 131567:1 0:10 131567:3 0:408
C	537	569360	803	0:9 569360:5 0:179 5144:2 0:9 5125:5 0:2 5125:5 0:8 131567:5 0:4 716546:3 0:28 131567:2 0:54 147550:5 0:166 716546:5 0:1 131567:3 5144:5 0:28 131567:1 0:16 131567:5 0:5 716545:1 0:208
C	538	131567	849	0:46 131567:4 0:16 131567:4 0:63 131567:5 0:8 131567:2 0:7 131567:4 0:14 131567:4 0:19 131567:8 0:7 131567:5 0:19 131567:4 0:6 131567:4 0:65 131567:2 0:19 131567:1 0:11 131567:1 0:13 131567:1 0:7 131567:2 0:10 131567:1 0:44 131567:1 0:46 131567:5 0:4 131567:5 0:2 131567:5 0:12 131567:5 0:1 131567:4 0:16 131567:5 0:6 131567:5 0:17 131567:8 0:1 131567:11 0:12 131567:3 0:74 131567:1 0:13 131567:1 0:70 131567:5 0:1 131567:5 0:4 131567:4 0:37
C	539	544580	1004	0:22 131567:1 0:58 131567:2 0:48 131567:4 0:4 131567:5 0:1 131567:5 0:70 131567:1 0:13 131567:1 0:19 544580:1 0:3 544580:2 0:4 544580:5 0:2 544580:5 0:33 131567:3 0:12 131567:11 0:1 131567:8 0:17 131567:5 0:6 131567:5 0:16 131567:4 0:1 131567:5 0:12 131567:5 0:2 131567:5 0:4 131567:5 0:46 131567:1 0:16 131567:2 0:26 131567:1 0:10 131567:2 0:7 131567:1 0:13 131567:1 0:11 131567:1 0:19 131567:4 0:72 131567:4 0:19 131567:5 0:7 131567:8 0:19 131567:4 0:14 131567:4 0:7 131567:2 0:8 131567:5 0:182 131567:1 0:12
C	540	544580	833	0:44 131567:5 0:98 4893:1 0:5 131567:3 0:14 131567:4 0:19 131567:8 0:134 131567:1 0:11 131567:1 0:13 131567:1 0:7 131567:2 0:95 131567:5 0:4 131567:5 0:40 131567:5 0:6 131567:5 0:49 131567:3 0:33 544580:5 0:48 131567:1 0:73 131567:5 0:4 131567:4 0:38
C	541	477697	524	0:250 477697:5 0:34 477697:2 0:199
C	542	477697	993	0:2 477697:2 0:36 1884633:1 0:320 2:5 0:3 131567:5 0:202 3273430:5 0:41 2:3 0:40 40324:5 0:20 131567:1 0:13 477697:3 0:55 477697:2 0:195
C	543	5144	893	0:23 131567:3 0:227 716546:4 0:5 131567:2 0:10 131567:4 0:7 131567:5 0:16 131567:1 0:28 5144:5 131567:3 0:1 716546:5 0:167 131567:6 0:84 716546:3 0:4 131567:5 0:13 131567:2 0:22 716545:1 0:2 332648:2 0:199
C	544	544580	846	0:46 131567:4 0:16 131567:4 0:74 131567:2 0:7 131567:4 0:14 131567:4 0:19 131567:8 0:7 131567:5 0:19 131567:4 0:6 131567:4 0:63 131567:4 0:19 131567:1 0:11 131567:1 0:13 131567:1 0:7 131567:2 0:10 131567:1 0:45 131567:1 0:47 131567:2 0:4 131567:5 0:2 131567:5 0:46 131567:5 0:17 131567:8 0:1 131567:11 0:12 131567:3 0:33 544580:5 0:2 544580:5 0:4 544580:2 0:3 544580:1 0:19 131567:1 0:13 131567:1 0:70 131567:5 0:1 131567:5 0:4 131567:4 0:40
C	545	544580	991	0:22 131567:1 0:58 131567:2 0:47 131567:4 0:4 131567:5 0:1 131567:5 0:70 131567:1 0:13 131567:1 0:19 544580:1 0:3 544580:2 0:4 544580:5 0:2 544580:5 0:33 131567:3 0:12 131567:11 0:1 131567:5 0:52 131567:4 0:1 131567:5 0:12 131567:5 0:2 131567:5 0:4 131567:5 0:91 131567:1 0:10 131567:2 0:7 131567:1 0:13 131567:1 0:11 131567:1 0:19 131567:4 0:63 131567:4 0:6 131567:4 0:19 131567:5 0:7 131567:8 0:19 131567:4 0:14 131567:4 0:7 131567:2 0:8 131567:5 0:63 131567:4 0:16 131567:4 0:54 131567:5 0:16 131567:1 0:19
C	546	181762	1063	0:8 181762:1 0:1 181762:5 0:231 131567:2 0:29 131567:5 0:26 131567:4 0:22 131567:5 0:8 131567:9 0:5 131567:5 0:58 5338:3 0:60 181124:1 0:61 4751:2 0:56 131567:1 0:10 131567:3 0:408
C	547	544580	850	0:46 131567:4 0:16 131567:4 0:102 131567:4 0:19 131567:8 0:7 131567:5 0:19 131567:4 0:6 131567:4 0:63 131567:4 0:19 131567:1 0:11 131567:1 0:13 131567:1 0:7 131567:2 0:10 131567:1 0:44 131567:1 0:45 131567:5 0:4 131567:5 0:2 131567:5 0:39 131567:5 0:6 131567:5 0:17 131567:8 0:1 131567:11 0:12 131567:3 0:33 544580:5 0:2 544580:5 0:4 544580:2 0:3 544580:1 0:19 131567:1 0:13 131567:1 0:69 131567:5 0:1 131567:5 0:4 131567:4 0:40
C	548	131567	927	0:22 131567:1 0:99 131567:4 0:4 131567:3 0:179 131567:11 0:1 131567:8 0:17 131567:5 0:6 131567:5 0:45 131567:5 0:4 131567:5 0:83 131567:2 0:7 131567:1 0:13 131567:1 0:11 131567:1 0:118 131567:1 0:19 131567:4 0:14 131567:4 0:7 131567:2 0:8 131567:5 0:137 131567:5 0:16 131567:1 0:9
C	549	544580	840	0:46 131567:4 0:16 131567:4 0:63 131567:5 0:8 131567:2 0:7 131567:4 0:14 131567:4 0:34 131567:4 0:19 131567:4 0:6 131567:4 0:63 131567:4 0:19 131567:1 0:11 131567:1 0:13 131567:1 0:7 131567:2 0:10 131567:1 0:26 131567:2 0:16 131567:1 0:46 131567:5 0:4 131567:5 0:2 131567:5 0:37 131567:5 0:6 131567:5 0:17 131567:8 0:1 131567:11 0:12 131567:3 0:33 544580:5 0:2 544580:5 0:4 544580:2 0:3 544580:1 0:19 131567:1 0:13 131567:1 0:70 131567:5 0:1 131567:5 0:4 131567:4 0:30
C	550	1224	915	0:275 40324:5 0:20 131567:5 0:15 2:3 0:149 3273430:5 0:90 131567:5 0:309
C	551	477697	951	0:285 2:7 0:14 131567:5 0:15 2:3 0:22 2:1 0:127 3273430:5 0:60 227086:1 0:29 131567:5 0:3 2:5 0:16 477697:5 0:5 477697:1 0:303
C	552	569360	894	0:2 1760811:4 0:42 131567:1 147550:2 0:28 147550:1 0:221 716545:1 0:5 131567:5 0:16 131567:1 0:28 5144:5 131567:3 0:1 716546:5 0:160 147550:5 0:32 716546:1 0:51 716546:3 0:4 131567:5 0:8 5125:5 0:2 5125:5 0:9 5144:2 0:184 569360:5 0:8
C	553	544580	1068	0:225 131567:5 0:1 131567:5 0:70 131567:1 0:13 131567:1 0:19 544580:1 0:3 544580:2 0:4 544580:5 0:2 544580:5 0:33 131567:3 0:12 131567:11 0:1 131567:8 0:17 131567:5 0:6 131567:5 0:16 131567:4 0:1 131567:5 0:12 131567:5 0:2 131567:5 0:4 131567:5 0:90 131567:1 0:10 131567:2 0:7 131567:1 0:13 131567:1 0:11 131567:1 0:19 131567:4 0:63 131567:4 0:6 131567:4 0:89 131567:2 0:8 131567:5 0:63 131567:4 0:16 131567:4 0:84
C	554	131567	729	0:67 131567:11 0:1 131567:8 0:17 131567:5 0:6 131567:5 0:16 131567:4 0:1 131567:5 0:12 131567:5 0:2 131567:5 0:4 131567:5 0:46 131567:1 0:43 131567:1 0:10 131567:2 0:7 131567:1 0:13 131567:1 0:11 131567:1 0:19 131567:4 0:63 131567:4 0:6 131567:4 0:19 131567:5 0:7 131567:8 0:19 131567:4 0:14 131567:4 0:7 131567:2 0:8 131567:5 0:63 131567:4 0:16 131567:4 0:90
C	555	544580	849	0:46 131567:4 0:16 131567:4 0:61 131567:5 0:8 131567:2 0:7 131567:4 0:37 131567:8 0:7 131567:5 0:99 131567:4 0:19 131567:1 0:11 131567:1 0:13 131567:1 0:7 131567:2 0:10 131567:1 0:92 131567:5 0:4 131567:5 0:2 131567:5 0:45 131567:5 0:17 131567:8 0:1 131567:11 0:12 131567:5 0:32 544580:5 0:2 544580:5 0:4 544580:2 0:3 544580:1 0:19 131567:1 0:13 131567:1 0:70 131567:5 0:1 131567:5 0:4 131567:4 0:38
C	556	544580	691	0:44 131567:4 0:16 131567:4 0:65 131567:5 0:8 131567:2 0:7 131567:4 0:14 131567:4 0:19 131567:8 0:7 131567:5 0:19 131567:4 0:6 131567:4 0:98 131567:1 0:13 131567:1 0:7 131567:2 0:10 131567:1 0:26 131567:2 0:16 131567:1 0:46 131567:5 0:4 131567:5 0:2 131567:5 0:12 131567:5 0:1 131567:4 0:16 131567:5 0:6 131567:5 0:17 131567:8 0:1 131567:11 0:12 131567:3 0:33 544580:5 0:2 544580:5 0:4 544580:2 0:3 544580:1 0:2
C	557	544580	985	0:22 131567:1 0:111 131567:4 0:4 131567:5 0:1 131567:5 0:69 131567:1 0:13 131567:1 0:19 544580:1 0:3 544580:2 0:4 544580:5 0:2 544580:5 0:33 131567:3 0:49 131567:5 0:6 131567:5 0:16 131567:4 0:1 131567:5 0:12 131567:5 0:2 131567:5 0:4 131567:5 0:60 131567:2 0:26 131567:1 0:10 131567:2 0:7 131567:1 0:13 131567:1 0:11 131567:1 0:19 131567:4 0:63 131567:4 0:6 131567:4 0:19 131567:5 0:7 131567:8 0:19 131567:4 0:14 131567:4 0:7 131567:2 0:8 131567:5 0:63 131567:4 0:71 131567:5 0:16 131567:1 0:16
C	558	5302	1165	0:50 490731:5 0:13 490731:1 0:447 131567:1 0:56 4751:2 0:189 131567:9 0:8 131567:5 0:22 131567:4 0:26 131567:5 0:30 131567:2 0:232 181762:5 0:1 181762:1 0:17
C	559	544580	1018	0:54 131567:1 0:58 131567:2 0:136 131567:1 0:13 131567:1 0:19 544580:1 0:3 544580:2 0:4 544580:5 0:2 544580:5 0:33 131567:3 0:12 131567:11 0:1 131567:8 0:17 131567:5 0:6 131567:5 0:16 131567:4 0:1 131567:5 0:12 131567:5 0:2 131567:5 0:4 131567:5 0:90 131567:1 0:10 131567:2 0:7 131567:1 0:13 131567:1 0:11 131567:1 0:19 131567:4 0:63 131567:4 0:6 131567:4 0:19 131567:5 0:7 131567:8 0:19 131567:4 0:14 131567:4 0:7 131567:2 0:8 131567:5 0:140 131567:5 0:16 131567:1 0:16
C	560	544580	1013	0:61 131567:1 0:106 131567:4 0:4 131567:5 0:106 544580:1 0:3 544580:2 0:4 544580:5 0:53 131567:11 0:1 131567:8 0:17 131567:5 0:47 131567:5 0:4 131567:5 0:237 131567:4 0:58 131567:4 0:14 131567:4 0:7 131567:2 0:8 131567:5 0:63 131567:4 0:70 131567:5 0:13 131567:4 0:19
C	561	544580	845	0:46 131567:4 0:16 131567:4 0:74 131567:2 0:25 131567:4 0:36 131567:4 0:96 131567:4 0:19 131567:1 0:44 131567:1 0:106 131567:5 0:12 131567:5 0:1 131567:4 0:16 131567:5 0:6 131567:5 0:17 131567:8 0:1 131567:11 0:12 131567:3 0:33 544580:5 0:2 544580:5 0:4 544580:2 0:3 544580:1 0:159
C	563	181762	1256	0:601 131567:3 0:10 131567:1 0:56 4751:2 0:62 181124:1 0:59 5338:3 0:58 131567:5 0:5 131567:9 0:8 131567:5 0:51 131567:5 0:30 131567:2 0:229 181762:5 0:1 181762:1 0:10
C	564	2	974	0:442 3273430:5 0:150 2:3 0:65 131567:1 0:126 83262:5 0:143
C	565	1328300	994	0:129 131567:4 0:4 131567:5 0:1 131567:5 0:70 131567:1 0:13 131567:1 0:92 131567:11 0:1 131567:8 0:17 131567:5 0:48 131567:5 0:2 131567:5 0:76 131567:2 0:71 131567:1 0:19 131567:4 0:63 131567:4 0:6 131567:4 0:32 1328300:1 0:26 131567:4 0:14 131567:4 0:7 131567:2 0:8 131567:5 0:63 131567:4 0:95 131567:1 0:17
C	566	544580	848	0:44 131567:4 0:16 131567:4 0:64 131567:5 0:8 131567:2 0:7 131567:4 0:14 131567:4 0:57 131567:4 0:6 131567:4 0:63 131567:4 0:19 131567:1 0:11 131567:1 0:13 131567:1 0:47 131567:2 0:62 131567:5 0:4 131567:5 0:2 131567:5 0:49 131567:5 0:17 131567:8 0:1 131567:11 0:12 131567:3 0:33 544580:5 0:2 544580:5 0:4 544580:2 0:3 544580:1 0:19 131567:1 0:13 131567:1 0:70 131567:5 0:1 131567:5 0:4 131567:4 0:38
C	568	544580	856	0:46 131567:4 0:16 131567:4 0:63 131567:5 0:8 131567:2 0:7 131567:4 0:77 131567:4 0:6 131567:4 0:66 131567:4 0:19 131567:1 0:11 131567:1 0:59 131567:2 0:76 131567:5 0:2 131567:5 0:48 131567:5 0:17 131567:8 0:1 131567:11 0:12 131567:3 0:33 544580:5 0:2 544580:5 0:4 544580:2 0:3 544580:1 0:19 131567:1 0:13 131567:1 0:76 131567:5 0:4 131567:4 0:38
C	569	544580	853	0:46 131567:4 0:16 131567:4 0:68 131567:5 0:8 131567:2 0:7 131567:4 0:37 131567:7 0:7 131567:5 0:19 131567:4 0:6 131567:4 0:62 131567:4 0:19 131567:1 0:11 131567:1 0:13 131567:1 0:7 131567:2 0:10 131567:1 0:26 131567:2 0:16 131567:1 0:62 131567:5 0:38 131567:5 0:6 131567:5 0:17 131567:8 0:1 131567:11 0:12 131567:3 0:33 544580:5 0:2 544580:5 0:4 544580:2 0:3 544580:1 0:19 131567:1 0:13 131567:1 0:70 131567:5 0:1 131567:5 0:4 131567:4 0:38
C	570	2	907	0:279 131567:5 0:15 2:3 0:571
C	571	5144	835	0:231 332648:2 0:2 716545:1 0:22 131567:2 0:13 131567:5 0:4 716546:3 0:34 716546:2 0:9 716546:1 0:42 131567:4 0:113 37727:1 0:56 716546:5 0:1 131567:3 5144:5 0:28 131567:1 0:16 131567:5 0:7 131567:4 0:10 131567:2 0:5 716546:4 0:158
C	572	1224	934	0:279 40324:5 0:85 3273430:5 0:205 131567:5 0:3 2:5 0:308
C	573	40324	1010	0:383 2:5 0:3 131567:5 0:13 40324:5 0:70 3273430:5 0:169 131567:5 0:20 40324:5 0:20 131567:1 0:13 477697:3 0:55 477697:2 0:194
C	574	477697	1387	0:360 477697:5 0:34 477697:2 0:36 1884633:1 0:323 2:5 0:3 131567:5 0:93 3273430:5 0:102 3273430:5 0:41 2:3 0:40 40324:5 0:20 131567:1 0:13 477697:3 0:55 477697:2 0:191
C	575	40324	926	0:184 477697:5 0:90 40324:5 0:20 131567:5 0:15 2:3 0:229 40324:5 0:13 131567:5 0:313
C	576	544580	1052	0:95 131567:1 0:115 131567:5 0:1 131567:5 0:70 131567:1 0:13 131567:1 0:19 544580:1 0:3 544580:2 0:4 544580:5 0:2 544580:5 0:33 131567:3 0:12 131567:11 0:1 131567:8 0:17 131567:5 0:6 131567:5 0:16 131567:4 0:1 131567:5 0:12 131567:5 0:62 131567:1 0:16 131567:2 0:26 131567:1 0:10 131567:2 0:7 131567:1 0:13 131567:1 0:11 131567:1 0:19 131567:4 0:63 131567:4 0:6 131567:4 0:19 131567:5 0:7 131567:8 0:19 131567:4 0:14 131567:4 0:7 131567:2 0:8 131567:5 0:63 131567:4 0:71 131567:5 0:16 131567:1 0:10
C	577	544580	839	0:66 131567:4 0:63 131567:5 0:8 131567:2 0:7 131567:4 0:306 131567:5 0:4 131567:5 0:2 131567:5 0:39 131567:5 0:6 131567:5 0:17 131567:8 0:1 131567:11 0:12 131567:3 0:33 544580:5 0:37 131567:1 0:13 131567:1 0:65 131567:5 0:1 131567:5 0:4 131567:4 0:38
C	579	1224	966	0:444 3273430:5 0:150 2:3 0:15 131567:5 0:20 40324:5 0:88 477697:2 0:195
C	580	3273430	992	0:2 477697:2 0:36 1884633:1 0:324 2:5 0:3 131567:5 0:92 3273430:5 0:103 3273430:5 0:84 40324:5 0:20 131567:1 0:73 477697:2 0:190
C	581	477697	922	0:144 477697:5 0:93 477697:3 0:33 40324:5 0:84 3273430:5 0:191 131567:5 0:3 2:5 0:312
C	582	1760	946	0:26 211114:5 0:161 477697:2 0:55 477697:3 0:77 2:3 0:22 2:1 0:127 3273430:1 0:60 227086:1 0:29 131567:5 0:3 2:5 0:326
C	583	544580	977	0:22 131567:1 0:58 131567:2 0:141 131567:1 0:13 131567:1 0:19 544580:1 0:3 544580:2 0:4 544580:5 0:2 544580:5 0:33 131567:3 0:12 131567:11 0:1 131567:5 0:55 131567:5 0:12 131567:5 0:102 131567:1 0:10 131567:2 0:7 131567:1 0:13 131567:1 0:11 131567:1 0:19 131567:4 0:63 131567:4 0:6 131567:4 0:19 131567:5 0:7 131567:8 0:19 131567:4 0:14 131567:4 0:7 131567:2 0:77 131567:4 0:16 131567:4 0:82
C	584	131567	509	0:67 131567:3 0:12 131567:11 0:1 131567:8 0:17 131567:5 0:6 131567:5 0:16 131567:4 0:1 131567:5 0:12 131567:5 0:2 131567:5 0:4 131567:5 0:46 131567:1 0:16 131567:2 0:26 131567:1 0:10 131567:2 0:7 131567:1 0:13 131567:1 0:11 131567:1 0:19 131567:4 0:63 131567:4 0:6 131567:4 0:19 131567:5 0:7 131567:8 0:4
C	585	544580	850	0:46 131567:4 0:16 131567:4 0:66 131567:5 0:8 131567:2 0:7 131567:4 0:14 131567:4 0:56 131567:4 0:6 131567:4 0:63 131567:4 0:43 131567:1 0:8 508771:1 0:160 131567:5 0:6 131567:5 0:17 131567:8 0:1 131567:11 0:12 131567:3 0:33 544580:5 0:2 544580:5 0:4 544580:2 0:3 544580:1 0:19 131567:1 0:13 131567:1 0:68 131567:5 0:1 131567:5 0:4 131567:4 0:42
C	586	544580	849	0:45 131567:4 0:16 131567:4 0:63 131567:5 0:8 131567:2 0:7 131567:4 0:14 131567:4 0:19 131567:8 0:7 131567:5 0:19 131567:4 0:6 131567:4 0:64 131567:4 0:19 131567:1 0:11 131567:1 0:13 131567:1 0:7 131567:2 0:10 131567:1 0:26 131567:2 0:16 131567:1 0:48 131567:2 0:4 131567:5 0:2 131567:5 0:12 131567:5 0:1 131567:4 0:16 131567:5 0:6 131567:5 0:17 131567:8 0:1 131567:11 0:12 131567:3 0:33 544580:5 0:2 544580:5 0:4 544580:2 0:3 544580:1 0:19 131567:1 0:13 131567:1 0:70 131567:5 0:1 131567:5 0:4 131567:4 0:38
C	587	544580	1013	0:53 131567:1 0:20 45151:1 0:16 4893:2 0:79 131567:5 0:69 131567:1 0:13 131567:1 0:19 544580:1 0:3 544580:2 0:78 131567:7 0:17 131567:5 0:6 131567:5 0:16 131567:4 0:1 131567:5 0:12 131567:5 0:2 131567:5 0:4 131567:5 0:128 131567:4 0:30 131567:4 0:162 131567:2 0:8 131567:5 0:173
C	588	477697	1009	0:387 131567:5 0:29 227086:1 0:195 2:1 0:22 2:3 0:15 131567:5 0:14 2:6 131567:7 0:18 131567:1 0:13 477697:3 0:54 477697:2 0:194
C	589	477697	1247	0:348 477697:1 0:5 477697:5 0:16 2:5 0:3 131567:5 0:29 227086:1 0:60 3273430:5 0:126 2:1 0:22 2:3 0:15 131567:5 0:14 2:6 131567:7 0:18 131567:1 0:13 477697:3 0:54 477697:2 0:234 155864:5 543:5 0:47 9606:5 0:128 9606:5 0:5 9606:1 0:5
C	591	40324	927	0:188 477697:2 0:55 477697:3 0:13 131567:1 0:20 40324:5 0:194 3273430:5 0:72 40324:5 0:13 131567:5 0:3 2:5 0:304
C	592	544580	838	0:46 131567:4 0:16 131567:4 0:103 131567:4 0:19 131567:8 0:7 131567:5 0:19 131567:4 0:6 131567:5 0:61 131567:4 0:54 131567:2 0:10 131567:1 0:92 131567:5 0:2 131567:5 0:12 131567:5 0:1 131567:4 0:48 131567:8 0:1 131567:11 0:47 544580:5 0:2 544580:5 0:112 131567:5 0:1 131567:5 0:4 131567:4 0:38
C	593	131567	982	0:22 131567:1 0:58 131567:2 0:58 131567:5 0:1 131567:5 0:70 131567:1 0:13 131567:1 0:76 131567:3 0:12 131567:11 0:1 131567:8 0:17 131567:5 0:113 131567:1 0:43 131567:1 0:10 131567:2 0:7 131567:1 0:13 131567:1 0:11 131567:1 0:19 131567:4 0:63 131567:4 0:6 131567:4 0:19 131567:5 0:7 131567:8 0:19 131567:4 0:14 131567:4 0:7 131567:2 0:8 131567:5 0:63 131567:4 0:16 131567:4 0:51 131567:5 0:16 131567:1 0:12
C	595	569360	905	0:2 1760811:2 0:297 131567:5 0:16 131567:1 0:28 5144:5 131567:3 0:1 716546:5 0:167 147550:5 0:32 716546:1 0:72 5125:5 0:2 5125:5 0:198 569360:5 0:13 5144:1
C	596	3273430	948	0:242 477697:3 0:13 131567:1 0:18 131567:7 2:6 0:188 3273430:5 0:59 227086:1 0:29 131567:5 0:35 477697:1 0:301
C	598	544580	916	0:57 131567:5 0:51 131567:4 0:16 131567:4 0:63 131567:5 0:8 131567:2 0:7 131567:4 0:14 131567:4 0:19 131567:8 0:7 131567:5 0:19 131567:4 0:6 131567:4 0:63 131567:4 0:19 131567:1 0:11 131567:1 0:13 131567:1 0:7 131567:2 0:10 131567:1 0:26 131567:2 0:16 131567:1 0:48 131567:2 0:4 131567:5 0:2 131567:5 0:35 131567:5 0:6 131567:5 0:17 131567:8 0:1 131567:11 0:12 131567:3 0:33 544580:5 0:2 544580:5 0:4 544580:2 0:3 544580:1 0:19 131567:1 0:88 131567:5 0:1 131567:5 0:4 131567:4 0:37
C	599	544580	843	0:46 131567:4 0:16 131567:4 0:63 131567:5 0:8 131567:2 0:7 131567:4 0:14 131567:4 0:19 131567:8 0:7 131567:5 0:19 131567:4 0:6 131567:4 0:63 131567:4 0:19 131567:1 0:11 131567:1 0:13 131567:1 0:7 131567:2 0:10 131567:1 0:40 131567:1 0:59 131567:5 0:12 131567:5 0:1 131567:4 0:16 131567:5 0:6 131567:5 0:17 131567:8 0:1 131567:11 0:12 131567:3 0:33 544580:5 0:2 544580:5 0:4 544580:2 0:3 544580:1 0:19 131567:3 0:82 131567:5 0:1 131567:5 0:4 131567:4 0:38
C	600	131567	847	0:46 131567:4 0:16 131567:4 0:140 131567:4 0:19 131567:4 0:77 131567:4 0:90 131567:2 0:16 131567:1 0:114 131567:5 0:17 131567:2 0:103 131567:2 0:143
C	601	181762	898	0:213 1268659:5 0:3 131567:1 0:22 131567:2 0:13 131567:5 0:9 131567:2 0:12 131567:2 0:57 131567:9 0:1 131567:9 0:40 181762:3 0:15 5338:3 0:21 456999:2 0:136 131567:1 0:3 131567:5 0:3 131567:5 0:5 131567:1 0:256
C	602	569360	794	0:9 569360:5 0:197 5125:5 0:8 131567:5 0:4 716546:3 0:80 147550:5 0:167 131567:3 5144:5 0:28 131567:1 0:16 131567:5 0:5 716545:1 0:208
C	603	490731	877	0:190 1268659:5 0:4 1296100:5 0:16 131567:2 0:13 131567:5 0:9 131567:2 0:12 131567:2 0:18 131567:4 0:53 55193:2 0:178 131567:5 0:36 131567:1 0:3 131567:5 0:3 131567:5 0:5 131567:1 0:259
C	604	544580	885	0:81 131567:4 0:16 131567:4 0:63 131567:5 0:8 131567:2 0:7 131567:4 0:14 131567:4 0:19 131567:8 0:7 131567:5 0:19 131567:4 0:6 131567:4 0:98 131567:1 0:13 131567:1 0:7 131567:2 0:10 131567:1 0:26 131567:2 0:16 131567:1 0:46 131567:5 0:4 131567:5 0:2 131567:5 0:12 131567:5 0:1 131567:4 0:16 131567:5 0:6 131567:5 0:17 131567:8 0:1 131567:11 0:12 131567:3 0:33 544580:5 0:2 544580:5 0:4 544580:2 0:3 544580:1 0:19 131567:1 0:13 131567:1 0:127
C	605	544580	978	0:22 131567:1 0:103 131567:4 0:4 131567:5 0:1 131567:5 0:69 131567:1 0:13 131567:1 0:19 544580:1 0:3 544580:2 0:4 544580:5 0:2 544580:5 0:45 131567:8 0:61 131567:4 0:1 131567:5 0:12 131567:5 0:2 131567:5 0:4 131567:5 0:123 131567:1 0:11 131567:1 0:19 131567:4 0:66 131567:4 0:6 131567:4 0:19 131567:5 0:7 131567:8 0:19 131567:4 0:14 131567:4 0:7 131567:2 0:8 131567:5 0:63 131567:2 0:111
C	606	544580	974	0:22 131567:1 0:58 131567:2 0:48 131567:4 0:4 131567:5 0:108 544580:2 0:76 131567:7 0:17 131567:5 0:6 131567:5 0:16 131567:4 0:1 131567:5 0:12 131567:5 0:2 131567:5 0:102 131567:1 0:10 131567:2 0:7 131567:1 0:13 131567:1 0:11 131567:1 0:97 131567:4 0:19 131567:5 0:7 131567:7 0:201 131567:5 0:16 131567:1 0:9
C	607	544580	981	0:81 131567:2 0:48 131567:4 0:4 131567:5 0:1 131567:5 0:70 131567:1 0:13 131567:1 0:19 544580:1 0:3 544580:2 0:4 544580:5 0:2 544580:5 0:33 131567:3 0:12 131567:11 0:1 131567:8 0:17 131567:5 0:6 131567:5 0:16 131567:4 0:1 131567:5 0:12 131567:5 0:2 131567:5 0:4 131567:5 0:46 131567:1 0:16 131567:2 0:26 131567:1 0:10 131567:2 0:7 131567:1 0:13 131567:1 0:11 131567:1 0:19 131567:4 0:63 131567:4 0:6 131567:4 0:19 131567:5 0:7 131567:8 0:19 131567:4 0:14 131567:4 0:7 131567:2 0:78 131567:4 0:16 131567:4 0:82
C	608	131567	851	0:46 131567:4 0:16 131567:4 0:63 131567:5 0:8 131567:2 0:7 131567:4 0:14 131567:4 0:19 131567:8 0:7 131567:5 0:19 131567:4 0:6 131567:4 0:50 131567:5 0:9 131567:4 0:19 131567:1 0:11 131567:1 0:13 131567:1 0:7 131567:2 0:10 131567:1 0:90 131567:5 0:4 131567:5 0:2 131567:5 0:37 131567:5 0:6 131567:5 0:17 131567:8 0:1 131567:11 0:12 131567:3 0:76 131567:1 0:13 131567:1 0:70 131567:5 0:1 131567:5 0:4 131567:4 0:38
C	610	544580	850	0:130 131567:5 0:8 131567:2 0:7 131567:4 0:14 131567:4 0:34 131567:4 0:19 131567:4 0:6 131567:4 0:62 131567:4 0:19 131567:1 0:11 131567:1 0:13 131567:1 0:7 131567:2 0:10 131567:1 0:26 131567:2 0:16 131567:1 0:46 131567:5 0:4 131567:5 0:2 131567:5 0:48 131567:5 0:17 131567:8 0:1 131567:11 0:12 131567:5 0:37 544580:5 0:2 544580:5 0:4 544580:2 0:3 544580:1 0:19 131567:1 0:13 131567:1 0:70 131567:5 0:1 131567:5 0:4 131567:4 0:38
C	611	544580	979	0:22 131567:1 0:58 131567:2 0:48 131567:4 0:4 131567:5 0:1 131567:5 0:122 544580:5 0:33 131567:3 0:12 131567:11 0:1 131567:8 0:17 131567:5 0:6 131567:5 0:16 131567:4 0:1 131567:5 0:12 131567:5 0:2 131567:5 0:4 131567:5 0:46 131567:1 0:16 131567:2 0:26 131567:1 0:10 131567:2 0:7 131567:1 0:13 131567:1 0:11 131567:1 0:19 131567:4 0:63 131567:4 0:6 131567:4 0:57 131567:4 0:14 131567:4 0:7 131567:2 0:8 131567:5 0:63 131567:4 0:16 131567:4 0:82
C	612	477697	1033	0:38 477697:4 0:339 477697:1 0:5 477697:5 0:16 2:5 0:99 3273430:5 0:165 131567:5 0:14 2:6 131567:7 0:18 131567:1 0:13 477697:3 0:250
C	614	544580	847	0:63 131567:4 0:87 131567:4 0:14 131567:4 0:19 131567:8 0:7 131567:5 0:19 131567:4 0:6 131567:4 0:63 131567:4 0:19 131567:1 0:11 131567:1 0:13 131567:1 0:7 131567:2 0:10 131567:1 0:129 131567:4 0:16 131567:5 0:6 131567:5 0:17 131567:8 0:1 131567:11 0:12 131567:3 0:33 544580:5 0:2 544580:5 0:4 544580:2 0:3 544580:1 0:19 131567:1 0:13 131567:1 0:69 131567:5 0:1 131567:5 0:4 131567:4 0:38
C	616	544580	986	0:22 131567:1 0:60 131567:2 0:48 131567:4 0:4 131567:5 0:1 131567:5 0:69 131567:1 0:13 131567:1 0:19 544580:1 0:3 544580:2 0:4 544580:5 0:2 544580:5 0:48 131567:11 0:1 131567:8 0:17 131567:5 0:6 131567:5 0:16 131567:4 0:1 131567:5 0:12 131567:5 0:2 131567:5 0:4 131567:5 0:46 131567:1 0:16 131567:2 0:26 131567:1 0:10 131567:2 0:7 131567:1 0:13 131567:1 0:11 131567:1 0:19 131567:4 0:71 498019:4 0:19 131567:5 0:7 131567:8 0:19 131567:4 0:14 131567:4 0:7 131567:2 0:76 131567:4 0:16 131567:4 0:51 131567:5 0:34
C	617	544580	846	0:47 131567:4 0:16 131567:4 0:63 131567:5 0:8 131567:2 0:7 131567:4 0:14 131567:4 0:19 131567:8 0:7 131567:5 0:19 131567:4 0:6 131567:4 0:63 131567:4 0:19 131567:1 0:11 131567:1 0:13 131567:1 0:7 131567:2 0:10 131567:1 0:26 131567:2 0:16 131567:1 0:61 131567:5 0:12 131567:5 0:1 131567:4 0:16 131567:5 0:6 131567:5 0:17 131567:8 0:1 131567:11 0:12 131567:3 0:33 544580:5 0:2 544580:5 0:4 544580:2 0:3 544580:1 0:19 131567:1 0:13 131567:1 0:72 131567:5 0:4 131567:4 0:38
C	618	544580	986	0:155 131567:5 0:67 131567:1 0:13 131567:1 0:19 544580:1 0:3 544580:2 0:4 544580:5 0:2 544580:5 0:33 131567:3 0:12 131567:11 0:1 131567:8 0:17 131567:5 0:6 131567:5 0:16 131567:4 0:1 131567:5 0:12 131567:5 0:2 131567:5 0:4 131567:5 0:63 131567:1 0:94 131567:4 0:62 131567:4 0:6 131567:4 0:19 131567:5 0:7 131567:8 0:19 131567:4 0:14 131567:4 0:7 131567:2 0:8 131567:5 0:63 131567:4 0:16 131567:4 0:51 131567:5 0:16 131567:1 0:9
C	619	544580	891	0:86 131567:5 0:16 131567:4 0:63 131567:5 0:8 131567:2 0:7 131567:4 0:14 131567:4 0:19 131567:8 0:7 131567:5 0:19 131567:4 0:6 131567:4 0:64 131567:4 0:19 131567:1 0:11 131567:1 0:13 131567:1 0:7 131567:2 0:10 131567:1 0:11 42260:1 0:78 131567:5 0:4 131567:5 0:45 131567:5 0:6 131567:5 0:17 131567:8 0:1 131567:11 0:49 544580:5 0:2 544580:5 0:4 544580:2 0:3 544580:1 0:19 131567:1 0:13 131567:1 0:69 131567:5 0:1 131567:5 0:4 131567:4 0:38
C	620	544580	849	0:44 131567:4 0:16 131567:4 0:65 131567:5 0:8 131567:2 0:7 131567:4 0:14 131567:4 0:32 131567:5 0:19 131567:4 0:6 131567:4 0:63 131567:4 0:19 131567:1 0:74 131567:2 0:16 131567:1 0:46 131567:5 0:4 131567:5 0:2 131567:5 0:12 131567:5 0:1 131567:4 0:16 131567:5 0:6 131567:5 0:17 131567:8 0:1 131567:11 0:12 131567:3 0:33 544580:5 0:2 544580:5 0:4 544580:2 0:3 544580:1 0:160
C	621	477697	998	0:349 477697:1 0:5 477697:5 0:16 2:5 0:3 131567:5 0:29 227086:1 0:59 3273430:5 0:148 2:3 0:15 131567:5 0:14 2:6 131567:7 0:18 131567:1 0:13 477697:3 0:55 477697:2 0:191
C	622	477697	948	0:245 477697:3 0:13 131567:1 0:18 131567:7 2:6 0:14 131567:2 0:261 131567:5 0:3 2:5 0:16 477697:5 0:310
C	623	544580	883	0:84 131567:4 0:16 131567:4 0:63 131567:5 0:58 131567:8 0:7 131567:5 0:19 131567:4 0:6 131567:4 0:62 131567:4 0:19 131567:1 0:11 131567:1 0:13 131567:1 0:7 131567:2 0:10 131567:1 0:26 131567:2 0:16 131567:1 0:76 131567:5 0:1 131567:4 0:16 131567:5 0:6 131567:5 0:17 131567:8 0:1 131567:11 0:12 131567:3 0:33 544580:5 0:2 544580:5 0:113 131567:5 0:1 131567:5 0:4 131567:4 0:38
C	624	544580	986	0:22 131567:1 0:58 131567:2 0:48 131567:4 0:4 131567:5 0:1 131567:5 0:103 544580:1 0:3 544580:2 0:4 544580:5 0:2 544580:5 0:33 131567:3 0:12 131567:11 0:1 131567:8 0:17 131567:5 0:6 131567:5 0:16 131567:4 0:1 131567:5 0:12 131567:5 0:2 131567:5 0:4 131567:5 0:94 131567:1 0:10 131567:2 0:150 131567:5 0:7 131567:8 0:19 131567:4 0:14 131567:4 0:7 131567:2 0:8 131567:5 0:63 131567:4 0:16 131567:4 0:90
C	625	544580	845	0:47 131567:4 0:16 131567:4 0:106 131567:5 0:35 2916678:5 0:12 131567:4 0:6 131567:4 0:64 131567:4 0:19 131567:1 0:11 131567:1 0:60 131567:2 0:16 131567:1 0:63 131567:5 0:38 131567:5 0:6 131567:5 0:17 131567:3 0:66 544580:5 0:2 544580:5 0:4 544580:2 0:3 544580:1 0:19 131567:1 0:13 131567:1 0:64 131567:5 0:1 131567:5 0:4 131567:4 0:37
C	626	40324	973	0:352 2:5 0:3 131567:5 0:13 40324:5 0:72 3273430:5 0:150 2:3 0:39 40324:5 0:20 131567:1 0:13 477697:3 0:59 477697:2 0:184
C	627	544580	885	0:24 131567:5 0:51 131567:4 0:16 131567:4 0:63 131567:5 0:8 131567:2 0:7 131567:4 0:39 131567:7 0:7 131567:5 0:19 131567:4 0:6 131567:4 0:63 131567:4 0:19 131567:1 0:11 131567:1 0:13 131567:1 0:7 131567:2 0:10 131567:1 0:44 131567:1 0:46 131567:5 0:4 131567:5 0:2 131567:5 0:12 131567:5 0:1 131567:4 0:16 131567:5 0:6 131567:5 0:17 131567:8 0:1 131567:11 0:12 131567:3 0:33 544580:5 0:2 544580:5 0:4 544580:2 0:3 544580:1 0:19 131567:1 0:13 131567:1 0:70 131567:5 0:1 131567:5 0:4 131567:4 0:38
C	629	544580	980	0:22 131567:1 0:59 131567:2 0:61 131567:5 0:70 131567:1 0:13 131567:1 0:19 544580:1 0:3 544580:2 0:4 544580:5 0:2 544580:5 0:33 131567:3 0:12 131567:11 0:1 131567:8 0:17 131567:5 0:6 131567:5 0:16 131567:4 0:1 131567:5 0:126 131567:1 0:10 131567:2 0:7 131567:1 0:13 131567:1 0:11 131567:1 0:85 131567:4 0:6 131567:4 0:19 131567:5 0:7 131567:8 0:19 131567:4 0:14 131567:4 0:7 131567:2 0:8 131567:5 0:63 131567:4 0:16 131567:4 0:51 131567:5 0:16 131567:1 0:9
C	630	9606	1064	0:22 131567:1 0:105 131567:4 0:4 131567:5 0:1 131567:5 0:100 544580:1 0:52 131567:3 0:12 131567:11 0:1 131567:8 0:17 131567:5 0:6 131567:5 0:16 131567:4 0:1 131567:5 0:12 131567:5 0:2 131567:5 0:4 131567:5 0:91 131567:1 0:10 131567:2 0:7 131567:1 0:13 131567:1 0:11 131567:1 0:19 131567:4 0:63 131567:4 0:6 131567:4 0:19 131567:5 0:7 131567:8 0:19 131567:4 0:14 131567:4 0:7 131567:2 0:8 131567:5 0:63 131567:4 0:16 131567:4 0:92 131567:1 0:43 9606:4 0:36
C	631	131567	846	0:46 131567:4 0:16 131567:4 0:63 131567:5 0:8 131567:2 0:45 131567:7 0:7 131567:5 0:97 131567:4 0:42 131567:1 0:7 131567:2 0:10 131567:1 0:92 131567:5 0:4 131567:5 0:2 131567:5 0:12 131567:5 0:1 131567:4 0:16 131567:5 0:6 131567:5 0:17 131567:8 0:1 131567:1 0:99 131567:1 0:13 131567:1 0:128
C	633	181762	1051	0:8 181762:1 0:1 181762:5 0:214 1423913:5 0:6 131567:2 0:83 131567:5 0:8 131567:9 0:5 131567:5 0:58 5338:3 0:179 131567:1 0:10 131567:3 0:406
C	634	569360	913	0:325 131567:1 0:293 716546:3 0:4 131567:5 0:8 5125:5 0:2 5125:5 0:9 5144:2 0:190 569360:5 0:22
C	635	544580	836	0:68 131567:4 0:63 131567:5 0:8 131567:2 0:7 131567:4 0:14 131567:4 0:19 131567:8 0:7 131567:5 0:95 131567:4 0:19 131567:1 0:11 131567:1 0:13 131567:1 0:7 131567:2 0:10 131567:1 0:26 131567:2 0:16 131567:1 0:46 131567:5 0:4 131567:5 0:2 131567:5 0:37 131567:5 0:6 131567:5 0:17 131567:8 0:55 544580:5 0:2 544580:5 0:4 544580:2 0:99 131567:5 0:1 131567:5 0:4 131567:4 0:38
C	636	131567	865	0:66 131567:4 0:16 131567:4 0:63 131567:5 0:8 131567:2 0:7 131567:4 0:14 131567:4 0:19 131567:8 0:31 131567:4 0:6 131567:4 0:63 131567:4 0:106 131567:1 0:46 131567:5 0:4 131567:5 0:2 131567:5 0:12 131567:5 0:1 131567:4 0:16 131567:5 0:6 131567:5 0:17 131567:8 0:1 131567:11 0:12 131567:5 0:72 131567:1 0:13 131567:1 0:69 131567:5 0:1 131567:5 0:4 131567:4 0:38
C	637	544580	858	0:47 131567:4 0:16 131567:4 0:63 131567:5 0:8 131567:2 0:7 131567:4 0:14 131567:4 0:19 131567:8 0:7 131567:5 0:19 131567:4 0:6 131567:4 0:87 131567:1 0:11 131567:1 0:13 131567:1 0:7 131567:5 0:35 131567:2 0:16 131567:1 0:50 131567:2 0:4 131567:5 0:2 131567:5 0:38 131567:5 0:44 131567:7 0:12 131567:3 0:33 544580:5 0:2 544580:5 0:4 544580:2 0:3 544580:1 0:19 131567:1 0:13 131567:1 0:71 131567:5 0:1 131567:5 0:4 131567:4 0:38
C	638	544580	974	0:194 131567:4 0:63 131567:5 0:8 131567:2 0:7 131567:4 0:14 131567:4 0:19 131567:8 0:7 131567:5 0:19 131567:4 0:6 131567:4 0:63 131567:4 0:19 131567:1 0:11 131567:1 0:62 131567:2 0:77 131567:5 0:70 131567:5 0:1 131567:11 0:12 131567:3 0:33 544580:5 0:2 544580:5 0:4 544580:2 0:3 544580:1 0:19 131567:1 0:13 131567:1 0:70 131567:5 0:1 131567:5 0:4 131567:4 0:38
C	639	181762	1066	0:8 181762:1 0:1 181762:3 0:235 131567:2 0:30 131567:5 0:26 131567:4 0:22 131567:5 0:8 131567:9 0:5 131567:5 0:58 5338:3 0:62 181124:1 0:62 4751:2 0:56 131567:1 0:10 131567:3 0:405
C	640	5144	759	0:153 332648:2 0:2 716545:1 0:22 131567:2 0:13 131567:5 0:4 716546:3 0:34 716546:2 0:9 716546:1 0:43 131567:6 0:170 716546:5 0:1 131567:3 5144:5 0:28 131567:1 0:16 131567:5 0:7 131567:4 0:10 131567:2 0:5 716546:4 0:157
C	641	477697	1000	0:2 477697:4 0:345 477697:1 0:5 477697:5 0:16 2:5 0:36 227086:1 0:60 3273430:5 0:288 477697:2 0:191
C	642	1268659	990	0:23 131567:3 0:5 5204:2 0:339 131567:1 0:36 131567:5 0:178 55193:2 0:54 131567:4 0:18 131567:2 0:12 131567:2 0:9 131567:5 0:13 131567:2 0:26 1268659:5 0:210
C	643	4956	962	0:12 4956:5 0:59 131567:2 0:49 131567:4 0:4 131567:5 0:1 131567:5 0:145 131567:5 0:12 131567:11 0:1 131567:8 0:17 131567:5 0:49 131567:5 0:2 131567:5 0:4 131567:5 0:89 131567:1 0:10 131567:2 0:115 131567:4 0:6 131567:4 0:19 131567:5 0:7 131567:8 0:19 131567:4 0:14 131567:4 0:7 131567:2 0:8 131567:5 0:82 131567:4 0:89
C	644	131567	843	0:44 131567:5 0:16 131567:2 0:63 131567:5 0:8 131567:2 0:7 131567:4 0:14 131567:4 0:19 131567:6 0:30 131567:5 0:6 131567:4 0:63 131567:4 0:54 131567:2 0:10 131567:1 0:44 131567:1 0:46 131567:5 0:4 131567:5 0:2 131567:5 0:12 131567:5 0:1 131567:4 0:16 131567:5 0:6 131567:5 0:17 131567:8 0:1 131567:11 0:12 131567:3 0:73 131567:1 0:13 131567:1 0:68 131567:5 0:1 131567:5 0:4 131567:4 0:38
C	645	4751	940	0:224 131567:1 0:24 4751:5 0:22 131567:2 0:12 131567:2 0:255 131567:5 0:41 131567:5 0:3 131567:5 0:5 131567:1 0:294
C	646	544580	845	0:65 131567:4 0:63 131567:5 0:8 131567:2 0:49 131567:8 0:7 131567:5 0:19 131567:4 0:6 131567:4 0:63 131567:4 0:19 131567:1 0:11 131567:1 0:13 131567:1 0:7 131567:2 0:10 131567:1 0:45 131567:1 0:48 131567:2 0:4 131567:5 0:53 131567:5 0:31 131567:5 0:12 131567:3 0:33 544580:5 0:2 544580:5 0:4 544580:2 0:3 544580:1 0:19 131567:1 0:13 131567:1 0:69 131567:5 0:1 131567:5 0:4 131567:4 0:38
C	647	477697	941	0:186 477697:2 0:88 131567:7 2:6 0:14 131567:5 0:15 2:3 0:22 2:1 0:187 227086:1 0:29 131567:5 0:3 2:5 0:16 477697:5 0:5 477697:1 0:301
C	648	490731	1152	0:41 490731:3 0:7 490731:5 0:444 131567:3 0:10 131567:1 0:56 4751:2 0:61 181124:1 0:119 131567:5 0:5 131567:9 0:8 131567:5 0:50 131567:5 0:30 131567:2 0:231 181762:5 0:1 181762:1 0:8
C	649	544580	985	0:22 131567:1 0:58 131567:2 0:48 131567:4 0:4 131567:5 0:1 131567:5 0:70 131567:1 0:13 131567:1 0:19 544580:1 0:3 544580:2 0:4 544580:5 0:2 544580:5 0:82 131567:5 0:6 131567:5 0:16 131567:4 0:1 131567:5 0:12 131567:5 0:2 131567:5 0:4 131567:5 0:46 131567:1 0:16 131567:2 0:26 131567:1 0:10 131567:2 0:7 131567:1 0:13 131567:1 0:11 131567:1 0:86 131567:4 0:6 131567:4 0:19 131567:5 0:7 131567:8 0:48 131567:2 0:8 131567:5 0:63 131567:4 0:16 131567:4 0:51 131567:5 0:16 131567:1 0:18
C	650	181762	1065	0:8 181762:1 0:1 181762:5 0:221 1423913:5 0:6 131567:2 0:61 131567:4 0:36 131567:9 0:5 131567:5 0:181 4751:2 0:67 131567:3 0:409
C	651	477697	993	0:2 477697:4 0:378 131567:5 0:29 227086:1 0:295 477697:2 0:243
C	652	544580	974	0:22 131567:1 0:58 131567:2 0:48 131567:4 0:4 131567:5 0:1 131567:5 0:102 544580:1 0:3 544580:2 0:4 544580:5 0:2 544580:5 0:33 131567:3 0:48 131567:5 0:6 131567:5 0:16 131567:4 0:1 131567:5 0:12 131567:5 0:61 131567:1 0:16 131567:2 0:26 131567:1 0:10 131567:2 0:7 131567:1 0:13 131567:1 0:11 131567:1 0:19 131567:4 0:76 131567:4 0:19 131567:5 0:7 131567:7 0:45 131567:2 0:8 131567:5 0:62 131567:4 0:72 131567:5 0:16 131567:1 0:9
C	654	477697	1035	0:336 477697:3 0:13 131567:1 0:18 131567:7 2:6 0:14 131567:5 0:15 2:3 0:22 2:1 0:123 3273430:5 0:60 227086:1 0:29 131567:5 0:3 2:5 0:16 477697:5 0:5 477697:1 0:299
C	655	332648	763	0:154 332648:2 0:2 716545:1 0:22 131567:2 0:13 131567:5 0:4 716546:3 0:34 716546:2 0:9 716546:1 0:43 131567:6 0:113 37727:1 0:96 131567:1 0:16 131567:5 0:7 131567:4 0:10 131567:2 0:5 716546:4 0:162
C	656	544580	974	0:83 131567:2 0:63 131567:5 0:70 131567:1 0:13 131567:1 0:19 544580:1 0:3 544580:2 0:4 544580:5 0:2 544580:5 0:33 131567:3 0:12 131567:11 0:35 131567:5 0:16 131567:4 0:1 131567:5 0:12 131567:5 0:2 131567:5 0:4 131567:5 0:57 131567:2 0:26 131567:1 0:10 131567:2 0:7 131567:1 0:13 131567:1 0:11 131567:1 0:86 131567:4 0:6 131567:4 0:19 131567:5 0:7 131567:8 0:19 131567:4 0:14 131567:4 0:7 131567:2 0:8 131567:5 0:63 131567:4 0:16 131567:4 0:82
C	658	451864	989	0:12 4893:5 0:337 131567:1 0:5 131567:5 0:16 131567:1 0:28 131567:5 0:4 131567:5 0:96 223818:5 0:72 131567:2 0:53 131567:4 0:6 131567:4 0:19 131567:5 0:7 131567:8 0:19 131567:4 0:227
C	659	544580	851	0:46 131567:4 0:16 131567:4 0:63 131567:5 0:8 131567:2 0:65 131567:4 0:19 131567:4 0:6 131567:4 0:63 131567:4 0:19 131567:1 0:11 131567:1 0:13 131567:1 0:7 131567:2 0:54 131567:1 0:46 131567:5 0:4 131567:5 0:2 131567:5 0:39 131567:5 0:6 131567:5 0:17 131567:8 0:1 131567:11 0:49 544580:5 0:2 544580:5 0:4 544580:2 0:3 544580:1 0:19 131567:1 0:13 131567:1 0:69 131567:5 0:1 131567:5 0:4 131567:4 0:38
C	660	544580	840	0:46 131567:4 0:16 131567:4 0:58 131567:5 0:8 131567:2 0:47 131567:1 0:38 131567:4 0:6 131567:4 0:63 131567:4 0:19 131567:1 0:11 131567:1 0:13 131567:1 0:7 131567:2 0:10 131567:1 0:26 131567:2 0:16 131567:1 0:46 131567:5 0:4 131567:5 0:2 131567:5 0:12 131567:5 0:1 131567:4 0:16 131567:5 0:6 131567:5 0:17 131567:2 0:63 544580:5 0:2 544580:5 0:43 131567:1 0:69 131567:5 0:1 131567:5 0:4 131567:4 0:38
C	662	544580	813	0:22 131567:1 0:107 131567:4 0:4 131567:5 0:1 131567:5 0:69 131567:1 0:13 131567:1 0:19 544580:1 0:3 544580:2 0:4 544580:5 0:2 544580:5 0:33 131567:3 0:12 131567:11 0:1 131567:8 0:17 131567:5 0:6 131567:5 0:16 131567:4 0:1 131567:5 0:12 131567:5 0:2 131567:5 0:4 131567:5 0:46 131567:1 0:16 131567:2 0:26 131567:1 0:10 131567:2 0:7 131567:1 0:13 131567:1 0:11 131567:1 0:19 131567:4 0:63 131567:4 0:6 131567:4 0:19 131567:5 0:7 131567:8 0:19 131567:4 0:14 131567:4 0:7 131567:2 0:8 131567:5 0:5
C	664	477697	949	0:188 477697:2 0:55 477697:3 0:13 131567:1 0:18 131567:7 2:6 0:14 131567:5 0:168 3273430:5 0:62 227086:1 0:29 131567:5 0:3 2:5 0:16 477697:5 0:5 477697:1 0:298
C	665	544580	976	0:22 131567:1 0:108 131567:4 0:4 131567:5 0:1 131567:5 0:64 131567:1 0:13 131567:1 0:19 544580:1 0:3 544580:2 0:4 544580:5 0:2 544580:5 0:47 131567:11 0:1 131567:8 0:17 131567:5 0:6 131567:5 0:16 131567:4 0:1 131567:5 0:12 131567:5 0:2 131567:5 0:4 131567:5 0:91 131567:1 0:10 131567:2 0:7 131567:1 0:13 131567:1 0:11 131567:1 0:19 131567:4 0:72 131567:4 0:19 131567:5 0:7 131567:8 0:19 131567:4 0:14 131567:4 0:7 131567:2 0:8 131567:5 0:63 131567:4 0:107
C	666	477697	992	0:223 477697:2 0:55 477697:3 0:13 131567:1 0:18 131567:7 2:6 0:60 2:1 0:126 3273430:5 0:60 227086:1 0:29 131567:5 0:3 2:5 0:16 477697:5 0:5 477697:1 0:308
U	667	0	698	0:664
C	669	3273430	673	0:2 477697:4 0:471 3273430:5 0:151 2:3 0:3
C	670	477697	867	0:244 477697:3 0:13 131567:1 0:46 131567:5 0:15 2:2 0:216 227086:1 0:29 131567:5 0:3 2:5 0:16 477697:5 0:5 477697:1 0:218
C	671	544580	984	0:22 131567:1 0:110 131567:4 0:4 131567:5 0:1 131567:5 0:69 131567:1 0:13 131567:1 0:19 544580:1 0:3 544580:2 0:4 544580:5 0:41 131567:3 0:12 131567:11 0:1 131567:8 0:17 131567:5 0:49 131567:5 0:2 131567:5 0:4 131567:5 0:46 131567:1 0:45 131567:1 0:10 131567:2 0:51 131567:4 0:96 131567:5 0:7 131567:8 0:19 131567:4 0:14 131567:4 0:7 131567:2 0:8 131567:5 0:63 131567:4 0:16 131567:4 0:70 131567:1 0:15
C	672	5302	1163	0:41 490731:3 0:7 490731:5 0:13 490731:1 0:433 131567:3 0:10 131567:1 0:56 4751:2 0:62 181124:1 0:59 5338:3 0:58 131567:5 0:48 131567:4 0:26 131567:5 0:259 181762:5 0:1 181762:1 0:17
C	673	477697	1008	0:2 477697:4 0:348 477697:5 0:16 2:5 0:96 3273430:5 0:127 2:1 0:22 2:3 0:65 131567:1 0:13 477697:3 0:59 477697:2 0:197
C	674	181762	862	0:195 181762:5 0:3 181762:1 0:77 131567:2 0:18 131567:4 0:49 131567:5 0:58 5338:3 0:21 456999:2 0:137 131567:1 0:3 131567:5 0:3 131567:5 0:5 131567:1 0:10 131567:3 0:212
C	675	569360	807	0:9 569360:5 0:184 5144:2 0:9 5125:5 0:2 5125:2 0:75 716546:1 0:41 147550:1 0:159 716546:5 0:1 131567:2 0:1 5144:5 0:44 131567:5 0:5 716545:1 0:209
C	676	544580	978	0:22 131567:1 0:58 131567:2 0:48 131567:4 0:4 131567:5 0:1 131567:5 0:69 131567:1 0:13 131567:1 0:19 544580:1 0:3 544580:2 0:4 544580:5 0:52 131567:11 0:1 131567:8 0:17 131567:5 0:6 131567:5 0:16 131567:4 0:1 131567:5 0:12 131567:5 0:2 131567:5 0:4 131567:5 0:90 131567:1 0:10 131567:2 0:7 131567:1 0:13 131567:1 0:11 131567:1 0:85 131567:4 0:6 131567:4 0:19 131567:5 0:7 131567:8 0:19 131567:4 0:14 131567:4 0:83 131567:4 0:16 131567:4 0:89
C	677	2916678	848	0:46 131567:4 0:16 131567:4 0:63 131567:5 0:8 131567:2 0:7 131567:4 0:14 131567:4 0:37 2916678:5 0:22 131567:4 0:63 131567:4 0:19 131567:1 0:11 131567:1 0:13 131567:1 0:7 131567:2 0:10 131567:1 0:44 131567:1 0:46 131567:5 0:4 131567:5 0:2 131567:5 0:39 131567:5 0:6 131567:5 0:17 131567:4 0:191 131567:5 0:1 131567:5 0:4 131567:4 0:38
C	678	40324	974	0:346 2:5 0:3 131567:5 0:13 40324:5 0:229 2:1 0:43 40324:5 0:20 131567:1 0:13 477697:3 0:55 477697:2 0:191
C	679	477697	947	0:242 477697:3 0:13 131567:1 0:18 131567:7 2:6 0:14 131567:5 0:15 2:3 0:22 2:1 0:189 227086:1 0:29 131567:5 0:3 2:5 0:16 477697:5 0:5 477697:1 0:304
C	681	544580	982	0:22 131567:1 0:58 131567:2 0:169 544580:1 0:3 544580:2 0:4 544580:5 0:2 544580:5 0:33 131567:3 0:12 131567:11 0:1 131567:8 0:17 131567:5 0:48 131567:5 0:2 131567:5 0:4 131567:5 0:46 131567:1 0:16 131567:2 0:26 131567:1 0:10 131567:2 0:7 131567:1 0:13 131567:1 0:108 131567:4 0:19 131567:5 0:7 131567:8 0:19 131567:4 0:14 131567:4 0:85 131567:4 0:16 131567:4 0:51 131567:5 0:16 131567:1 0:15
C	683	5302	1153	0:50 490731:5 0:13 490731:1 0:565 181124:1 0:111 131567:5 0:5 131567:9 0:8 131567:5 0:22 131567:4 0:26 131567:5 0:30 131567:2 0:231 181762:5 0:1 181762:1 0:14
C	684	544580	984	0:81 131567:2 0:48 131567:4 0:4 131567:5 0:1 131567:5 0:69 131567:1 0:13 131567:1 0:19 544580:1 0:3 544580:2 0:4 544580:5 0:2 544580:5 0:33 131567:3 0:12 131567:11 0:1 131567:5 0:30 131567:5 0:16 131567:4 0:1 131567:5 0:19 131567:5 0:4 131567:5 0:47 131567:1 0:16 131567:2 0:26 131567:1 0:10 131567:2 0:7 131567:1 0:13 131567:1 0:11 131567:1 0:19 131567:4 0:63 131567:4 0:6 131567:4 0:57 131567:4 0:14 131567:4 0:7 131567:2 0:8 131567:5 0:63 131567:4 0:109
C	685	544580	854	0:54 131567:4 0:16 131567:4 0:62 131567:5 0:8 131567:2 0:7 131567:4 0:14 131567:4 0:19 131567:8 0:7 131567:5 0:19 131567:4 0:6 131567:4 0:62 131567:4 0:19 131567:1 0:11 131567:1 0:13 131567:1 0:7 131567:2 0:10 131567:1 0:26 131567:2 0:64 131567:5 0:4 131567:5 0:2 131567:5 0:12 131567:5 0:1 131567:4 0:16 131567:5 0:6 131567:5 0:17 131567:8 0:1 131567:11 0:12 131567:3 0:33 544580:5 0:2 544580:5 0:4 544580:2 0:3 544580:1 0:19 131567:1 0:13 131567:1 0:70 131567:5 0:1 131567:5 0:4 131567:4 0:35
C	687	544580	845	0:64 131567:4 0:18 284811:3 0:42 131567:5 0:8 131567:2 0:7 131567:4 0:14 131567:4 0:19 131567:8 0:7 131567:5 0:19 131567:4 0:6 131567:4 0:63 131567:4 0:19 131567:1 0:11 131567:1 0:13 131567:1 0:7 131567:2 0:10 131567:1 0:26 131567:2 0:16 131567:1 0:47 131567:2 0:4 131567:5 0:2 131567:5 0:12 131567:5 0:1 131567:4 0:16 131567:5 0:6 131567:5 0:17 131567:8 0:1 131567:11 0:12 131567:3 0:33 544580:5 0:2 544580:5 0:4 544580:2 0:3 544580:1 0:19 131567:1 0:13 131567:1 0:69 131567:5 0:1 131567:5 0:4 131567:4 0:38
C	688	2	981	0:350 2:5 0:98 3273430:5 0:167 131567:5 0:20 40324:5 0:20 131567:1 0:13 477697:3 0:55 477697:2 0:198
C	689	544580	987	0:81 131567:2 0:48 131567:4 0:4 131567:5 0:1 131567:5 0:70 131567:1 0:13 131567:1 0:19 544580:1 0:3 544580:2 0:4 544580:5 0:2 544580:5 0:33 131567:3 0:12 131567:5 0:42 131567:5 0:106 131567:1 0:16 131567:2 0:26 131567:1 0:10 131567:2 0:7 131567:1 0:13 131567:1 0:11 131567:1 0:19 131567:4 0:99 131567:5 0:7 131567:8 0:19 131567:4 0:14 131567:4 0:7 131567:2 0:8 131567:5 0:63 131567:4 0:16 131567:4 0:87
C	690	181124	946	0:317 4751:5 0:10 131567:5 0:7 131567:5 0:53 181124:4 0:211 131567:3 0:50 131567:5 0:237
C	691	477697	902	0:277 131567:7 2:6 0:14 131567:5 0:230 227086:1 0:29 131567:5 0:3 2:5 0:16 477697:5 0:5 477697:1 0:259
C	692	544580	988	0:22 131567:1 0:108 131567:4 0:4 131567:5 0:1 131567:5 0:69 131567:1 0:13 131567:1 0:19 544580:1 0:3 544580:2 0:4 544580:5 0:2 544580:5 0:33 131567:3 0:12 131567:11 0:1 131567:5 0:30 131567:5 0:16 131567:4 0:1 131567:5 0:12 131567:5 0:2 131567:5 0:4 131567:5 0:46 131567:1 0:16 131567:2 0:26 131567:1 0:10 131567:2 0:7 131567:1 0:13 131567:1 0:11 131567:1 0:87 131567:4 0:6 131567:4 0:19 131567:5 0:7 131567:8 0:19 131567:4 0:14 131567:4 0:7 131567:2 0:8 131567:5 0:140 131567:5 0:16 131567:1 0:17
C	693	181762	1099	0:51 181762:5 0:233 131567:2 0:60 131567:4 0:22 131567:5 0:8 131567:9 0:5 131567:5 0:56 5338:3 0:59 181124:1 0:119 131567:1 0:10 131567:3 0:404
C	695	544580	988	0:20 131567:1 0:58 131567:2 0:48 131567:4 0:4 131567:5 0:1 131567:5 0:70 131567:1 0:13 131567:1 0:19 544580:1 0:3 544580:2 0:4 544580:5 0:2 544580:5 0:33 131567:3 0:12 131567:11 0:1 131567:8 0:17 131567:5 0:6 131567:5 0:16 131567:4 0:1 131567:5 0:12 131567:5 0:2 131567:5 0:4 131567:5 0:46 131567:1 0:16 131567:2 0:64 131567:1 0:11 131567:1 0:19 131567:4 0:64 131567:4 0:6 131567:4 0:19 131567:5 0:7 131567:8 0:19 131567:4 0:14 131567:4 0:7 131567:2 0:8 131567:5 0:63 131567:4 0:16 131567:4 0:51 131567:5 0:16 131567:1 0:15
C	696	490731	1157	0:41 490731:3 0:7 490731:5 0:464 131567:1 0:234 131567:5 0:5 131567:9 0:8 131567:5 0:22 131567:4 0:26 131567:5 0:259 181762:5 0:1 181762:1 0:13
C	697	544580	651	0:13 544580:1 0:3 544580:2 0:4 544580:5 0:2 544580:5 0:33 131567:3 0:12 131567:7 0:38 131567:5 0:16 131567:4 0:1 131567:5 0:12 131567:5 0:2 131567:5 0:4 131567:5 0:46 131567:1 0:16 131567:2 0:26 131567:1 0:10 131567:2 0:7 131567:1 0:13 131567:1 0:11 131567:1 0:116 131567:5 0:7 131567:8 0:19 131567:4 0:14 131567:4 0:7 131567:2 0:8 131567:5 0:59 131567:5 0:16 131567:5 0:3
C	698	477697	952	0:304 477697:1 0:5 477697:5 0:16 2:5 0:3 131567:5 0:29 227086:1 0:60 3273430:5 0:126 2:1 0:22 2:3 0:15 131567:5 0:14 2:6 131567:7 0:18 131567:1 0:13 477697:3 0:55 477697:2 0:188
C	699	544580	689	0:14 131567:4 0:57 131567:4 0:6 131567:4 0:63 131567:4 0:19 131567:1 0:11 131567:1 0:13 131567:1 0:7 131567:2 0:10 131567:1 0:26 131567:1 0:64 131567:5 0:4 131567:5 0:2 131567:5 0:48 131567:5 0:17 131567:3 0:64 544580:5 0:2 544580:5 0:4 544580:2 0:3 544580:1 0:19 131567:1 0:13 131567:1 0:71 131567:5 0:1 131567:5 0:4 131567:4 0:38
C	700	544580	926	0:388 131567:4 0:19 131567:1 0:11 131567:1 0:13 131567:1 0:7 131567:2 0:10 131567:1 0:26 131567:2 0:16 131567:1 0:46 131567:5 0:4 131567:5 0:2 131567:5 0:39 131567:5 0:6 131567:5 0:17 131567:4 0:27 131567:3 0:33 544580:5 0:2 544580:5 0:4 544580:2 0:3 544580:1 0:19 131567:1 0:13 131567:1 0:70 131567:5 0:1 131567:5 0:4 131567:4 0:38
C	701	569360	814	0:208 131567:5 0:50 131567:3 0:1 716546:5 0:167 147550:5 0:32 716546:1 0:51 716546:3 0:4 131567:5 0:8 5125:5 0:2 5125:5 0:9 5144:2 0:184 569360:5 0:13 5144:2 0:5
C	702	1224	1143	0:523 2:5 0:3 131567:5 0:93 3273430:5 0:148 2:3 0:40 40324:5 0:20 131567:1 0:13 477697:3 0:242
C	703	544580	843	0:46 131567:4 0:16 131567:4 0:84 131567:4 0:14 131567:5 0:33 131567:4 0:19 131567:4 0:6 131567:4 0:63 131567:4 0:19 131567:1 0:11 131567:1 0:13 131567:1 0:7 131567:2 0:10 131567:1 0:26 131567:2 0:16 131567:1 0:46 131567:5 0:4 131567:5 0:2 131567:5 0:48 131567:5 0:17 131567:8 0:1 131567:5 0:73 544580:1 0:19 131567:1 0:13 131567:1 0:68 131567:5 0:1 131567:5 0:4 131567:4 0:38
C	704	477697	1001	0:349 477697:1 0:5 477697:5 0:16 2:5 0:99 3273430:5 0:127 2:3 0:40 131567:5 0:14 2:6 131567:7 0:18 131567:1 0:13 477697:3 0:55 477697:2 0:188
C	705	544580	851	0:46 131567:4 0:16 131567:4 0:63 131567:5 0:8 131567:2 0:7 131567:4 0:14 131567:4 0:19 131567:8 0:7 131567:5 0:19 131567:4 0:73 131567:4 0:57 131567:2 0:10 131567:1 0:89 131567:5 0:4 131567:5 0:2 131567:5 0:50 131567:5 0:17 131567:8 0:1 131567:11 0:47 544580:5 0:2 544580:5 0:4 544580:2 0:3 544580:1 0:19 131567:1 0:13 131567:1 0:69 131567:5 0:1 131567:5 0:4 131567:4 0:38
C	706	544580	979	0:78 131567:2 0:48 131567:4 0:4 131567:5 0:1 131567:5 0:71 131567:1 0:13 131567:1 0:19 544580:1 0:3 544580:2 0:4 544580:5 0:2 544580:5 0:33 131567:3 0:12 131567:11 0:1 131567:8 0:17 131567:5 0:6 131567:5 0:16 131567:4 0:1 131567:5 0:12 131567:5 0:2 131567:5 0:4 131567:5 0:46 131567:1 0:43 131567:1 0:10 131567:2 0:7 131567:1 0:13 131567:1 0:11 131567:1 0:19 131567:4 0:63 131567:4 0:6 131567:4 0:19 131567:5 0:7 131567:8 0:19 131567:4 0:14 131567:4 0:7 131567:2 0:8 131567:5 0:63 131567:4 0:16 131567:4 0:85
C	707	477697	950	0:191 477697:2 0:55 477697:3 0:32 131567:7 2:6 0:14 131567:5 0:15 2:3 0:22 2:1 0:192 227086:1 0:29 131567:5 0:3 2:5 0:16 477697:5 0:5 477697:1 0:298
C	708	477697	953	0:245 477697:3 0:13 131567:1 0:18 131567:7 2:6 0:14 131567:5 0:15 2:3 0:22 2:1 0:128 3273430:5 0:60 227086:1 0:29 131567:5 0:3 2:5 0:16 477697:5 0:5 477697:1 0:303
C	710	5144	812	0:296 716546:1 0:32 147550:5 0:166 716546:5 0:1 131567:3 5144:5 0:44 131567:5 0:5 716545:1 0:209
C	711	5144	800	0:217 131567:2 0:60 716546:2 0:9 716546:1 0:6 4895:1 0:108 131567:2 0:90 5506:2 0:9 716546:5 0:1 131567:3 5144:5 0:28 131567:1 0:16 131567:5 0:7 131567:4 0:10 131567:2 0:5 716546:4 0:161
C	712	544580	981	0:22 131567:1 0:58 131567:2 0:48 131567:4 0:4 131567:5 0:1 131567:5 0:70 131567:1 0:13 131567:1 0:19 544580:1 0:3 544580:4 0:2 544580:5 0:40 131567:3 0:12 131567:11 0:1 131567:8 0:17 131567:5 0:6 131567:5 0:16 131567:4 0:1 131567:5 0:78 131567:1 0:16 131567:2 0:26 131567:1 0:10 131567:2 0:7 131567:1 0:13 131567:1 0:11 131567:1 0:19 131567:4 0:63 131567:4 0:6 131567:4 0:19 131567:5 0:7 131567:8 0:19 131567:4 0:14 131567:4 0:7 131567:2 0:8 131567:5 0:63 131567:4 0:16 131567:4 0:50 131567:5 0:16 131567:1 0:13
C	713	544580	981	0:247 544580:1 0:3 544580:2 0:4 544580:5 0:2 544580:5 0:33 131567:3 0:61 131567:5 0:16 131567:1 0:12 131567:4 0:5 131567:5 0:2 131567:5 0:4 131567:5 0:46 131567:1 0:16 131567:2 0:60 131567:1 0:11 131567:1 0:19 131567:4 0:95 131567:5 0:7 131567:8 0:19 131567:4 0:14 131567:4 0:84 131567:4 0:16 131567:4 0:92
C	714	544580	850	0:46 131567:4 0:16 131567:4 0:82 131567:4 0:14 131567:4 0:19 131567:8 0:7 131567:5 0:19 131567:4 0:6 131567:4 0:63 131567:4 0:19 131567:1 0:11 131567:1 0:13 131567:1 0:7 131567:2 0:10 131567:1 0:26 131567:2 0:16 131567:1 0:46 131567:5 0:4 131567:5 0:2 131567:5 0:12 131567:5 0:1 131567:4 0:16 131567:5 0:6 131567:5 0:17 131567:8 0:1 131567:11 0:52 544580:5 0:2 544580:5 0:4 544580:2 0:3 544580:1 0:19 131567:1 0:13 131567:1 0:69 131567:5 0:1 131567:5 0:4 131567:4 0:38
C	716	3273430	943	0:262 131567:1 0:20 40324:5 0:20 1396:5 0:6 1396:2 0:7 2:3 0:41 3273430:5 0:103 3273430:5 0:93 131567:5 0:3 2:5 0:318
C	717	544580	851	0:47 131567:4 0:16 131567:4 0:63 131567:5 0:8 131567:2 0:49 131567:8 0:32 131567:5 0:6 131567:4 0:63 131567:4 0:19 131567:1 0:11 131567:1 0:13 131567:1 0:7 131567:2 0:10 131567:1 0:26 131567:2 0:16 131567:1 0:46 131567:5 0:4 131567:5 0:2 131567:5 0:12 131567:5 0:1 131567:4 0:16 131567:5 0:6 131567:5 0:84 544580:5 0:2 544580:5 0:4 544580:2 0:3 544580:1 0:19 131567:1 0:13 131567:1 0:125
C	718	544580	978	0:22 131567:1 0:58 131567:2 0:17 55601:5 0:26 131567:4 0:85 131567:1 0:13 131567:1 0:19 544580:1 0:3 544580:2 0:4 544580:5 0:2 544580:5 0:33 131567:3 0:12 131567:11 0:1 131567:8 0:17 131567:5 0:48 131567:5 0:2 131567:5 0:4 131567:5 0:46 131567:1 0:16 131567:2 0:27 9606:1 0:59 131567:4 0:96 131567:5 0:7 131567:8 0:19 131567:4 0:14 131567:4 0:7 131567:2 0:97 131567:4 0:51 131567:5 0:16 131567:1 0:13
C	719	544580	1027	0:251 544580:2 0:4 544580:5 0:2 544580:5 0:56 131567:8 0:17 131567:5 0:31 131567:5 0:12 131567:5 0:148 131567:1 0:19 131567:4 0:63 131567:4 0:6 131567:4 0:19 131567:5 0:7 131567:8 0:19 131567:4 0:14 131567:4 0:7 131567:2 0:8 131567:5 0:63 131567:4 0:16 131567:4 0:92 131567:1 0:40 470:1 0:5 470:1 0:7
C	720	544580	857	0:46 131567:4 0:16 131567:4 0:63 131567:5 0:8 131567:2 0:7 131567:4 0:14 131567:4 0:19 131567:8 0:7 131567:5 0:19 131567:4 0:6 131567:4 0:63 131567:4 0:19 131567:1 0:154 131567:5 0:40 131567:5 0:6 131567:5 0:17 131567:8 0:1 131567:11 0:52 544580:5 0:2 544580:5 0:4 544580:2 0:3 544580:1 0:19 131567:1 0:13 131567:1 0:70 131567:5 0:1 131567:5 0:4 131567:4 0:38
C	721	544580	977	0:22 131567:1 0:227 544580:1 0:3 544580:2 0:4 544580:5 0:2 544580:5 0:97 131567:5 0:16 131567:4 0:1 131567:5 0:12 131567:5 0:2 131567:5 0:4 131567:5 0:61 131567:2 0:70 131567:1 0:117 131567:5 0:53 131567:4 0:7 131567:2 0:8 131567:5 0:62 131567:4 0:16 131567:4 0:89
C	724	544580	852	0:45 131567:4 0:16 131567:4 0:69 131567:5 0:8 131567:2 0:7 131567:4 0:14 131567:4 0:19 131567:8 0:7 131567:5 0:19 131567:4 0:6 131567:4 0:63 131567:4 0:29 131567:4 0:13 131567:1 0:7 131567:2 0:10 131567:1 0:26 131567:2 0:16 131567:1 0:46 131567:5 0:4 131567:5 0:2 131567:5 0:12 131567:5 0:1 131567:4 0:114 544580:5 0:2 544580:5 0:4 544580:2 0:3 544580:1 0:19 131567:1 0:13 131567:1 0:69 131567:5 0:1 131567:5 0:4 131567:4 0:38
C	725	544580	837	0:209 131567:4 0:19 131567:4 0:6 131567:4 0:62 131567:4 0:19 131567:1 0:11 131567:1 0:76 131567:1 0:53 131567:5 0:2 131567:5 0:12 131567:5 0:1 131567:4 0:16 131567:5 0:6 131567:5 0:17 131567:8 0:1 131567:11 0:12 131567:3 0:33 544580:5 0:2 544580:5 0:4 544580:2 0:3 544580:1 0:19 131567:1 0:13 131567:1 0:65 131567:5 0:1 131567:5 0:4 131567:4 0:38
C	727	544580	845	0:48 131567:4 0:16 131567:4 0:63 131567:5 0:8 131567:2 0:7 131567:4 0:14 131567:4 0:19 131567:8 0:7 131567:5 0:19 131567:4 0:92 131567:1 0:11 131567:1 0:13 131567:1 0:7 131567:2 0:10 131567:1 0:26 131567:2 0:16 131567:1 0:46 131567:5 0:4 131567:5 0:2 131567:5 0:12 131567:5 0:1 131567:4 0:16 131567:5 0:6 131567:5 0:17 131567:8 0:1 131567:11 0:12 131567:3 0:33 544580:5 0:2 544580:5 0:4 544580:2 0:3 544580:1 0:19 131567:1 0:13 131567:1 0:67 131567:5 0:1 131567:5 0:4 131567:4 0:38
C	729	544580	843	0:45 131567:4 0:16 131567:4 0:63 131567:5 0:8 131567:2 0:7 131567:4 0:34 131567:5 0:33 131567:4 0:6 131567:4 0:86 131567:1 0:11 131567:1 0:13 131567:1 0:7 131567:2 0:10 131567:1 0:26 131567:2 0:16 131567:1 0:46 131567:5 0:4 131567:5 0:2 131567:5 0:37 131567:5 0:6 131567:5 0:17 131567:8 0:1 131567:11 0:12 131567:3 0:33 544580:5 0:2 544580:5 0:4 544580:2 0:3 544580:1 0:19 131567:1 0:13 131567:1 0:69 131567:5 0:1 131567:5 0:4 131567:4 0:38
C	730	569360	895	0:2 1760811:4 0:42 131567:1 147550:2 0:28 147550:1 0:221 716545:1 0:5 131567:5 0:3 131567:5 0:38 5144:5 131567:3 0:1 716546:5 0:197 716546:1 0:51 716546:3 0:4 131567:5 0:8 5125:5 0:2 5125:5 0:9 5144:2 0:183 569360:5 0:9
C	731	544580	962	0:178 131567:4 0:63 131567:5 0:8 131567:2 0:7 131567:4 0:14 131567:4 0:19 131567:8 0:7 131567:5 0:19 131567:4 0:6 131567:4 0:63 131567:4 0:19 131567:1 0:11 131567:1 0:13 131567:1 0:7 131567:2 0:10 131567:1 0:26 131567:2 0:16 131567:1 0:46 131567:5 0:4 131567:5 0:2 131567:5 0:12 131567:5 0:1 131567:4 0:16 131567:5 0:6 131567:5 0:17 131567:8 0:1 131567:11 0:49 544580:5 0:2 544580:5 0:4 544580:2 0:3 544580:1 0:19 131567:1 0:13 131567:1 0:70 131567:5 0:1 131567:5 0:4 131567:4 0:37
C	732	544580	845	0:46 131567:4 0:16 131567:4 0:63 131567:5 0:8 131567:2 0:62 131567:4 0:19 131567:4 0:6 131567:4 0:63 131567:4 0:19 131567:1 0:11 131567:1 0:13 131567:1 0:7 131567:2 0:10 131567:1 0:26 131567:2 0:16 131567:1 0:46 131567:5 0:4 131567:5 0:2 131567:5 0:12 131567:5 0:1 131567:4 0:16 131567:5 0:6 131567:5 0:17 131567:8 0:1 131567:11 0:12 131567:3 0:33 544580:5 0:2 544580:5 0:4 544580:2 0:3 544580:1 0:19 131567:3 0:81 131567:5 0:1 131567:5 0:4 131567:4 0:36
C	733	131567	909	0:184 477697:2 0:22 9606:5 0:27 477697:3 0:13 131567:1 0:20 40324:5 0:183 3273430:5 0:405
C	734	181762	1053	0:8 181762:1 0:1 181762:5 0:230 131567:2 0:30 131567:5 0:26 131567:4 0:22 131567:3 0:262 131567:1 0:10 131567:3 0:406
C	735	569360	808	0:8 569360:5 0:183 5144:2 0:9 5125:5 0:2 5125:5 0:8 131567:5 0:4 716546:3 0:51 716546:1 0:32 147550:5 0:167 716546:5 0:1 131567:3 5144:5 0:28 131567:1 0:16 131567:5 0:5 716545:1 0:209
C	736	569360	888	0:103 569360:5 0:172 5144:2 0:9 5125:5 0:2 5125:5 0:8 131567:5 0:4 716546:3 0:51 716546:1 0:32 147550:5 0:166 716546:5 0:1 131567:3 5144:5 0:28 131567:1 0:16 131567:5 0:212
C	737	544580	846	0:47 131567:5 0:16 131567:4 0:71 131567:2 0:62 131567:4 0:19 131567:4 0:6 131567:4 0:63 131567:4 0:19 131567:5 0:31 131567:2 0:10 131567:1 0:26 131567:2 0:16 131567:1 0:61 131567:5 0:12 131567:5 0:1 131567:4 0:16 131567:5 0:6 131567:5 0:17 131567:8 0:1 131567:11 0:12 131567:3 0:33 544580:5 0:2 544580:5 0:4 544580:2 0:3 544580:1 0:19 131567:1 0:13 131567:1 0:70 131567:5 0:1 131567:5 0:4 131567:4 0:38
C	738	3273430	941	0:188 477697:2 0:55 477697:3 0:13 131567:1 0:20 40324:5 0:42 2:3 0:41 3273430:5 0:104 3273430:5 0:93 131567:5 0:3 2:5 0:314
C	740	544580	849	0:68 131567:4 0:63 131567:5 0:8 131567:2 0:7 131567:4 0:14 131567:4 0:34 131567:4 0:19 131567:4 0:6 131567:4 0:63 131567:4 0:19 131567:1 0:11 131567:1 0:13 131567:1 0:7 131567:2 0:10 131567:1 0:26 131567:2 0:16 131567:1 0:46 131567:5 0:4 131567:5 0:2 131567:5 0:38 131567:5 0:6 131567:5 0:31 131567:5 0:12 131567:3 0:33 544580:5 0:2 544580:5 0:4 544580:2 0:3 544580:1 0:19 131567:1 0:13 131567:1 0:69 131567:5 0:1 131567:5 0:4 131567:4 0:38
C	741	544580	987	0:22 131567:1 0:58 131567:2 0:48 131567:4 0:4 131567:5 0:1 131567:5 0:69 131567:1 0:13 131567:1 0:19 544580:1 0:3 544580:2 0:4 544580:5 0:2 544580:5 0:33 131567:3 0:12 131567:11 0:1 131567:8 0:17 131567:5 0:6 131567:5 0:56 131567:5 0:47 131567:1 0:16 131567:2 0:26 131567:1 0:7 131567:5 0:7 131567:1 0:13 131567:1 0:11 131567:1 0:19 131567:4 0:63 131567:4 0:6 131567:4 0:19 131567:5 0:7 131567:8 0:19 131567:4 0:14 131567:4 0:7 131567:2 0:8 131567:5 0:63 131567:4 0:16 131567:4 0:88
C	742	544580	974	0:22 131567:1 0:57 131567:2 0:56 131567:5 0:1 131567:5 0:69 131567:1 0:13 131567:1 0:19 544580:1 0:3 544580:2 0:4 544580:5 0:2 544580:5 0:33 131567:3 0:12 131567:11 0:1 131567:8 0:17 131567:5 0:6 131567:5 0:16 131567:1 0:21 131567:5 0:2 131567:5 0:4 131567:5 0:126 131567:1 0:11 131567:1 0:114 131567:5 0:7 131567:8 0:19 131567:4 0:14 131567:4 0:7 131567:2 0:8 131567:5 0:63 131567:4 0:72 131567:5 0:16 131567:1 0:9
C	744	544580	775	0:24 131567:1 0:58 131567:2 0:48 131567:4 0:4 131567:5 0:1 131567:5 0:69 131567:1 0:13 131567:1 0:19 544580:1 0:3 544580:2 0:4 544580:5 0:2 544580:5 0:33 131567:3 0:12 131567:11 0:1 131567:8 0:17 131567:5 0:6 131567:5 0:16 131567:4 0:1 131567:5 0:12 131567:5 0:2 131567:5 0:4 131567:5 0:46 131567:1 0:16 131567:2 0:26 131567:1 0:10 131567:2 0:7 131567:1 0:13 131567:1 0:11 131567:1 0:19 131567:4 0:63 131567:4 0:6 131567:4 0:19 131567:5 0:7 131567:8 0:19 131567:4 0:4
C	745	569360	813	0:10 569360:5 0:184 5144:2 0:9 5125:5 0:2 5125:5 0:8 131567:5 0:4 716546:3 0:51 716546:1 0:32 147550:5 0:211 131567:1 0:16 131567:5 0:5 716545:1 0:209
C	748	131567	585	0:46 131567:4 0:16 131567:4 0:63 131567:5 0:8 131567:2 0:7 131567:4 0:14 131567:4 0:19 131567:8 0:7 131567:5 0:19 131567:4 0:6 131567:4 0:63 131567:4 0:19 131567:1 0:11 131567:1 0:13 131567:1 0:7 131567:2 0:10 131567:1 0:26 131567:2 0:62 131567:5 0:4 131567:5 0:2 131567:5 0:12 131567:5 0:1 131567:4 0:16 131567:5 0:6 131567:5 0:4
C	750	1224	925	0:188 477697:2 0:91 40324:5 0:20 131567:5 0:15 2:3 0:150 3273430:5 0:92 131567:5 0:3 2:5 0:302
C	751	544580	852	0:48 131567:4 0:16 131567:4 0:63 131567:5 0:8 131567:2 0:7 131567:4 0:14 131567:5 0:33 131567:5 0:19 131567:4 0:73 131567:4 0:19 131567:1 0:11 131567:1 0:13 131567:1 0:7 131567:2 0:10 131567:1 0:26 131567:2 0:16 131567:1 0:46 131567:5 0:4 131567:5 0:2 131567:5 0:12 131567:5 0:1 131567:4 0:16 131567:5 0:6 131567:5 0:17 131567:8 0:1 131567:11 0:12 131567:3 0:33 544580:5 0:2 544580:5 0:4 544580:2 0:3 544580:1 0:19 131567:1 0:13 131567:1 0:70 131567:5 0:1 131567:5 0:4 131567:4 0:38
C	752	544580	905	0:22 131567:4 0:6 36050:1 0:45 131567:2 0:59 131567:5 0:71 131567:1 0:13 131567:1 0:19 544580:1 0:3 544580:2 0:4 544580:5 0:2 544580:5 0:33 131567:3 0:12 131567:11 0:1 131567:8 0:17 131567:5 0:6 131567:5 0:16 131567:4 0:1 131567:5 0:12 131567:5 0:2 131567:5 0:4 131567:5 0:46 131567:1 0:16 131567:2 0:26 131567:1 0:10 131567:2 0:7 131567:1 0:13 131567:1 0:11 131567:1 0:19 131567:4 0:63 131567:4 0:6 131567:4 0:19 131567:5 0:7 131567:8 0:19 131567:4 0:14 131567:4 0:7 131567:2 0:8 131567:5 0:63 131567:4 0:16 131567:4 0:13
C	753	544580	970	0:217 131567:1 0:13 131567:1 0:19 544580:1 0:3 544580:2 0:4 544580:5 0:2 544580:5 0:33 131567:3 0:12 131567:5 0:80 131567:5 0:2 131567:5 0:4 131567:5 0:90 131567:1 0:10 131567:2 0:2 332648:1 0:51 131567:4 0:63 131567:4 0:6 131567:4 0:19 131567:5 0:7 131567:8 0:19 131567:4 0:14 131567:4 0:7 131567:2 0:8 131567:5 0:63 131567:4 0:16 131567:4 0:82
C	754	40324	1109	0:351 2:5 0:3 131567:5 0:13 40324:5 0:72 3273430:5 0:150 2:3 0:15 131567:5 0:20 40324:5 0:20 131567:1 0:13 477697:3 0:55 477697:2 0:324
C	756	3273430	975	0:230 477697:2 0:91 40324:5 0:40 2:3 0:41 3273430:5 0:42 3133316:1 0:61 3273430:5 0:93 131567:5 0:3 2:5 0:309
C	757	131567	845	0:133 131567:5 0:334 131567:5 0:4 131567:5 0:45 131567:5 0:6 131567:5 0:17 131567:8 0:1 131567:11 0:227
C	758	477697	1001	0:2 477697:4 0:342 477697:1 0:5 477697:5 0:16 2:5 0:3 131567:5 0:29 227086:1 0:58 3273430:5 0:133 2:1 0:22 2:3 0:65 131567:1 0:71 477697:2 0:188
C	759	544580	986	0:24 131567:1 0:58 131567:2 0:48 131567:4 0:4 131567:5 0:1 131567:5 0:84 131567:1 0:19 544580:1 0:3 544580:2 0:4 544580:5 0:2 544580:5 0:33 131567:3 0:12 131567:11 0:1 131567:8 0:17 131567:5 0:6 131567:5 0:16 131567:4 0:1 131567:5 0:12 131567:5 0:2 131567:5 0:4 131567:5 0:89 131567:1 0:10 131567:2 0:7 131567:1 0:13 131567:1 0:11 131567:1 0:19 131567:4 0:63 131567:4 0:6 131567:4 0:19 131567:5 0:7 131567:8 0:19 131567:4 0:14 131567:4 0:7 131567:2 0:8 131567:5 0:63 131567:4 0:109
C	760	181762	1062	0:8 181762:1 0:1 181762:5 0:231 131567:2 0:30 131567:5 0:26 131567:4 0:22 131567:5 0:8 131567:9 0:5 131567:5 0:119 181124:1 0:62 4751:2 0:56 131567:1 0:10 131567:2 0:408
C	761	544580	976	0:22 131567:1 0:58 131567:2 0:48 131567:4 0:4 131567:5 0:1 131567:5 0:102 544580:1 0:3 544580:2 0:4 544580:5 0:2 544580:5 0:33 131567:3 0:12 131567:11 0:1 131567:8 0:17 131567:5 0:6 131567:5 0:16 131567:4 0:1 131567:5 0:160 131567:1 0:11 131567:1 0:19 131567:4 0:89 131567:5 0:7 131567:8 0:19 131567:4 0:14 131567:4 0:7 131567:2 0:8 131567:5 0:63 131567:4 0:16 131567:4 0:86
C	762	131567	984	0:131 131567:4 0:4 131567:5 0:1 131567:5 0:70 131567:1 0:13 131567:1 0:73 131567:3 0:12 131567:11 0:1 131567:8 0:17 131567:5 0:6 131567:5 0:16 131567:4 0:1 131567:5 0:12 131567:5 0:2 131567:5 0:4 131567:5 0:102 131567:2 0:7 131567:1 0:13 131567:4 0:92 131567:4 0:6 131567:4 0:19 131567:5 0:7 131567:8 0:19 131567:4 0:14 131567:4 0:7 131567:2 0:8 131567:5 0:160 131567:1 0:17
C	763	544580	843	0:46 131567:4 0:16 131567:4 0:63 131567:5 0:8 131567:2 0:7 131567:4 0:14 131567:4 0:19 131567:8 0:7 131567:5 0:19 131567:4 0:6 131567:4 0:63 131567:4 0:19 131567:1 0:11 131567:1 0:57 131567:2 0:62 131567:2 0:4 131567:5 0:2 131567:5 0:12 131567:5 0:1 131567:4 0:16 131567:5 0:6 131567:5 0:17 131567:8 0:1 131567:11 0:48 544580:5 0:2 544580:5 0:4 544580:2 0:3 544580:1 0:19 131567:1 0:13 131567:1 0:70 131567:5 0:1 131567:5 0:4 131567:4 0:38
C	764	477697	951	0:188 477697:2 0:55 477697:3 0:13 131567:1 0:18 131567:7 2:6 0:57 2:1 0:128 3273430:5 0:60 227086:1 0:29 131567:5 0:3 2:5 0:16 477697:5 0:5 477697:1 0:303
U	765	0	735	0:686 477697:3 0:12
C	766	544580	852	0:46 131567:4 0:16 131567:4 0:63 131567:5 0:8 131567:2 0:7 131567:4 0:14 131567:4 0:32 131567:5 0:19 131567:4 0:6 131567:4 0:63 131567:4 0:55 131567:2 0:10 131567:1 0:26 131567:2 0:16 131567:1 0:46 131567:5 0:4 131567:5 0:2 131567:5 0:12 131567:5 0:1 131567:4 0:16 131567:5 0:6 131567:5 0:17 131567:4 0:66 544580:5 0:2 544580:5 0:4 544580:2 0:3 544580:1 0:19 131567:1 0:13 131567:1 0:70 131567:5 0:1 131567:5 0:4 131567:4 0:38
C	767	544580	966	0:22 131567:1 0:58 131567:2 0:48 131567:4 0:84 131567:1 0:13 131567:1 0:19 544580:1 0:3 544580:2 0:4 544580:5 0:2 544580:5 0:45 131567:11 0:1 131567:8 0:17 131567:5 0:6 131567:5 0:52 131567:5 0:46 131567:1 0:16 131567:2 0:26 131567:1 0:10 131567:2 0:123 131567:4 0:19 131567:5 0:7 131567:8 0:19 131567:4 0:14 131567:4 0:7 131567:2 0:8 131567:5 0:63 131567:4 0:102
C	769	544580	840	0:44 131567:4 0:16 131567:4 0:63 131567:5 0:8 131567:2 0:7 131567:4 0:14 131567:4 0:32 131567:5 0:19 131567:4 0:6 131567:4 0:63 131567:4 0:19 131567:1 0:11 131567:1 0:13 131567:1 0:7 131567:2 0:10 131567:1 0:26 131567:2 0:69 131567:5 0:2 131567:5 0:12 131567:5 0:1 131567:4 0:16 131567:5 0:6 131567:5 0:17 131567:8 0:1 131567:11 0:68 544580:1 0:19 131567:1 0:13 131567:1 0:69 131567:5 0:1 131567:5 0:4 131567:4 0:37
C	770	5144	800	0:195 332648:2 0:2 716545:1 0:22 131567:2 0:111 131567:6 0:113 37727:1 0:56 716546:5 0:1 131567:3 5144:5 0:58 131567:4 0:10 131567:2 0:5 716546:4 0:158
C	771	544580	1116	0:209 131567:1 0:13 131567:1 0:19 544580:1 0:3 544580:2 0:4 544580:5 0:2 544580:5 0:46 131567:11 0:1 131567:8 0:17 131567:5 0:6 131567:5 0:16 131567:4 0:1 131567:5 0:12 131567:5 0:2 131567:5 0:4 131567:5 0:46 131567:1 0:16 131567:2 0:26 131567:1 0:10 131567:2 0:7 131567:1 0:13 131567:1 0:40 1071381:5 0:55 131567:4 0:6 131567:4 0:19 131567:5 0:7 131567:8 0:49 131567:2 0:8 131567:5 0:62 131567:4 0:16 131567:4 0:51 131567:5 0:16 131567:1 0:19 131567:1 0:137
C	772	544580	853	0:46 131567:4 0:16 131567:4 0:104 131567:4 0:34 131567:4 0:19 131567:4 0:6 131567:4 0:63 131567:4 0:46 131567:1 0:7 131567:2 0:10 131567:1 0:26 131567:2 0:16 131567:1 0:46 131567:5 0:6 131567:2 0:3 131567:5 0:39 131567:5 0:6 131567:5 0:17 131567:3 0:66 544580:5 0:2 544580:5 0:4 544580:2 0:3 544580:1 0:19 131567:1 0:13 131567:1 0:70 131567:5 0:1 131567:5 0:4 131567:4 0:38
C	774	40324	920	0:239 477697:3 0:13 131567:1 0:20 40324:5 0:276 40324:5 0:13 131567:5 0:3 2:5 0:298
C	775	544580	845	0:43 131567:4 0:16 131567:4 0:63 131567:5 0:8 131567:2 0:7 131567:4 0:14 131567:4 0:34 131567:4 0:19 131567:4 0:6 131567:4 0:63 131567:4 0:29 131567:4 0:13 131567:1 0:45 131567:2 0:16 131567:1 0:61 131567:5 0:12 131567:5 0:1 131567:4 0:16 131567:5 0:6 131567:5 0:17 131567:8 0:1 131567:11 0:12 131567:3 0:33 544580:5 0:2 544580:5 0:4 544580:2 0:3 544580:1 0:19 131567:1 0:13 131567:1 0:70 131567:5 0:1 131567:5 0:4 131567:4 0:38
C	776	2	1291	0:280 131567:4 0:18 477697:2 0:36 1884633:1 0:323 2:5 0:3 131567:5 0:202 3273430:5 0:84 40324:5 0:20 131567:1 0:13 477697:3 0:247
C	777	131567	843	0:46 131567:4 0:83 131567:5 0:8 131567:2 0:7 131567:4 0:14 131567:4 0:34 131567:4 0:19 131567:4 0:6 131567:4 0:63 131567:4 0:52 131567:2 0:10 131567:1 0:88 131567:5 0:4 131567:5 0:2 131567:5 0:12 131567:5 0:1 131567:4 0:16 131567:5 0:35 131567:12 0:12 131567:3 0:74 131567:1 0:13 131567:1 0:69 131567:5 0:1 131567:5 0:4 131567:4 0:38
C	779	477697	951	0:188 477697:2 0:55 477697:3 0:13 131567:1 0:18 131567:7 2:6 0:34 2:3 0:22 2:1 0:220 131567:5 0:3 2:5 0:16 477697:5 0:310
C	780	5144	798	0:197 716545:1 0:83 716546:2 0:9 716546:1 0:34 498019:5 0:5 131567:6 0:167 716546:5 0:1 131567:3 5144:5 0:28 131567:1 0:16 131567:5 0:7 131567:4 0:10 131567:2 0:5 716546:4 0:158
C	781	5302	1165	0:41 490731:3 0:7 490731:5 0:13 490731:1 0:436 131567:3 0:10 131567:1 0:56 4751:2 0:119 5338:3 0:58 131567:5 0:5 131567:9 0:8 131567:5 0:22 131567:4 0:26 131567:5 0:30 131567:2 0:231 181762:5 0:1 181762:1 0:14
C	782	477697	1003	0:188 477697:2 0:54 477697:3 0:13 131567:1 0:18 131567:7 2:6 0:14 131567:5 0:15 2:3 0:22 2:1 0:127 3273430:5 0:60 227086:1 0:60 477697:5 0:5 477697:1 0:353
C	783	477697	800	0:220 477697:2 0:55 477697:3 0:13 131567:1 0:18 131567:7 2:6 0:14 131567:5 0:15 2:3 0:22 2:1 0:130 3273430:1 0:60 227086:1 0:29 131567:5 0:3 2:5 0:16 477697:5 0:5 477697:1 0:120
C	784	477697	942	0:145 477697:5 0:97 477697:3 0:13 131567:1 0:20 40324:5 0:86 3273430:5 0:202 131567:5 0:8 131567:3 0:310
C	785	40324	927	0:189 477697:2 0:55 477697:3 0:13 131567:1 0:20 40324:5 0:20 131567:5 0:15 2:3 0:149 3273430:5 0:72 40324:5 0:13 131567:5 0:3 2:5 0:305
C	786	2	926	0:188 477697:2 0:55 477697:3 0:13 131567:1 0:216 3273430:5 0:90 131567:5 0:3 2:5 0:306
C	787	544580	989	0:22 131567:1 0:58 131567:2 0:48 131567:4 0:4 131567:5 0:1 131567:5 0:103 544580:1 0:3 544580:2 0:4 544580:5 0:2 544580:5 0:33 131567:3 0:48 131567:5 0:6 131567:5 0:16 131567:4 0:36 131567:5 0:46 131567:1 0:16 131567:2 0:26 131567:1 0:10 131567:2 0:7 131567:1 0:13 131567:1 0:11 131567:1 0:19 131567:4 0:100 131567:5 0:7 131567:8 0:19 131567:4 0:14 131567:4 0:7 131567:2 0:8 131567:5 0:63 131567:4 0:16 131567:4 0:51 131567:5 0:16 131567:1 0:15
C	788	544580	842	0:45 131567:4 0:16 131567:4 0:96 131567:4 0:19 131567:8 0:7 131567:5 0:19 131567:4 0:6 131567:4 0:63 131567:4 0:19 131567:1 0:11 131567:1 0:13 131567:1 0:7 131567:2 0:10 131567:1 0:26 131567:2 0:16 131567:1 0:46 131567:5 0:4 131567:5 0:2 131567:5 0:12 131567:5 0:1 131567:4 0:16 131567:5 0:6 131567:5 0:17 131567:8 0:1 131567:11 0:12 131567:3 0:33 544580:5 0:2 544580:5 0:4 544580:2 0:3 544580:1 0:19 131567:1 0:13 131567:1 0:70 131567:5 0:1 131567:5 0:4 131567:4 0:38
C	789	544580	847	0:172 131567:4 0:19 131567:8 0:7 131567:5 0:19 131567:4 0:6 131567:4 0:87 131567:1 0:11 131567:1 0:130 131567:5 0:4 131567:5 0:2 131567:5 0:35 131567:5 0:6 131567:5 0:17 131567:7 0:59 544580:5 0:2 544580:5 0:42 131567:1 0:125
C	790	544580	983	0:22 131567:1 0:58 131567:2 0:48 131567:4 0:4 131567:5 0:1 131567:5 0:67 131567:1 0:13 131567:1 0:19 544580:1 0:3 544580:2 0:4 544580:5 0:2 544580:5 0:33 131567:3 0:12 131567:11 0:1 131567:8 0:17 131567:5 0:6 131567:5 0:16 131567:4 0:1 131567:5 0:96 131567:1 0:27 131567:1 0:10 131567:2 0:7 131567:1 0:46 131567:4 0:63 131567:4 0:6 131567:4 0:19 131567:5 0:7 131567:8 0:19 131567:4 0:14 131567:4 0:7 131567:2 0:8 131567:5 0:175
C	791	181124	971	0:30 5204:1 0:277 131567:3 0:10 131567:1 0:5 131567:5 0:3 131567:5 0:3 131567:1 0:139 456999:2 0:83 131567:5 0:5 131567:9 0:45 181124:4 0:8 131567:2 0:12 131567:2 0:9 131567:5 0:263
C	792	477697	981	0:2 477697:4 0:343 2:5 0:3 131567:5 0:13 40324:5 0:72 3273430:5 0:150 2:3 0:63 131567:1 0:13 477697:3 0:55 477697:2 0:200
C	795	477697	1434	0:274 131567:7 2:6 0:14 131567:5 0:15 2:3 0:22 2:1 0:131 3273430:5 0:93 131567:5 0:3 2:5 0:16 477697:5 0:5 477697:1 0:734 131567:3 0:3 131567:5 0:39
C	797	40324	919	0:185 477697:2 0:90 40324:5 0:20 131567:5 0:15 2:3 0:150 3273430:5 0:72 40324:5 0:13 131567:5 0:3 2:5 0:302
C	798	40324	926	0:243 477697:3 0:13 131567:1 0:20 40324:5 0:20 131567:5 0:15 2:3 0:228 40324:5 0:13 131567:5 0:3 2:5 0:305
C	800	544580	851	0:46 131567:4 0:16 131567:4 0:18 284811:3 0:43 131567:5 0:8 131567:2 0:7 131567:4 0:50 131567:4 0:96 131567:4 0:45 131567:1 0:7 131567:2 0:10 131567:1 0:26 131567:2 0:16 131567:1 0:61 131567:5 0:12 131567:5 0:1 131567:4 0:16 131567:5 0:6 131567:5 0:17 131567:8 0:1 131567:11 0:12 131567:5 0:35 544580:5 0:2 544580:5 0:4 544580:2 0:3 544580:1 0:19 131567:1 0:13 131567:1 0:70 131567:5 0:1 131567:5 0:4 131567:4 0:38
C	801	2	972	0:234 1795631:1 0:112 2:5 0:3 131567:5 0:88 3273430:5 0:181 2:6 131567:7 0:18 131567:1 0:13 477697:3 0:55 477697:2 0:199
C	802	477697	976	0:381 477697:1 0:5 477697:5 0:16 2:5 0:3 131567:5 0:87 3273430:5 0:125 2:3 0:40 131567:5 0:14 2:6 131567:7 0:18 131567:1 0:13 477697:3 0:55 477697:2 0:137
C	803	544580	846	0:134 131567:5 0:8 131567:2 0:7 131567:4 0:14 131567:4 0:32 131567:5 0:19 131567:4 0:6 131567:4 0:63 131567:4 0:19 131567:1 0:11 131567:1 0:13 131567:1 0:7 131567:2 0:10 131567:1 0:26 131567:2 0:16 131567:1 0:48 131567:2 0:4 131567:5 0:2 131567:5 0:12 131567:5 0:1 131567:4 0:16 131567:5 0:6 131567:5 0:17 131567:8 0:1 131567:11 0:12 131567:3 0:33 544580:5 0:2 544580:5 0:4 544580:2 0:106 131567:5 0:1 131567:5 0:4 131567:4 0:38
C	804	544580	849	0:46 131567:4 0:16 131567:4 0:76 131567:2 0:7 131567:4 0:14 131567:4 0:34 131567:4 0:19 131567:4 0:6 131567:4 0:63 131567:4 0:29 131567:4 0:13 131567:1 0:7 131567:2 0:10 131567:1 0:89 131567:5 0:4 131567:5 0:2 131567:5 0:12 131567:5 0:1 131567:4 0:16 131567:5 0:6 131567:5 0:17 131567:8 0:1 131567:11 0:12 131567:3 0:33 544580:5 0:2 544580:5 0:4 544580:2 0:3 544580:1 0:19 131567:1 0:13 131567:1 0:71 131567:5 0:1 131567:5 0:4 131567:4 0:38
C	805	544580	967	0:22 131567:1 0:59 131567:1 0:48 131567:4 0:4 131567:5 0:1 131567:5 0:98 544580:1 0:3 544580:2 0:4 544580:5 0:2 544580:5 0:33 131567:3 0:12 131567:11 0:1 131567:8 0:17 131567:5 0:6 131567:5 0:16 131567:4 0:1 131567:5 0:12 131567:5 0:2 131567:5 0:4 131567:5 0:63 131567:2 0:44 131567:1 0:13 131567:1 0:11 131567:1 0:19 131567:4 0:92 131567:5 0:7 131567:8 0:19 131567:4 0:14 131567:4 0:7 131567:2 0:8 131567:5 0:63 131567:4 0:16 131567:4 0:82
C	806	544580	855	0:47 131567:4 0:16 131567:4 0:63 131567:5 0:8 131567:2 0:7 131567:4 0:14 131567:4 0:19 131567:8 0:7 131567:5 0:19 131567:4 0:6 131567:4 0:63 131567:4 0:19 131567:1 0:45 131567:1 0:26 131567:2 0:16 131567:1 0:60 131567:5 0:55 131567:5 0:17 131567:8 0:1 131567:11 0:12 131567:3 0:33 544580:5 0:2 544580:5 0:4 544580:2 0:3 544580:1 0:19 131567:1 0:84 131567:5 0:1 131567:5 0:4 131567:4 0:38
C	807	544580	850	0:48 131567:4 0:16 131567:4 0:64 131567:5 0:8 131567:2 0:7 131567:4 0:37 131567:7 0:7 131567:5 0:19 131567:4 0:6 131567:4 0:63 131567:4 0:19 131567:1 0:11 131567:1 0:13 131567:1 0:7 131567:2 0:10 131567:1 0:26 131567:2 0:16 131567:1 0:113 131567:5 0:17 131567:8 0:1 131567:11 0:12 131567:3 0:33 544580:5 0:2 544580:5 0:4 544580:2 0:3 544580:1 0:104 131567:5 0:1 131567:5 0:4 131567:4 0:39
C	808	181762	1066	0:8 181762:1 0:1 181762:5 0:229 131567:2 0:30 131567:5 0:26 131567:4 0:22 131567:5 0:8 131567:9 0:5 131567:5 0:58 5338:3 0:59 181124:1 0:62 4751:2 0:127 479434:1 0:354
C	809	40324	926	0:190 477697:2 0:55 477697:3 0:13 131567:1 0:20 40324:5 0:20 131567:5 0:15 2:3 0:150 3273430:5 0:72 40324:5 0:13 131567:5 0:3 2:5 0:302
C	812	181762	1056	0:7 181762:1 0:1 181762:5 0:228 131567:2 0:30 131567:5 0:26 131567:4 0:113 5338:3 0:59 181124:1 0:118 131567:1 0:10 131567:3 0:405
C	813	131567	849	0:46 131567:4 0:16 131567:4 0:63 131567:5 0:8 131567:2 0:7 131567:4 0:14 131567:4 0:19 131567:8 0:7 131567:5 0:93 131567:4 0:19 131567:1 0:11 131567:1 0:13 131567:1 0:7 131567:2 0:10 131567:1 0:26 131567:2 0:16 131567:1 0:78 131567:5 0:1 131567:4 0:16 131567:5 0:6 131567:5 0:17 131567:8 0:1 131567:11 0:92 131567:1 0:13 131567:1 0:70 131567:5 0:1 131567:5 0:4 131567:4 0:38
C	814	544580	1066	0:22 131567:1 0:58 131567:2 0:47 1071378:1 0:89 131567:1 0:13 131567:1 0:19 544580:1 0:3 544580:2 0:4 544580:5 0:2 544580:5 0:33 131567:3 0:12 131567:11 0:1 131567:8 0:17 131567:5 0:31 131567:5 0:12 131567:5 0:2 131567:5 0:4 131567:5 0:46 131567:1 0:45 131567:1 0:10 131567:2 0:7 131567:1 0:13 131567:1 0:11 131567:1 0:19 131567:4 0:63 131567:4 0:6 131567:4 0:19 131567:5 0:7 131567:7 0:37 131567:4 0:7 131567:2 0:8 131567:5 0:143 131567:5 0:16 131567:1 0:19 131567:1 0:51 573:3 0:18
C	815	544580	849	0:45 131567:4 0:16 131567:4 0:65 131567:5 0:8 131567:2 0:7 131567:4 0:14 131567:4 0:34 131567:4 0:95 131567:4 0:19 131567:1 0:11 131567:1 0:13 131567:1 0:8 508771:1 0:37 131567:2 0:78 131567:5 0:12 131567:5 0:1 131567:4 0:16 131567:5 0:6 131567:5 0:17 131567:7 0:62 544580:5 0:2 544580:5 0:4 544580:2 0:3 544580:1 0:19 131567:1 0:13 131567:1 0:70 131567:5 0:1 131567:5 0:4 131567:4 0:38
C	816	544580	981	0:80 131567:2 0:62 131567:5 0:68 131567:1 0:13 131567:1 0:37 544580:5 0:33 131567:3 0:12 131567:7 0:29 131567:5 0:6 131567:5 0:16 131567:4 0:1 131567:5 0:12 131567:5 0:2 131567:5 0:4 131567:5 0:46 131567:1 0:16 131567:2 0:26 131567:1 0:10 131567:2 0:7 131567:1 0:13 131567:1 0:11 131567:1 0:19 131567:4 0:63 131567:4 0:6 131567:4 0:19 131567:5 0:7 131567:8 0:19 131567:4 0:14 131567:4 0:7 131567:2 0:8 131567:5 0:68 131567:4 0:16 131567:4 0:51 131567:5 0:16 131567:1 0:9
C	817	544580	841	0:46 131567:4 0:16 131567:4 0:102 131567:4 0:32 131567:5 0:19 131567:4 0:6 131567:4 0:62 131567:4 0:19 131567:1 0:11 131567:1 0:13 131567:1 0:7 131567:2 0:10 131567:1 0:42 131567:1 0:46 131567:5 0:4 131567:5 0:2 131567:5 0:103 131567:3 0:33 544580:5 0:2 544580:5 0:4 544580:2 0:3 544580:1 0:19 131567:1 0:82 131567:5 0:1 131567:5 0:4 131567:4 0:37
C	818	544580	847	0:46 131567:4 0:16 131567:4 0:63 131567:5 0:8 131567:2 0:7 131567:4 0:14 131567:4 0:19 131567:8 0:7 131567:5 0:19 131567:4 0:6 131567:4 0:63 131567:4 0:19 131567:1 0:11 131567:1 0:13 131567:1 0:7 131567:2 0:10 131567:1 0:146 131567:5 0:6 131567:5 0:17 131567:8 0:1 131567:11 0:12 131567:3 0:33 544580:5 0:2 544580:5 0:4 544580:2 0:3 544580:1 0:19 131567:1 0:13 131567:1 0:71 131567:5 0:1 131567:5 0:4 131567:4 0:38
C	819	544580	847	0:47 131567:4 0:16 131567:4 0:63 131567:5 0:8 131567:2 0:7 131567:4 0:14 131567:4 0:34 131567:4 0:19 131567:4 0:6 131567:4 0:63 131567:4 0:19 131567:1 0:11 131567:1 0:13 131567:1 0:7 131567:2 0:10 131567:1 0:26 131567:2 0:16 131567:1 0:46 131567:5 0:4 131567:5 0:2 131567:5 0:47 131567:5 0:17 131567:8 0:1 131567:11 0:12 131567:3 0:33 544580:5 0:2 544580:5 0:4 544580:2 0:3 544580:1 0:19 131567:1 0:13 131567:1 0:69 131567:5 0:1 131567:5 0:4 131567:4 0:38
C	820	544580	851	0:50 131567:4 0:16 131567:4 0:63 131567:5 0:8 131567:2 0:24 131567:4 0:19 131567:8 0:7 131567:5 0:19 131567:4 0:6 131567:4 0:63 131567:4 0:19 131567:1 0:89 131567:1 0:57 131567:5 0:2 131567:5 0:12 131567:5 0:1 131567:4 0:16 131567:5 0:6 131567:5 0:48 131567:3 0:33 544580:5 0:2 544580:5 0:4 544580:2 0:3 544580:1 0:19 131567:1 0:13 131567:1 0:70 131567:5 0:1 131567:5 0:4 131567:4 0:36
C	821	2	1293	0:263 477697:5 0:12 131567:4 0:18 477697:2 0:36 1884633:1 0:322 2:5 0:3 131567:5 0:93 3273430:5 0:105 3273430:5 0:83 40324:5 0:20 131567:1 0:13 477697:3 0:250
C	822	131567	849	0:66 131567:4 0:63 131567:5 0:8 131567:2 0:7 131567:4 0:14 131567:4 0:19 131567:8 0:7 131567:5 0:19 131567:4 0:6 131567:4 0:64 131567:4 0:19 131567:1 0:11 131567:1 0:13 131567:1 0:7 131567:2 0:10 131567:1 0:89 131567:2 0:4 131567:5 0:2 131567:5 0:75 131567:8 0:1 131567:11 0:90 131567:1 0:13 131567:1 0:69 131567:5 0:1 131567:5 0:4 131567:4 0:37
C	823	544580	846	0:44 131567:4 0:16 131567:4 0:62 131567:5 0:8 131567:2 0:7 131567:4 0:14 131567:4 0:19 131567:8 0:7 131567:5 0:19 131567:4 0:6 131567:4 0:63 131567:3 0:19 131567:1 0:11 131567:1 0:13 131567:1 0:7 131567:2 0:10 131567:1 0:26 131567:1 0:64 131567:5 0:6 131567:2 716545:3 0:5 131567:1 0:17 716545:5 0:15 131567:5 0:6 131567:5 0:17 131567:8 0:1 131567:11 0:12 131567:3 0:33 544580:5 0:2 544580:5 0:4 544580:2 0:3 544580:1 0:19 131567:1 0:13 131567:1 0:70 131567:5 0:1 131567:5 0:4 131567:4 0:38
C	824	5302	1186	0:25 131567:6 0:55 490731:5 0:13 490731:1 0:442 451864:3 0:55 4751:2 0:205 131567:5 0:54 131567:4 0:30 131567:2 0:230 181762:5 0:1 181762:1 0:8
C	825	544580	1000	0:22 131567:1 0:37 42260:2 0:14 42260:5 131567:1 0:48 131567:4 0:4 131567:5 0:1 131567:5 0:70 131567:1 0:13 131567:1 0:19 544580:1 0:3 544580:2 0:4 544580:5 0:2 544580:5 0:33 131567:3 0:12 131567:11 0:1 131567:8 0:17 131567:5 0:6 131567:5 0:44 131567:5 0:4 131567:5 0:46 131567:1 0:16 131567:2 0:26 131567:1 0:10 131567:2 0:7 131567:1 0:13 131567:1 0:11 131567:1 0:19 131567:4 0:72 131567:4 0:19 131567:5 0:7 131567:8 0:19 131567:4 0:14 131567:4 0:7 131567:2 0:8 131567:5 0:63 131567:4 0:16 131567:4 0:51 131567:5 0:39 131567:1 0:10
C	826	544580	819	0:66 131567:4 0:63 131567:5 0:35 131567:4 0:36 131567:4 0:19 131567:4 0:6 131567:4 0:62 131567:4 0:19 131567:1 0:164 131567:5 0:6 131567:5 0:17 131567:8 0:1 131567:9 0:51 544580:5 0:2 544580:5 0:4 544580:2 0:3 544580:1 0:104 131567:5 0:1 131567:5 0:4 131567:4 0:38
C	827	490731	505	0:41 490731:3 0:7 490731:5 0:13 490731:1 0:401
C	828	5144	800	0:214 131567:2 0:13 131567:5 0:4 716546:3 0:34 716546:2 0:9 716546:1 0:6 4895:1 0:204 5506:2 0:9 716546:5 0:1 131567:3 5144:5 0:28 131567:1 0:16 131567:5 0:7 131567:4 0:10 131567:2 0:5 716546:4 0:161
C	830	544580	850	0:46 131567:4 0:16 131567:4 0:63 131567:5 0:8 131567:2 0:7 131567:4 0:14 131567:4 0:19 131567:8 0:7 131567:5 0:19 131567:4 0:6 131567:4 0:63 131567:4 0:19 131567:1 0:11 131567:1 0:13 131567:1 0:7 131567:2 0:10 131567:1 0:26 131567:2 0:16 131567:1 0:79 131567:5 0:1 131567:4 0:16 131567:5 0:6 131567:5 0:17 131567:8 0:1 131567:11 0:47 544580:5 0:2 544580:5 0:4 544580:2 0:3 544580:1 0:19 131567:1 0:13 131567:1 0:72 131567:5 0:1 131567:5 0:4 131567:4 0:37
C	831	40324	928	0:188 477697:2 0:55 477697:3 0:13 131567:1 0:20 40324:5 0:20 131567:5 0:15 2:3 0:150 3273430:5 0:72 40324:5 0:13 131567:5 0:3 2:5 0:306
C	832	569360	897	0:2 1760811:4 0:42 131567:1 147550:2 0:28 147550:1 0:218 716545:1 0:5 131567:5 0:16 131567:1 0:28 5144:5 131567:3 0:1 716546:5 0:167 147550:5 0:32 716546:1 0:51 716546:3 0:4 131567:5 0:8 5125:5 0:2 5125:5 0:9 5144:2 0:182 569360:5 0:9
C	833	569360	801	0:9 569360:5 0:220 716546:3 0:51 716546:1 0:243 1328300:3 0:12 131567:5 0:5 716545:1 0:209
C	834	5302	1170	0:42 490731:3 0:7 490731:5 0:13 490731:1 0:432 131567:3 0:10 131567:1 0:56 4751:2 0:62 181124:1 0:59 5338:3 0:58 131567:5 0:5 131567:9 0:8 131567:5 0:22 131567:4 0:64 131567:2 0:230 181762:5 0:1 181762:1 0:17
C	835	544580	850	0:48 131567:4 0:16 131567:4 0:63 131567:5 0:8 131567:2 0:7 131567:4 0:14 131567:4 0:19 131567:8 0:7 131567:5 0:19 131567:4 0:73 131567:4 0:53 131567:2 0:10 131567:1 0:26 131567:2 0:63 131567:5 0:4 131567:5 0:2 131567:5 0:12 131567:5 0:1 131567:4 0:48 131567:8 0:1 131567:11 0:48 544580:5 0:37 131567:1 0:13 131567:1 0:67 131567:5 0:1 131567:5 0:47
C	836	544580	851	0:46 131567:4 0:16 131567:4 0:63 131567:5 0:8 131567:2 0:7 131567:4 0:14 131567:4 0:19 131567:8 0:7 131567:5 0:54 181124:5 0:75 131567:1 0:13 131567:1 0:7 131567:2 0:10 131567:1 0:122 131567:5 0:1 131567:4 0:16 131567:5 0:6 131567:5 0:17 131567:8 0:1 131567:11 0:12 131567:3 0:33 544580:5 0:2 544580:5 0:4 544580:2 0:3 544580:1 0:19 131567:1 0:13 131567:1 0:70 131567:5 0:1 131567:5 0:4 131567:4 0:38
C	837	477697	1272	0:265 477697:5 0:218 3569461:5 0:153 2:5 0:99 3273430:5 0:168 131567:5 0:20 40324:5 0:20 131567:1 0:13 477697:3 0:55 477697:2 0:191
C	838	544580	855	0:46 131567:4 0:16 131567:4 0:63 131567:5 0:8 131567:2 0:49 131567:8 0:7 131567:5 0:19 131567:4 0:6 131567:4 0:87 131567:1 0:11 131567:1 0:13 131567:1 0:7 131567:2 0:10 131567:1 0:26 131567:2 0:16 131567:1 0:46 131567:5 0:4 131567:5 0:2 131567:5 0:40 131567:5 0:6 131567:5 0:17 131567:4 0:65 544580:5 0:2 544580:5 0:4 544580:2 0:3 544580:1 0:19 131567:1 0:13 131567:1 0:70 131567:5 0:1 131567:5 0:4 131567:4 0:38
C	840	477697	1279	0:266 477697:5 0:34 477697:4 0:342 2:5 0:3 131567:5 0:284 40324:5 0:91 477697:2 0:199
C	841	3273430	1074	0:118 1884633:1 0:323 2:5 0:3 131567:5 0:93 3273430:5 0:102 3273430:5 0:41 2:3 0:40 40324:5 0:20 131567:1 0:13 477697:3 0:55 477697:2 0:197
C	842	544580	847	0:46 131567:4 0:16 131567:4 0:63 131567:5 0:8 131567:2 0:7 131567:4 0:14 131567:4 0:32 131567:5 0:19 131567:4 0:6 131567:4 0:63 131567:4 0:19 131567:1 0:11 131567:1 0:13 131567:1 0:7 131567:2 0:10 131567:1 0:89 131567:5 0:4 131567:5 0:2 131567:5 0:12 131567:5 0:1 131567:4 0:16 131567:5 0:6 131567:5 0:17 131567:2 0:5 131567:1 0:1 131567:3 0:56 544580:5 0:2 544580:5 0:4 544580:2 0:3 544580:1 0:19 131567:1 0:13 131567:1 0:70 131567:5 0:1 131567:5 0:4 131567:4 0:39
C	843	544580	982	0:22 131567:1 0:107 131567:4 0:4 131567:5 0:1 131567:5 0:99 544580:1 0:3 544580:2 0:4 544580:5 0:2 544580:5 0:45 131567:11 0:1 131567:8 0:17 131567:5 0:6 131567:5 0:16 131567:4 0:1 131567:5 0:12 131567:5 0:2 131567:5 0:4 131567:5 0:46 131567:1 0:16 131567:2 0:92 131567:4 0:96 131567:5 0:7 131567:8 0:44 131567:4 0:7 131567:2 0:8 131567:5 0:138 131567:5 0:16 131567:1 0:14
C	844	544580	847	0:46 131567:4 0:16 131567:4 0:63 131567:5 0:8 131567:2 0:7 131567:4 0:14 131567:4 0:19 131567:8 0:7 131567:5 0:19 131567:4 0:6 131567:5 0:46 181124:5 0:32 131567:1 0:11 131567:1 0:13 131567:1 0:7 131567:2 0:10 131567:1 0:44 131567:1 0:46 131567:5 0:4 131567:5 0:2 131567:5 0:12 131567:5 0:1 131567:4 0:16 131567:5 0:6 131567:5 0:17 131567:8 0:1 131567:11 0:12 131567:3 0:33 544580:5 0:2 544580:5 0:4 544580:2 0:3 544580:1 0:19 131567:1 0:13 131567:1 0:69 131567:5 0:1 131567:5 0:4 131567:4 0:38
C	845	544580	1022	0:57 131567:1 0:58 131567:2 0:56 131567:5 0:1 131567:5 0:69 131567:1 0:13 131567:1 0:19 544580:1 0:3 544580:2 0:4 544580:5 0:2 544580:5 0:33 131567:3 0:12 131567:11 0:1 131567:8 0:17 131567:5 0:6 131567:5 0:107 131567:1 0:16 131567:2 0:60 131567:1 0:11 131567:1 0:19 131567:4 0:63 131567:4 0:6 131567:4 0:19 131567:5 0:7 131567:8 0:19 131567:4 0:14 131567:4 0:7 131567:2 0:8 131567:5 0:63 131567:4 0:16 131567:4 0:89
C	846	544580	980	0:22 131567:1 0:58 131567:2 0:48 131567:4 0:4 131567:5 0:1 131567:5 0:104 544580:1 0:3 544580:2 0:4 544580:5 0:2 544580:5 0:33 131567:3 0:49 131567:5 0:6 131567:5 0:16 131567:4 0:1 131567:5 0:12 131567:5 0:2 131567:5 0:4 131567:5 0:46 131567:1 0:16 131567:2 0:26 131567:1 0:10 131567:2 0:7 131567:1 0:13 131567:1 0:11 131567:1 0:19 131567:4 0:63 131567:4 0:18 131567:2 0:48 131567:4 0:14 131567:4 0:7 131567:2 0:8 131567:5 0:63 131567:4 0:16 131567:4 0:83
C	847	181762	957	0:59 131567:3 0:51 131567:1 0:172 716546:4 0:5 131567:2 0:10 131567:4 0:56 4751:2 0:62 181124:1 0:120 131567:5 0:5 131567:9 0:8 131567:5 0:22 131567:4 0:26 131567:5 0:30 131567:2 0:229 181762:5 0:16
C	848	3273430	948	0:188 477697:2 0:89 131567:7 2:6 0:187 3273430:5 0:59 227086:1 0:29 131567:5 0:3 2:5 0:328
C	849	544580	987	0:82 131567:2 0:48 131567:4 0:4 131567:5 0:1 131567:5 0:69 131567:1 0:13 131567:1 0:19 544580:1 0:3 544580:2 0:4 544580:5 0:2 544580:5 0:33 131567:3 0:12 131567:11 0:1 131567:8 0:51 131567:4 0:1 131567:5 0:12 131567:5 0:2 131567:5 0:4 131567:5 0:46 131567:1 0:16 131567:2 0:26 131567:1 0:19 131567:1 0:25 131567:1 0:85 131567:4 0:6 131567:4 0:19 131567:5 0:7 131567:8 0:19 131567:4 0:14 131567:4 0:7 131567:2 0:8 131567:5 0:63 131567:4 0:16 131567:4 0:89
C	850	5302	1162	0:41 490731:3 0:7 490731:5 0:13 490731:1 0:503 4751:2 0:62 181124:1 0:59 5338:3 0:58 131567:5 0:5 131567:9 0:8 131567:5 0:22 131567:4 0:26 131567:5 0:30 131567:2 0:233 181762:5 0:1 181762:1 0:9
C	851	544580	846	0:46 131567:4 0:16 131567:4 0:75 131567:2 0:7 131567:4 0:14 131567:4 0:54 131567:4 0:6 131567:4 0:63 131567:4 0:54 131567:2 0:10 131567:1 0:90 131567:5 0:4 131567:5 0:2 131567:5 0:42 131567:5 0:6 131567:5 0:47 131567:3 0:33 544580:5 0:2 544580:5 0:4 544580:2 0:3 544580:1 0:19 131567:1 0:13 131567:1 0:70 131567:5 0:1 131567:5 0:4 131567:4 0:37
C	852	2	1293	0:241 477697:3 0:13 131567:1 0:20 40324:5 0:85 3273430:5 0:104 3273430:5 0:91 131567:5 0:3 2:5 0:326 1884633:1 0:36 477697:2 0:34 477697:5 0:269
C	853	5125	811	0:203 5144:2 0:9 5125:5 0:2 5125:5 0:8 131567:5 0:4 716546:3 0:51 716546:1 0:200 716546:5 0:1 131567:3 5144:5 0:28 131567:1 0:236
C	854	544580	974	0:22 131567:1 0:107 131567:4 0:4 131567:5 0:1 131567:5 0:70 131567:1 0:13 131567:1 0:19 544580:1 0:3 544580:2 0:4 544580:5 0:2 544580:5 0:44 131567:6 0:32 131567:5 0:6 131567:5 0:37 131567:5 0:2 131567:5 0:4 131567:5 0:46 131567:1 0:16 131567:2 0:26 131567:1 0:10 131567:2 0:7 131567:1 0:45 131567:4 0:74 131567:4 0:56 131567:4 0:14 131567:4 0:7 131567:2 0:76 131567:4 0:16 131567:4 0:73 131567:1 0:9
C	855	477697	1006	0:2 477697:4 0:348 477697:1 0:5 477697:5 0:247 2:1 0:22 2:3 0:34 2:6 131567:7 0:18 131567:1 0:69 477697:2 0:197
C	856	5144	888	0:23 131567:3 0:255 131567:5 0:16 131567:1 0:28 5144:5 131567:3 0:1 716546:5 0:172 131567:6 0:85 716546:5 0:4 131567:5 0:13 131567:2 0:22 716545:1 0:2 332648:2 0:190
C	857	544580	848	0:65 131567:4 0:63 131567:5 0:8 131567:2 0:7 131567:4 0:14 131567:4 0:19 131567:8 0:7 131567:5 0:19 131567:4 0:6 131567:4 0:62 131567:4 0:19 131567:1 0:11 131567:1 0:13 131567:1 0:7 131567:2 0:10 131567:1 0:91 131567:5 0:33 131567:5 0:16 131567:5 0:6 131567:5 0:17 131567:8 0:1 131567:11 0:12 131567:3 0:33 544580:5 0:2 544580:5 0:4 544580:2 0:3 544580:1 0:19 131567:1 0:13 131567:1 0:69 131567:5 0:1 131567:5 0:4 131567:4 0:39
C	858	544580	979	0:138 131567:5 0:1 131567:5 0:85 131567:1 0:19 544580:1 0:3 544580:2 0:4 544580:5 0:2 544580:5 0:33 131567:3 0:12 131567:11 0:1 131567:8 0:17 131567:5 0:6 131567:5 0:16 131567:4 0:1 131567:5 0:12 131567:5 0:2 131567:5 0:4 131567:5 0:134 131567:1 0:19 131567:4 0:63 131567:4 0:6 131567:4 0:19 131567:5 0:7 131567:8 0:19 131567:4 0:14 131567:4 0:7 131567:2 0:8 131567:5 0:160 131567:1 0:11
C	860	131567	843	0:133 131567:5 0:58 131567:8 0:7 131567:5 0:19 131567:4 0:6 131567:4 0:61 131567:4 0:19 131567:1 0:11 131567:1 0:13 131567:1 0:7 131567:2 0:10 131567:1 0:26 131567:2 0:16 131567:1 0:47 131567:2 0:4 131567:5 0:2 131567:5 0:12 131567:5 0:1 131567:4 0:16 131567:5 0:6 131567:5 0:17 131567:8 0:1 131567:11 0:12 131567:3 0:72 131567:1 0:13 131567:1 0:126
C	861	544580	841	0:46 131567:4 0:16 131567:4 0:63 131567:5 0:8 131567:2 0:7 131567:4 0:14 131567:4 0:19 131567:8 0:7 131567:5 0:19 131567:4 0:6 131567:4 0:85 131567:1 0:40 131567:1 0:91 131567:5 0:55 131567:5 0:6 131567:5 0:17 131567:8 0:1 131567:11 0:12 131567:3 0:33 544580:5 0:2 544580:5 0:4 544580:2 0:3 544580:1 0:19 131567:1 0:86 131567:5 0:4 131567:4 0:38
C	862	544580	843	0:43 131567:5 0:16 131567:4 0:63 131567:5 0:8 131567:2 0:7 131567:4 0:14 131567:4 0:56 131567:4 0:6 131567:4 0:88 131567:1 0:45 131567:1 0:26 131567:2 0:16 131567:1 0:46 131567:5 0:4 131567:5 0:2 131567:5 0:49 131567:5 0:17 131567:1 0:66 544580:5 0:36 131567:3 0:13 131567:1 0:121
C	864	544580	981	0:21 131567:1 0:60 131567:1 0:130 131567:1 0:13 131567:1 0:19 544580:1 0:3 544580:2 0:64 131567:11 0:1 131567:8 0:17 131567:5 0:112 131567:1 0:16 131567:2 0:94 131567:4 0:41 296543:2 0:51 131567:5 0:7 131567:8 0:19 131567:4 0:14 131567:4 0:7 131567:2 0:8 131567:5 0:83 131567:4 0:51 131567:5 0:39
C	865	544580	852	0:46 131567:4 0:16 131567:4 0:63 131567:5 0:8 131567:2 0:7 131567:4 0:14 131567:4 0:19 131567:8 0:7 131567:5 0:19 131567:4 0:6 131567:4 0:88 131567:1 0:11 131567:1 0:13 131567:1 0:7 131567:2 0:10 131567:1 0:26 131567:2 0:16 131567:1 0:65 131567:5 0:48 131567:5 0:17 131567:3 0:85 544580:2 0:3 544580:1 0:19 131567:1 0:13 131567:1 0:64 131567:5 0:1 131567:5 0:4 131567:4 0:38
C	866	1224	965	0:261 477697:3 0:13 131567:1 0:20 40324:5 0:202 3273430:5 0:99 2:5 0:317
C	867	2	511	0:160 131567:5 0:20 40324:5 0:20 131567:1 0:13 477697:3 0:56 477697:2 0:192
C	868	544580	1014	0:56 131567:1 0:56 131567:2 0:48 131567:4 0:4 131567:5 0:1 131567:5 0:69 131567:1 0:13 131567:1 0:23 544580:2 0:11 544580:5 0:33 131567:3 0:12 131567:11 0:1 131567:8 0:17 131567:5 0:48 131567:5 0:2 131567:5 0:4 131567:5 0:46 131567:1 0:16 131567:2 0:26 131567:1 0:10 131567:2 0:7 131567:1 0:13 131567:1 0:11 131567:1 0:19 131567:4 0:63 131567:4 0:6 131567:4 0:19 131567:5 0:7 131567:8 0:19 131567:4 0:14 131567:4 0:7 131567:2 0:8 131567:5 0:63 131567:4 0:16 131567:4 0:73 131567:1 0:13
C	870	569360	807	0:9 569360:5 0:183 5144:2 0:9 5125:5 0:2 5125:5 0:8 131567:5 0:4 716546:3 0:85 147550:5 0:167 716546:5 0:1 131567:3 5144:5 0:28 131567:1 0:16 131567:5 0:5 716545:1 0:206
C	871	477697	983	0:407 227086:1 0:193 2:1 0:22 2:3 0:73 477697:2 0:55 477697:2 0:190
C	872	569360	811	0:9 569360:5 0:184 5144:2 0:9 5125:5 0:2 5125:5 0:8 131567:5 0:4 716546:3 0:51 716546:1 0:32 147550:5 0:168 716546:5 0:1 131567:3 5144:5 0:46 131567:5 0:5 716545:1 0:208
C	873	5338	1160	0:70 490731:1 0:441 131567:1 0:56 4751:2 0:119 5338:3 0:58 131567:5 0:5 131567:9 0:8 131567:5 0:22 131567:4 0:56 131567:2 0:259
C	874	1224	1027	0:346 131567:1 0:20 40324:5 0:89 3273430:5 0:527
C	875	544580	839	0:64 131567:4 0:100 131567:4 0:19 131567:8 0:7 131567:5 0:98 131567:3 0:19 131567:1 0:11 131567:1 0:13 131567:1 0:7 131567:2 0:10 131567:1 0:27 131567:1 0:67 131567:5 0:45 131567:5 0:6 131567:5 0:17 131567:4 0:31 131567:1 0:33 544580:5 0:2 544580:5 0:4 544580:2 0:3 544580:1 0:19 131567:1 0:13 131567:1 0:73 131567:5 0:4 131567:4 0:38
C	876	181762	1068	0:8 181762:1 0:1 181762:5 0:231 131567:2 0:30 131567:5 0:26 131567:4 0:22 131567:5 0:8 131567:9 0:5 131567:5 0:58 5338:3 0:59 181124:1 0:120 131567:1 0:10 131567:3 0:412
C	878	544580	865	0:46 131567:4 0:107 131567:4 0:14 131567:4 0:54 131567:4 0:6 131567:4 0:63 131567:3 0:19 131567:1 0:11 131567:1 0:13 131567:1 0:7 131567:2 0:10 131567:1 0:151 131567:5 0:6 131567:5 0:17 131567:8 0:1 131567:11 0:12 131567:3 0:33 544580:5 0:38 131567:1 0:13 131567:1 0:142
C	880	544580	848	0:44 131567:4 0:16 131567:4 0:63 131567:5 0:8 131567:2 0:7 131567:4 0:14 131567:4 0:19 131567:8 0:7 131567:5 0:19 131567:4 0:6 131567:4 0:63 131567:4 0:19 131567:1 0:11 131567:1 0:13 131567:1 0:7 131567:2 0:10 131567:1 0:26 131567:2 0:16 131567:1 0:61 131567:5 0:39 131567:5 0:6 131567:5 0:17 131567:8 0:1 131567:11 0:12 131567:3 0:33 544580:5 0:2 544580:5 0:4 544580:2 0:3 544580:1 0:19 131567:1 0:13 131567:1 0:69 131567:5 0:1 131567:5 0:4 131567:4 0:39
C	881	477697	993	0:2 477697:4 0:471 3273430:5 0:168 131567:5 0:14 2:6 131567:7 0:91 477697:2 0:184
C	883	131567	845	0:46 131567:4 0:16 131567:4 0:63 131567:5 0:35 131567:4 0:19 131567:8 0:7 131567:5 0:19 131567:4 0:6 131567:4 0:63 131567:4 0:19 131567:1 0:11 131567:1 0:13 131567:1 0:7 131567:2 0:10 131567:1 0:44 131567:1 0:46 131567:5 0:4 131567:5 0:2 131567:5 0:48 131567:5 0:17 131567:8 0:1 131567:11 0:85 131567:1 0:13 131567:1 0:70 131567:5 0:1 131567:5 0:4 131567:4 0:38
C	886	544580	846	0:46 131567:4 0:16 131567:4 0:63 131567:5 0:8 131567:2 0:7 131567:4 0:14 131567:4 0:32 131567:5 0:19 131567:4 0:6 131567:4 0:63 131567:3 0:19 131567:1 0:44 131567:1 0:26 131567:2 0:16 131567:1 0:60 131567:5 0:39 131567:5 0:6 131567:5 0:17 131567:8 0:1 131567:11 0:12 131567:3 0:33 544580:5 0:2 544580:5 0:4 544580:2 0:3 544580:1 0:19 131567:1 0:13 131567:1 0:71 131567:5 0:1 131567:5 0:4 131567:4 0:38
C	888	544580	975	0:22 131567:1 0:107 131567:4 0:4 131567:5 0:1 131567:5 0:67 131567:1 0:13 131567:1 0:19 544580:1 0:3 544580:2 0:4 544580:5 0:2 544580:4 0:82 131567:5 0:6 131567:5 0:16 131567:4 0:1 131567:5 0:12 131567:5 0:2 131567:5 0:4 131567:5 0:46 131567:1 0:16 131567:2 0:26 131567:1 0:10 131567:2 0:7 131567:1 0:13 131567:1 0:11 131567:1 0:19 131567:4 0:63 131567:4 0:6 131567:4 0:19 131567:5 0:7 131567:8 0:19 131567:4 0:14 131567:4 0:7 131567:2 0:8 131567:5 0:63 131567:4 0:16 131567:4 0:51 131567:5 0:16 131567:1 0:13
C	889	131567	855	0:45 131567:4 0:16 131567:4 0:63 131567:5 0:8 131567:2 0:7 131567:4 0:37 131567:6 0:32 131567:5 0:6 131567:4 0:19 181124:5 0:98 131567:2 0:10 131567:1 0:26 131567:1 0:69 131567:5 0:4 131567:5 0:2 131567:5 0:12 131567:5 0:1 131567:4 0:16 131567:5 0:6 131567:5 0:17 131567:4 0:53 170679:5 0:27 544580:1 0:103 131567:5 0:1 131567:5 0:4 131567:4 0:38
C	890	477697	826	0:188 477697:2 0:54 477697:3 0:13 131567:1 0:18 131567:7 2:6 0:14 131567:5 0:15 2:3 0:22 2:1 0:127 3273430:5 0:60 227086:1 0:29 131567:5 0:3 2:5 0:16 477697:5 0:5 477697:1 0:178
C	891	477697	1268	227086:1 0:260 477697:5 0:34 477697:4 0:441 3273430:5 0:170 131567:5 0:14 2:6 131567:7 0:18 131567:1 0:13 477697:3 0:55 477697:2 0:190
C	892	5144	991	0:79 1760811:3 0:42 131567:1 147550:2 0:28 147550:1 0:220 716545:1 0:5 131567:5 0:16 131567:1 0:28 5144:5 131567:3 0:1 716546:5 0:169 147550:5 0:32 716546:1 0:51 716546:3 0:37 5144:2 0:184 569360:5 0:13 5144:2 0:7
C	893	544580	983	0:22 131567:1 0:108 131567:4 0:4 131567:5 0:1 131567:5 0:84 131567:1 0:19 544580:1 0:3 544580:2 0:4 544580:5 0:2 544580:5 0:33 131567:3 0:12 131567:11 0:1 131567:8 0:17 131567:5 0:6 131567:5 0:16 131567:4 0:1 131567:5 0:12 131567:5 0:2 131567:5 0:4 131567:5 0:48 131567:1 0:16 131567:2 0:26 131567:1 0:10 131567:2 0:7 131567:1 0:13 131567:1 0:11 131567:1 0:87 131567:4 0:6 131567:4 0:19 131567:5 0:7 131567:8 0:19 131567:4 0:14 131567:4 0:7 131567:2 0:8 131567:5 0:170
C	894	3273430	951	0:62 249058:2 0:177 477697:3 0:13 131567:1 0:18 131567:7 2:6 0:14 131567:2 0:172 3273430:5 0:93 131567:5 0:337
C	896	40324	915	0:181 477697:2 0:55 477697:3 0:13 131567:1 0:20 40324:5 0:20 131567:5 0:15 2:3 0:150 3273430:5 0:72 40324:5 0:326
C	897	544580	849	0:46 131567:4 0:16 131567:4 0:64 131567:5 0:8 131567:2 0:7 131567:4 0:14 131567:4 0:19 131567:8 0:7 131567:5 0:19 131567:4 0:6 131567:4 0:64 131567:4 0:19 131567:1 0:11 131567:1 0:13 131567:1 0:7 131567:2 0:10 131567:1 0:26 131567:1 0:79 131567:5 0:38 131567:5 0:6 131567:5 0:50 131567:3 0:31 544580:5 0:2 544580:5 0:4 544580:2 0:3 544580:1 0:19 131567:1 0:13 131567:1 0:69 131567:5 0:1 131567:5 0:4 131567:4 0:38
C	898	544580	969	0:170 131567:4 0:16 131567:4 0:84 131567:4 0:14 131567:4 0:19 131567:8 0:7 131567:5 0:19 131567:4 0:6 131567:4 0:63 131567:4 0:19 131567:1 0:11 131567:1 0:13 131567:1 0:7 131567:2 0:10 131567:1 0:26 131567:2 0:16 131567:1 0:113 131567:5 0:17 131567:8 0:59 544580:5 0:2 544580:5 0:4 544580:2 0:3 544580:1 0:19 131567:1 0:13 131567:1 0:70 131567:5 0:1 131567:5 0:4 131567:4 0:38
C	899	569360	910	0:76 147550:1 0:223 716545:1 0:5 131567:5 0:16 131567:1 0:31 131567:5 0:1 716546:5 0:203 716546:1 0:51 716546:3 0:4 131567:5 0:8 5125:5 0:2 5125:5 0:9 5144:2 0:185 569360:5 0:13 5144:2 0:3
C	900	477697	1007	0:2 477697:4 0:344 477697:1 0:5 477697:5 0:16 2:5 0:3 131567:5 0:91 3273430:5 0:149 2:3 0:15 131567:5 0:14 2:6 131567:7 0:18 131567:1 0:13 477697:3 0:55 477697:2 0:196
C	901	3273430	983	0:408 227086:1 0:60 3273430:5 0:124 2:1 0:22 2:3 0:15 131567:5 0:44 131567:1 0:13 477697:3 0:244
C	902	544580	1258	0:135 9606:2 0:27 9606:1 0:92 131567:5 0:38 131567:1 0:58 131567:2 0:137 131567:1 0:13 131567:1 0:19 544580:1 0:3 544580:2 0:4 544580:5 0:2 544580:5 0:33 131567:3 0:12 131567:11 0:1 131567:8 0:17 131567:5 0:6 131567:5 0:16 131567:4 0:1 131567:5 0:12 131567:5 0:2 131567:5 0:4 131567:5 0:46 131567:1 0:16 131567:2 0:26 131567:1 0:10 131567:2 0:7 131567:1 0:13 131567:1 0:11 131567:1 0:19 131567:4 0:109 131567:8 0:19 131567:4 0:14 131567:4 0:7 131567:2 0:8 131567:5 0:63 131567:4 0:16 131567:4 0:82
C	903	477697	984	0:222 477697:2 0:55 477697:3 0:13 131567:1 0:217 3273430:5 0:90 131567:5 0:3 2:5 0:16 477697:5 0:5 477697:1 0:302
C	904	477697	1002	0:2 477697:4 0:345 477697:1 0:5 477697:5 0:16 2:5 0:3 131567:5 0:89 3273430:5 0:127 2:1 0:22 2:3 0:15 131567:5 0:14 2:6 131567:7 0:18 131567:1 0:13 477697:3 0:55 477697:2 0:191
C	905	1224	637	0:193 3273430:5 0:71 40324:5 0:13 131567:5 0:3 2:5 0:303
C	907	544580	848	0:47 131567:4 0:16 131567:4 0:63 131567:5 0:8 131567:2 0:7 131567:4 0:14 131567:4 0:19 131567:8 0:7 131567:5 0:19 131567:4 0:6 131567:4 0:63 131567:4 0:19 131567:1 0:31 131567:2 0:10 131567:1 0:26 131567:2 0:80 131567:5 0:12 131567:5 0:1 131567:4 0:80 131567:3 0:33 544580:5 0:2 544580:5 0:4 544580:2 0:3 544580:1 0:19 131567:1 0:13 131567:1 0:69 131567:5 0:1 131567:5 0:4 131567:4 0:38
C	909	544580	847	0:46 131567:4 0:16 131567:4 0:63 131567:5 0:8 131567:2 0:7 131567:4 0:14 131567:4 0:19 131567:8 0:7 131567:5 0:19 131567:4 0:6 131567:4 0:19 296543:2 0:40 131567:4 0:19 131567:1 0:11 131567:1 0:13 131567:1 0:7 131567:2 0:10 131567:1 0:90 131567:5 0:4 131567:5 0:2 131567:5 0:12 131567:5 0:1 131567:4 0:16 131567:5 0:6 131567:5 0:17 131567:8 0:1 131567:11 0:12 131567:3 0:49 544580:2 0:3 544580:1 0:33 131567:1 0:127
C	910	477697	1291	0:261 477697:5 0:34 477697:2 0:36 1884633:1 0:323 2:5 0:3 131567:5 0:93 3273430:5 0:104 3273430:5 0:41 2:3 0:40 40324:5 0:20 131567:1 0:13 477697:3 0:56 477697:2 0:191
C	911	181762	980	0:28 131567:1 0:8 5204:2 0:277 131567:3 0:10 131567:1 0:5 131567:5 0:3 131567:5 0:3 131567:1 0:221 131567:5 0:5 131567:9 0:8 131567:5 0:22 131567:4 0:18 131567:2 0:12 131567:2 0:9 131567:5 0:15 131567:3 0:30 181762:1 0:3 181762:5 0:93 181124:2 0:115
C	912	544580	975	0:22 131567:1 0:109 131567:4 0:4 131567:5 0:1 131567:5 0:82 131567:1 0:19 544580:1 0:3 544580:2 0:4 544580:5 0:2 544580:5 0:45 131567:11 0:1 131567:8 0:17 131567:5 0:6 131567:5 0:16 131567:4 0:1 131567:5 0:12 131567:5 0:2 131567:5 0:4 131567:5 0:46 131567:1 0:16 131567:2 0:26 131567:1 0:10 131567:2 0:7 131567:1 0:13 131567:1 0:11 131567:1 0:19 131567:4 0:63 131567:4 0:6 131567:4 0:19 131567:5 0:7 131567:8 0:19 131567:4 0:14 131567:4 0:7 131567:2 0:8 131567:5 0:63 131567:4 0:16 131567:4 0:82
C	913	40324	925	0:187 477697:2 0:55 477697:3 0:13 131567:1 0:20 40324:5 0:20 131567:5 0:15 2:3 0:150 3273430:5 0:72 40324:5 0:13 131567:5 0:3 2:5 0:304
C	916	544580	843	0:46 131567:4 0:16 131567:5 0:82 131567:4 0:14 131567:4 0:32 131567:5 0:19 131567:4 0:6 131567:4 0:63 131567:4 0:19 131567:1 0:33 131567:2 0:10 131567:1 0:26 131567:2 0:16 131567:1 0:62 131567:5 0:12 131567:5 0:1 131567:4 0:16 131567:5 0:6 131567:5 0:17 131567:8 0:1 131567:11 0:46 544580:5 0:2 544580:5 0:4 544580:2 0:3 544580:1 0:19 131567:1 0:13 131567:1 0:69 131567:5 0:1 131567:5 0:4 131567:4 0:38
C	918	544580	847	0:134 131567:5 0:8 131567:2 0:7 131567:4 0:52 131567:4 0:160 131567:2 0:249 544580:5 0:2 544580:5 0:4 544580:2 0:3 544580:1 0:19 131567:1 0:13 131567:1 0:70 131567:5 0:1 131567:5 0:4 131567:4 0:41
C	919	544580	844	0:45 131567:4 0:16 131567:4 0:18 284811:4 0:60 131567:4 0:14 131567:4 0:19 131567:8 0:7 131567:5 0:19 131567:4 0:6 131567:4 0:63 131567:3 0:19 131567:1 0:11 131567:1 0:13 131567:1 0:7 131567:2 0:10 131567:1 0:91 131567:5 0:4 131567:5 0:2 131567:5 0:12 131567:5 0:1 131567:4 0:16 131567:5 0:6 131567:5 0:17 131567:8 0:1 131567:11 0:12 131567:3 0:33 544580:5 0:2 544580:5 0:4 544580:2 0:3 544580:1 0:19 131567:1 0:13 131567:1 0:70 131567:5 0:1 131567:5 0:4 131567:4 0:37
C	920	1224	547	0:20 3273430:5 0:150 2:3 0:15 131567:5 0:20 40324:5 0:20 131567:1 0:13 477697:3 0:253
C	921	1224	546	0:19 3273430:5 0:150 2:3 0:15 131567:5 0:20 40324:5 0:20 131567:1 0:72 477697:2 0:195
C	923	544580	844	0:45 131567:4 0:16 131567:4 0:63 131567:5 0:8 131567:2 0:7 131567:4 0:14 131567:4 0:32 131567:5 0:19 131567:4 0:6 131567:4 0:63 131567:4 0:30 131567:1 0:13 131567:1 0:7 131567:2 0:10 131567:1 0:26 131567:2 0:63 131567:5 0:4 131567:5 0:2 131567:5 0:12 131567:5 0:1 131567:4 0:56 131567:1 0:55 544580:5 0:37 131567:1 0:13 131567:1 0:71 131567:5 0:1 131567:5 0:4 131567:4 0:39
C	924	544580	982	0:22 131567:1 0:58 131567:2 0:62 131567:5 0:70 131567:1 0:13 131567:1 0:19 544580:1 0:3 544580:2 0:4 544580:5 0:2 544580:5 0:45 131567:6 0:44 131567:5 0:16 131567:4 0:1 131567:5 0:12 131567:5 0:2 131567:5 0:4 131567:5 0:92 131567:1 0:10 131567:2 0:7 131567:1 0:13 131567:1 0:11 131567:1 0:19 131567:4 0:63 131567:4 0:6 131567:4 0:19 131567:5 0:7 131567:8 0:19 131567:4 0:14 131567:4 0:7 131567:2 0:8 131567:5 0:63 131567:4 0:16 131567:4 0:51 131567:5 0:16 131567:1 0:12
C	925	544580	847	0:46 131567:4 0:16 131567:4 0:62 131567:5 0:8 131567:2 0:7 131567:4 0:54 131567:4 0:19 131567:4 0:6 131567:4 0:63 131567:4 0:19 131567:1 0:11 131567:1 0:13 131567:1 0:7 131567:2 0:10 131567:1 0:26 131567:2 0:16 131567:1 0:47 131567:2 0:4 131567:5 0:2 131567:5 0:12 131567:5 0:1 131567:4 0:16 131567:5 0:6 131567:5 0:17 131567:8 0:1 131567:7 0:16 131567:3 0:33 544580:5 0:2 544580:5 0:4 544580:2 0:3 544580:1 0:19 131567:1 0:13 131567:1 0:69 131567:5 0:1 131567:5 0:4 131567:4 0:38
C	926	490731	1162	0:41 490731:3 0:7 490731:5 0:13 490731:1 0:436 131567:3 0:10 131567:1 0:56 4751:2 0:62 181124:1 0:120 131567:5 0:5 131567:9 0:8 131567:5 0:22 131567:4 0:61 131567:2 0:231 181762:5 0:1 181762:1 0:8
C	927	544580	848	0:48 131567:4 0:16 131567:4 0:75 131567:2 0:61 131567:4 0:19 131567:4 0:6 131567:4 0:87 131567:1 0:11 131567:1 0:13 131567:1 0:7 131567:2 0:10 131567:1 0:26 131567:2 0:16 131567:1 0:46 131567:5 0:4 131567:5 0:2 131567:5 0:38 131567:5 0:6 131567:5 0:17 131567:8 0:1 131567:11 0:12 131567:3 0:33 544580:5 0:2 544580:5 0:4 544580:2 0:3 544580:5 0:99 131567:5 0:1 131567:5 0:4 131567:4 0:38
C	928	544580	970	0:22 131567:1 0:57 131567:2 0:132 131567:1 0:13 131567:1 0:19 544580:1 0:3 544580:4 0:46 131567:3 0:12 131567:11 0:1 131567:8 0:17 131567:5 0:6 131567:5 0:16 131567:4 0:1 131567:5 0:125 131567:1 0:10 131567:2 0:7 131567:1 0:13 131567:1 0:11 131567:1 0:82 131567:4 0:6 131567:4 0:19 131567:5 0:7 131567:8 0:19 131567:4 0:14 131567:4 0:7 131567:2 0:8 131567:5 0:170
C	929	544580	1116	0:22 131567:1 0:58 131567:2 0:48 131567:4 0:4 131567:5 0:1 131567:5 0:69 131567:1 0:13 131567:1 0:19 544580:1 0:3 544580:2 0:4 544580:5 0:2 544580:5 0:33 131567:3 0:12 131567:11 0:1 131567:8 0:17 131567:5 0:6 131567:5 0:16 131567:4 0:1 131567:5 0:12 131567:5 0:2 131567:5 0:4 131567:5 0:46 131567:1 0:16 131567:2 0:26 131567:1 0:10 131567:2 0:7 131567:1 0:13 131567:1 0:11 131567:1 0:19 131567:4 0:63 131567:4 0:41 131567:8 0:19 131567:4 0:14 131567:4 0:7 131567:2 0:8 131567:5 0:63 131567:4 0:16 131567:4 0:51 131567:5 0:16 131567:1 0:147
C	930	544580	852	0:46 131567:4 0:16 131567:4 0:64 131567:5 0:8 131567:2 0:7 131567:4 0:14 131567:4 0:57 131567:4 0:6 131567:4 0:62 131567:4 0:19 131567:1 0:11 131567:1 0:13 131567:1 0:7 131567:2 0:10 131567:1 0:94 131567:2 0:4 131567:5 0:2 131567:5 0:12 131567:5 0:1 131567:4 0:16 131567:5 0:6 131567:5 0:17 131567:8 0:63 544580:5 0:2 544580:5 0:4 544580:2 0:3 544580:1 0:19 131567:1 0:13 131567:1 0:69 131567:5 0:1 131567:5 0:4 131567:4 0:39
C	931	477697	999	0:187 477697:2 0:55 477697:3 0:59 131567:5 0:15 2:3 0:22 2:1 0:187 227086:1 0:29 131567:5 0:3 2:5 0:383
C	932	544580	852	0:46 131567:4 0:16 131567:4 0:64 131567:5 0:8 131567:2 0:7 131567:4 0:14 131567:4 0:19 131567:8 0:7 131567:5 0:19 131567:4 0:6 131567:4 0:63 131567:4 0:19 131567:1 0:11 131567:1 0:13 131567:1 0:7 131567:2 0:10 131567:1 0:26 131567:2 0:16 131567:1 0:63 131567:5 0:38 131567:5 0:6 131567:5 0:17 131567:8 0:1 131567:11 0:12 131567:3 0:33 544580:5 0:2 544580:5 0:4 544580:2 0:3 544580:1 0:19 131567:1 0:13 131567:1 0:70 131567:5 0:1 131567:5 0:4 131567:4 0:38
C	933	544580	755	0:46 131567:4 0:16 131567:4 0:63 131567:5 0:8 131567:2 0:7 131567:4 0:14 131567:4 0:19 131567:8 0:7 131567:5 0:19 131567:4 0:6 131567:4 0:63 131567:4 0:19 131567:1 0:11 131567:1 0:13 131567:1 0:7 131567:2 0:10 131567:1 0:90 131567:5 0:4 131567:5 0:2 131567:5 0:12 131567:5 0:1 131567:4 0:16 131567:5 0:6 131567:5 0:17 131567:8 0:1 131567:11 0:12 131567:3 0:33 544580:5 0:2 544580:5 0:4 544580:2 0:3 544580:1 0:19 131567:1 0:13 131567:1 0:33
C	934	544580	994	0:82 131567:2 0:139 131567:1 0:13 131567:1 0:19 544580:1 0:3 544580:2 0:4 544580:5 0:2 544580:5 0:33 131567:3 0:12 131567:7 0:64 131567:4 0:1 131567:5 0:79 131567:1 0:16 131567:2 0:26 131567:1 0:10 131567:2 0:7 131567:1 0:13 131567:1 0:11 131567:1 0:19 131567:2 0:66 131567:4 0:6 131567:4 0:19 131567:5 0:7 131567:8 0:19 131567:4 0:14 131567:4 0:7 131567:2 0:8 131567:5 0:63 131567:4 0:16 131567:4 0:51 131567:5 0:16 131567:1 0:18
C	936	544580	974	0:22 131567:1 0:58 131567:2 0:48 131567:4 0:4 131567:5 0:1 131567:5 0:103 544580:2 0:11 544580:5 0:33 131567:3 0:12 131567:11 0:1 131567:8 0:17 131567:5 0:6 131567:5 0:16 131567:4 0:1 131567:5 0:12 131567:5 0:2 131567:5 0:4 131567:5 0:46 131567:1 0:17 131567:1 0:26 131567:1 0:10 131567:2 0:7 131567:1 0:13 131567:1 0:11 131567:1 0:19 131567:4 0:94 131567:5 0:7 131567:8 0:19 131567:4 0:14 131567:4 0:7 131567:2 0:8 131567:5 0:63 131567:4 0:16 131567:4 0:51 131567:5 0:16 131567:1 0:11
C	938	477697	1003	0:2 477697:4 0:467 3273430:5 0:127 2:1 0:91 131567:1 0:73 477697:2 0:196
C	939	477697	956	0:277 131567:7 2:6 0:14 131567:5 0:240 227086:1 0:29 131567:5 0:3 2:5 0:16 477697:5 0:5 477697:1 0:303
C	940	1224	925	0:188 477697:2 0:91 40324:5 0:20 131567:5 0:15 2:3 0:148 3273430:5 0:91 131567:5 0:3 2:5 0:305
C	941	3273430	940	0:186 477697:2 0:56 477697:3 0:35 40324:5 0:40 2:3 0:41 3273430:5 0:104 3273430:5 0:93 131567:5 0:3 2:5 0:315
C	942	477697	985	0:2 477697:4 0:343 477697:1 0:5 477697:5 0:16 2:5 0:3 131567:5 0:215 2:1 0:22 2:3 0:15 131567:5 0:44 131567:1 0:66 477697:2 0:188
C	943	477697	936	0:187 477697:2 0:55 477697:3 0:13 131567:1 0:84 2:1 0:125 3273430:5 0:60 227086:1 0:56 477697:5 0:5 477697:1 0:298
C	944	544580	844	0:46 131567:4 0:16 131567:4 0:62 131567:5 0:8 131567:2 0:9 131567:2 0:14 131567:4 0:34 131567:4 0:29 131567:4 0:62 131567:4 0:19 131567:1 0:11 131567:1 0:13 131567:1 0:7 131567:2 0:10 131567:1 0:26 131567:2 0:64 131567:2 0:4 131567:5 0:2 131567:5 0:48 131567:5 0:17 131567:3 0:65 544580:5 0:2 544580:5 0:4 544580:2 0:3 544580:1 0:19 131567:1 0:13 131567:1 0:70 131567:5 0:1 131567:5 0:4 131567:4 0:38
C	945	544580	986	0:23 131567:1 0:60 131567:2 0:48 131567:4 0:4 131567:5 0:1 131567:5 0:65 131567:1 0:13 131567:1 0:19 544580:1 0:3 544580:2 0:4 544580:5 0:2 544580:5 0:33 131567:3 0:12 131567:11 0:1 131567:8 0:17 131567:5 0:6 131567:5 0:16 131567:4 0:1 131567:5 0:12 131567:5 0:2 131567:5 0:4 131567:5 0:46 131567:1 0:16 131567:2 0:26 131567:1 0:10 131567:2 0:7 131567:1 0:13 131567:1 0:11 131567:1 0:19 131567:4 0:63 131567:4 0:6 131567:4 0:19 131567:5 0:7 131567:8 0:19 131567:4 0:102 131567:4 0:16 131567:4 0:51 131567:5 0:16 131567:1 0:19
C	946	544580	848	0:46 131567:4 0:16 131567:4 0:86 131567:4 0:14 131567:4 0:34 131567:4 0:19 131567:4 0:6 131567:5 0:61 131567:4 0:65 131567:1 0:26 131567:2 0:16 131567:1 0:46 131567:5 0:4 131567:5 0:2 131567:5 0:12 131567:5 0:1 131567:4 0:16 131567:5 0:6 131567:5 0:17 131567:8 0:1 131567:11 0:12 131567:5 0:30 544580:5 0:2 544580:5 0:4 544580:2 0:3 544580:1 0:19 131567:1 0:13 131567:1 0:70 131567:5 0:1 131567:5 0:4 131567:4 0:38
C	948	544580	976	0:22 131567:1 0:58 131567:2 0:48 131567:4 0:4 131567:5 0:1 131567:5 0:66 131567:1 0:13 131567:1 0:19 544580:1 0:3 544580:2 0:4 544580:5 0:2 544580:5 0:45 131567:11 0:1 131567:8 0:17 131567:5 0:6 131567:5 0:16 131567:4 0:1 131567:5 0:12 131567:5 0:2 131567:5 0:4 131567:5 0:88 131567:1 0:10 131567:2 0:7 131567:1 0:13 131567:1 0:11 131567:1 0:19 131567:4 0:63 131567:4 0:6 131567:4 0:19 131567:5 0:7 131567:8 0:48 131567:2 0:8 131567:5 0:63 131567:4 0:16 131567:5 0:72 131567:1 0:15
C	949	544580	984	0:81 131567:2 0:48 131567:4 0:4 131567:5 0:1 131567:5 0:69 131567:1 0:13 131567:1 0:19 544580:1 0:3 544580:2 0:4 544580:5 0:2 544580:5 0:47 131567:11 0:1 131567:8 0:139 131567:1 0:16 131567:2 0:61 131567:1 0:11 131567:1 0:19 131567:4 0:63 131567:4 0:6 131567:4 0:19 131567:5 0:7 131567:8 0:19 131567:4 0:104 131567:4 0:16 131567:4 0:72 131567:1 0:13
C	951	477697	1134	0:350 477697:1 0:5 477697:5 0:16 2:5 0:3 131567:5 0:29 227086:1 0:60 3273430:5 0:127 2:1 0:42 131567:4 0:14 2:6 131567:7 0:18 131567:1 0:13 477697:3 0:55 477697:2 0:322
C	953	181762	1146	0:562 4751:2 0:265 131567:5 0:30 131567:2 0:231 181762:5 0:1 181762:1 0:8
C	954	5204	750	0:23 131567:3 0:5 5204:2 0:317 131567:1 0:5 131567:5 0:3 131567:5 0:3 131567:1 0:36 131567:5 0:252 131567:2 0:12 131567:2 0:9 131567:5 0:13 131567:4 0:3
C	955	55193	916	0:252 131567:1 0:12 131567:2 0:18 131567:4 0:50 55193:5 0:240 131567:1 0:297
C	957	5125	810	0:198 5144:2 0:9 5125:5 0:2 5125:5 0:8 131567:5 0:4 716546:3 0:51 716546:1 0:42 147550:1 0:204 131567:1 0:16 131567:5 0:5 716545:1 0:208
C	958	1423913	1084	0:256 1423913:5 0:6 131567:2 0:30 131567:5 0:26 131567:4 0:22 131567:5 0:8 131567:9 0:5 131567:5 0:58 5338:3 0:59 181124:1 0:118 131567:1 0:10 131567:3 0:409
C	959	3273430	856	0:338 3273430:5 0:104 3273430:5 0:41 2:3 0:62 131567:1 0:13 477697:3 0:247
C	960	5144	906	0:59 42260:2 0:218 131567:4 0:28 131567:1 0:28 5144:5 131567:3 0:1 716546:5 0:9 5506:2 0:162 131567:9 0:1 131567:5 0:26 4895:1 0:6 716546:1 0:45 716546:3 0:4 131567:5 0:13 131567:2 0:224
C	961	544580	847	0:46 131567:4 0:16 131567:4 0:74 131567:2 0:7 131567:4 0:14 131567:4 0:19 131567:8 0:7 131567:5 0:19 131567:4 0:71 131567:4 0:19 131567:1 0:11 131567:1 0:13 131567:1 0:7 131567:2 0:10 131567:1 0:92 131567:5 0:4 131567:5 0:2 131567:5 0:105 131567:3 0:31 544580:5 0:2 544580:5 0:4 544580:2 0:3 544580:1 0:19 131567:1 0:13 131567:1 0:70 131567:5 0:1 131567:5 0:4 131567:4 0:38
C	962	181762	1060	0:8 181762:1 0:1 181762:5 0:227 131567:2 0:30 131567:5 0:26 131567:4 0:22 131567:5 0:8 131567:5 0:10 181124:5 0:59 5338:1 0:178 131567:1 0:423
C	963	477697	946	0:187 477697:2 0:56 477697:3 0:13 131567:1 0:18 131567:7 2:6 0:14 131567:5 0:15 2:3 0:22 2:1 0:127 3273430:5 0:60 227086:1 0:29 131567:5 0:3 2:5 0:16 477697:5 0:303
C	964	155864	1113	0:22 131567:1 0:58 131567:2 0:48 131567:4 0:4 131567:5 0:1 131567:5 0:70 131567:1 0:13 131567:1 0:19 544580:1 0:3 544580:2 0:4 544580:5 0:2 544580:5 0:64 131567:7 0:17 131567:5 0:6 131567:5 0:16 131567:4 0:1 131567:5 0:12 131567:5 0:2 131567:5 0:4 131567:5 0:43 131567:1 0:16 131567:2 0:26 131567:1 0:10 131567:2 0:51 131567:4 0:63 131567:4 0:6 131567:4 0:19 131567:5 0:7 131567:8 0:19 131567:4 0:14 131567:4 0:7 131567:2 0:8 131567:5 0:63 131567:4 0:16 131567:4 0:92 131567:1 0:35 155864:5 543:5 0:76 543:4
C	965	544580	841	0:46 131567:4 0:102 131567:4 0:14 131567:4 0:19 131567:8 0:7 131567:5 0:19 131567:4 0:6 131567:4 0:63 131567:4 0:42 131567:1 0:7 131567:2 0:10 131567:1 0:26 131567:2 0:16 131567:1 0:46 131567:5 0:33 131567:1 0:16 131567:5 0:6 131567:5 0:17 131567:7 0:25 131567:3 0:33 544580:5 0:2 544580:5 0:4 544580:2 0:3 544580:1 0:19 131567:1 0:13 131567:1 0:71 131567:5 0:1 131567:5 0:4 131567:4 0:38
C	966	716546	887	0:23 131567:3 0:258 131567:5 0:16 131567:1 0:28 5144:5 131567:3 0:1 716546:5 0:23 2707174:5 0:119 5042:5 0:12 131567:6 0:43 716546:1 0:9 716546:2 0:34 716546:3 0:4 131567:5 0:13 131567:2 0:22 716545:1 0:2 332648:5 0:189
C	967	544580	983	0:22 131567:1 0:58 131567:2 0:48 131567:4 0:4 131567:5 0:1 131567:5 0:69 131567:1 0:13 131567:1 0:19 544580:1 0:3 544580:2 0:4 544580:5 0:2 544580:5 0:33 131567:3 0:12 131567:8 0:29 131567:5 0:6 131567:5 0:16 131567:4 0:1 131567:5 0:12 131567:5 0:2 131567:5 0:4 131567:5 0:63 131567:2 0:26 131567:1 0:10 131567:2 0:7 131567:1 0:13 131567:1 0:11 131567:1 0:19 131567:4 0:95 131567:5 0:7 131567:8 0:19 131567:4 0:14 131567:4 0:7 131567:2 0:8 131567:5 0:63 131567:4 0:16 131567:4 0:51 131567:5 0:16 131567:1 0:15
C	972	40324	923	0:246 477697:3 0:13 131567:1 0:20 40324:4 0:40 2:3 0:231 40324:5 0:323
C	973	544580	980	0:81 131567:2 0:48 131567:4 0:4 131567:5 0:1 131567:5 0:70 131567:1 0:13 131567:1 0:19 544580:1 0:3 544580:2 0:4 544580:5 0:2 544580:5 0:33 131567:3 0:12 131567:8 0:29 131567:5 0:6 131567:5 0:16 131567:4 0:1 131567:5 0:12 131567:5 0:2 131567:5 0:4 131567:5 0:46 131567:1 0:16 131567:2 0:26 131567:1 0:10 131567:2 0:7 131567:1 0:13 131567:1 0:11 131567:1 0:19 131567:3 0:64 131567:4 0:6 131567:4 0:19 131567:5 0:7 131567:8 0:19 131567:4 0:14 131567:4 0:7 131567:2 0:8 131567:5 0:63 131567:4 0:16 131567:4 0:83
C	974	544580	969	0:22 131567:1 0:58 131567:2 0:48 131567:4 0:4 131567:5 0:1 131567:5 0:102 544580:1 0:3 544580:2 0:4 544580:5 0:2 544580:5 0:45 131567:11 0:1 131567:8 0:17 131567:5 0:6 131567:5 0:16 131567:4 0:1 131567:5 0:12 131567:5 0:2 131567:5 0:4 131567:5 0:62 131567:2 0:60 131567:1 0:11 131567:1 0:125 131567:8 0:36 131567:5 0:7 131567:2 0:8 131567:5 0:63 131567:4 0:16 131567:4 0:51 131567:5 0:16 131567:1 0:11
C	975	544580	847	0:142 131567:2 0:7 131567:4 0:14 131567:4 0:19 131567:8 0:7 131567:5 0:19 131567:4 0:6 131567:4 0:63 131567:4 0:19 131567:1 0:11 131567:1 0:13 131567:1 0:7 131567:2 0:10 131567:1 0:91 131567:5 0:4 131567:5 0:2 131567:5 0:18 131567:4 0:16 131567:5 0:6 131567:5 0:17 131567:8 0:1 131567:11 0:12 131567:3 0:33 544580:5 0:2 544580:5 0:4 544580:2 0:3 544580:1 0:19 131567:1 0:13 131567:1 0:71 131567:5 0:1 131567:5 0:4 131567:4 0:38
C	976	3273430	942	0:189 477697:2 0:55 477697:3 0:13 131567:1 0:20 40324:5 0:40 2:2 0:43 3273430:5 0:103 3273430:5 0:93 131567:5 0:3 2:5 0:316
C	977	544580	972	0:22 131567:1 0:58 131567:2 0:48 131567:4 0:4 131567:5 0:1 131567:5 0:101 544580:1 0:3 544580:2 0:4 544580:5 0:2 544580:5 0:44 131567:11 0:1 131567:8 0:17 131567:5 0:6 131567:5 0:16 131567:4 0:1 131567:5 0:12 131567:5 0:2 131567:5 0:4 131567:2 0:125 131567:1 0:11 131567:1 0:19 131567:4 0:73 131567:4 0:19 131567:5 0:7 131567:8 0:19 131567:4 0:14 131567:4 0:7 131567:2 0:8 131567:5 0:63 131567:4 0:16 131567:4 0:51 131567:5 0:29
C	978	569360	903	0:2 1760811:4 0:43 147550:2 0:28 147550:3 0:210 716545:1 0:5 131567:5 0:16 131567:1 0:28 5144:5 131567:3 0:1 716546:5 0:166 147550:5 0:82 716546:3 0:4 131567:5 0:8 5125:5 0:2 5125:5 0:9 5144:2 0:184 569360:5 0:13 5144:2 0:7
C	979	40324	926	0:244 477697:3 0:13 131567:1 0:20 40324:5 0:195 3273430:5 0:72 40324:5 0:13 131567:5 0:3 2:5 0:303
C	980	490731	1164	0:41 490731:3 0:7 490731:5 0:13 490731:1 0:431 131567:3 0:133 181124:1 0:120 131567:5 0:5 131567:9 0:8 131567:5 0:22 131567:4 0:26 131567:5 0:262 181762:5 0:1 181762:1 0:14
C	981	477697	954	0:192 477697:2 0:55 477697:3 0:13 131567:1 0:25 2:4 0:16 131567:5 0:15 2:2 0:150 3273430:5 0:60 227086:1 0:29 131567:5 0:3 2:5 0:16 477697:5 0:5 477697:1 0:302
U	982	0	791	0:757
C	983	2	1173	0:333 477697:5 0:420 131567:5 0:29 227086:1 0:60 3273430:5 0:127 2:1 0:22 2:3 0:15 131567:5 0:14 2:6 131567:7 0:18 131567:1 0:62
C	985	544580	974	0:22 131567:1 0:58 131567:2 0:54 131567:5 0:1 131567:5 0:69 131567:1 0:13 131567:1 0:19 544580:1 0:3 544580:2 0:4 544580:5 0:2 544580:5 0:33 131567:3 0:12 131567:11 0:1 131567:8 0:17 131567:5 0:159 131567:1 0:10 131567:2 0:7 131567:1 0:13 131567:1 0:11 131567:1 0:19 131567:4 0:63 131567:4 0:6 131567:4 0:19 131567:5 0:7 131567:8 0:19 131567:4 0:14 131567:4 0:7 131567:2 0:8 131567:5 0:63 131567:4 0:16 131567:4 0:51 131567:5 0:16 131567:1 0:9
C	987	2	950	0:188 477697:2 0:56 477697:3 0:13 131567:1 0:18 131567:7 2:6 0:14 131567:5 0:15 2:3 0:22 2:1 0:126 3273430:5 0:60 227086:1 0:29 131567:5 0:3 2:5 0:328
C	988	544580	985	0:22 131567:1 0:58 131567:2 0:48 131567:4 0:4 131567:5 0:1 131567:5 0:70 131567:1 0:13 131567:1 0:19 544580:1 0:57 131567:3 0:12 131567:11 0:1 131567:8 0:17 131567:5 0:6 131567:5 0:16 131567:4 0:1 131567:5 0:12 131567:5 0:2 131567:5 0:4 131567:5 0:46 131567:1 0:16 131567:2 0:60 131567:1 0:11 131567:1 0:19 131567:4 0:63 131567:4 0:6 131567:4 0:19 131567:5 0:7 131567:8 0:19 131567:4 0:14 131567:4 0:7 131567:2 0:8 131567:5 0:64 131567:4 0:16 131567:4 0:84
C	989	477697	1044	0:283 477697:2 0:55 477697:3 0:13 131567:1 0:18 131567:7 2:6 0:14 131567:5 0:15 2:3 0:22 2:1 0:191 227086:1 0:29 131567:5 0:3 2:5 0:16 477697:5 0:5 477697:1 0:301
C	991	1224	742	0:90 40324:5 0:86 3273430:5 0:199 131567:5 0:8 131567:3 0:307
C	992	477697	998	0:2 477697:4 0:343 477697:1 0:5 477697:5 0:16 2:5 0:3 131567:5 0:29 227086:1 0:60 3273430:5 0:127 2:1 0:22 2:3 0:15 131567:5 0:14 2:6 131567:7 0:18 131567:1 0:13 477697:3 0:55 477697:2 0:188
C	993	477697	991	0:187 477697:2 0:54 477697:3 0:13 131567:1 0:18 131567:7 2:6 0:14 131567:5 0:15 2:3 0:135 3273430:5 0:60 227086:1 0:29 131567:5 0:3 2:5 0:16 477697:5 0:5 477697:1 0:359
C	994	544580	978	0:80 131567:2 0:48 131567:4 0:4 131567:5 0:1 131567:5 0:70 131567:1 0:13 131567:1 0:19 544580:1 0:3 544580:2 0:4 544580:5 0:2 544580:5 0:84 131567:5 0:6 131567:5 0:38 131567:5 0:2 131567:5 0:4 131567:5 0:90 131567:1 0:10 131567:2 0:7 131567:1 0:13 131567:1 0:11 131567:1 0:19 131567:4 0:63 131567:4 0:6 131567:4 0:19 131567:5 0:51 131567:4 0:7 131567:2 0:8 131567:5 0:66 131567:4 0:16 131567:4 0:82
C	995	181762	1063	0:8 181762:1 0:1 181762:5 0:217 1423913:5 0:6 131567:2 0:30 131567:5 0:49 131567:5 0:8 131567:9 0:5 131567:5 0:58 5338:3 0:121 4751:2 0:8 588596:2 0:46 131567:1 0:10 131567:3 0:414
C	997	40324	921	0:278 40324:5 0:20 131567:2 0:168 3273430:5 0:72 40324:5 0:13 131567:5 0:3 2:5 0:306
C	998	544580	1303	0:265 131567:3 0:43 131567:4 0:38 131567:1 0:58 131567:2 0:48 131567:4 0:4 131567:5 0:1 131567:5 0:69 131567:1 0:13 131567:1 0:19 544580:1 0:3 544580:2 0:4 544580:5 0:2 544580:5 0:33 131567:3 0:12 131567:7 0:39 131567:5 0:16 131567:4 0:1 131567:5 0:12 131567:5 0:2 131567:5 0:4 131567:5 0:46 131567:1 0:16 131567:2 0:26 131567:1 0:10 131567:2 0:7 131567:1 0:13 131567:1 0:11 131567:1 0:117 131567:5 0:7 131567:8 0:19 131567:4 0:14 131567:4 0:7 131567:2 0:8 131567:5 0:63 131567:4 0:16 131567:4 0:70 131567:1 0:9
C	999	5125	806	0:195 5144:2 0:9 5125:5 0:2 5125:5 0:8 131567:5 0:4 716546:3 0:51 716546:1 0:32 147550:5 0:167 716546:5 0:1 131567:3 5144:5 0:28 131567:1 0:16 131567:5 0:5 716545:1 0:208
C	1000	477697	1288	0:261 477697:5 0:395 2:5 0:3 131567:5 0:94 3273430:5 0:150 2:3 0:40 40324:5 0:20 131567:1 0:13 477697:3 0:55 477697:2 0:189
C	1002	544580	849	0:46 131567:4 0:16 131567:4 0:63 131567:5 0:8 131567:2 0:7 131567:4 0:14 131567:4 0:19 131567:8 0:107 131567:4 0:19 131567:1 0:11 131567:1 0:13 131567:1 0:7 131567:2 0:10 131567:1 0:26 131567:2 0:16 131567:1 0:46 131567:5 0:4 131567:5 0:2 131567:5 0:50 131567:5 0:17 131567:7 0:24 131567:5 0:31 544580:5 0:2 544580:5 0:4 544580:2 0:3 544580:1 0:19 131567:1 0:13 131567:1 0:70 131567:5 0:1 131567:5 0:4 131567:4 0:38
C	1004	544580	848	0:46 131567:4 0:16 131567:4 0:63 131567:5 0:8 131567:2 0:7 131567:4 0:14 131567:4 0:19 131567:8 0:7 131567:5 0:19 131567:4 0:6 131567:4 0:63 131567:4 0:19 131567:1 0:11 131567:1 0:13 131567:1 0:7 131567:2 0:10 131567:1 0:26 131567:2 0:16 131567:1 0:49 131567:2 0:4 131567:5 0:2 131567:5 0:12 131567:5 0:1 131567:4 0:16 131567:5 0:6 131567:5 0:31 131567:5 0:12 131567:3 0:33 544580:5 0:2 544580:5 0:4 544580:2 0:3 544580:1 0:19 131567:1 0:84 131567:5 0:1 131567:5 0:4 131567:4 0:37
C	1005	544580	848	0:46 131567:4 0:16 131567:4 0:63 131567:5 0:8 131567:2 0:7 131567:4 0:14 131567:4 0:19 131567:8 0:7 131567:5 0:19 131567:4 0:6 131567:4 0:63 131567:4 0:19 131567:1 0:11 131567:1 0:13 131567:1 0:7 131567:2 0:10 131567:1 0:26 131567:2 0:16 131567:1 0:54 131567:5 0:2 131567:5 0:12 131567:5 0:1 131567:4 0:16 131567:5 0:6 131567:5 0:17 131567:8 0:1 131567:11 0:12 131567:3 0:33 544580:5 0:2 544580:5 0:4 544580:2 0:3 544580:1 0:19 131567:1 0:13 131567:1 0:70 131567:5 0:1 131567:5 0:4 131567:4 0:37
U	1006	0	947	0:913
C	1007	544580	847	0:46 131567:4 0:16 131567:4 0:63 131567:5 0:8 131567:2 0:7 131567:4 0:14 131567:4 0:34 131567:4 0:19 131567:4 0:6 131567:4 0:63 131567:4 0:19 131567:1 0:11 131567:1 0:13 131567:1 0:7 131567:2 0:10 131567:1 0:124 131567:5 0:1 131567:4 0:16 131567:5 0:6 131567:5 0:17 131567:8 0:58 544580:5 0:2 544580:5 0:4 544580:2 0:3 544580:1 0:104 131567:5 0:1 131567:5 0:4 131567:4 0:38
C	1008	544580	972	0:22 131567:1 0:116 131567:5 0:70 131567:1 0:13 131567:1 0:19 544580:1 0:3 544580:2 0:4 544580:5 0:2 544580:5 0:33 131567:3 0:12 131567:11 0:1 131567:8 0:17 131567:5 0:6 131567:5 0:16 131567:4 0:1 131567:5 0:12 131567:5 0:2 131567:5 0:4 131567:5 0:46 131567:1 0:16 131567:2 0:26 131567:1 0:10 131567:2 0:7 131567:1 0:13 131567:1 0:11 131567:1 0:19 131567:4 0:63 131567:4 0:39 131567:8 0:37 131567:5 0:7 131567:2 0:8 131567:5 0:63 131567:4 0:16 131567:4 0:51 131567:5 0:16 131567:1 0:9
C	1009	131567	842	0:63 131567:4 0:65 131567:5 0:8 131567:2 0:7 131567:4 0:14 131567:4 0:34 131567:4 0:19 131567:4 0:6 131567:5 0:172 131567:1 0:46 131567:5 0:4 131567:5 0:2 131567:5 0:12 131567:5 0:1 131567:4 0:16 131567:5 0:6 131567:5 0:30 131567:5 0:12 131567:3 0:74 131567:1 0:13 131567:1 0:71 131567:5 0:1 131567:5 0:4 131567:4 0:37
C	1010	181762	855	0:23 131567:3 0:5 5204:2 0:279 131567:3 0:10 131567:1 0:5 131567:5 0:3 131567:5 0:3 131567:1 0:137 456999:2 0:21 5338:3 0:58 131567:5 0:5 131567:9 0:8 131567:5 0:22 131567:4 0:18 131567:2 0:12 131567:2 0:9 131567:5 0:49 181762:1 0:3 181762:5 0:88
C	1011	5125	891	0:2 1760811:4 0:42 131567:1 147550:2 0:28 147550:1 0:246 131567:1 0:28 5144:5 131567:3 0:1 716546:5 0:249 716546:3 0:4 131567:5 0:8 5125:5 0:2 5125:5 0:9 5144:2 0:196
C	1012	336722	886	0:23 131567:3 0:22 451864:5 0:16 443226:2 131567:1 0:5 131567:1 0:173 716546:4 0:5 131567:2 0:10 131567:4 0:7 131567:5 0:16 131567:1 0:69 336722:5 0:65 131567:2 0:5 93133:5 0:58 131567:9 0:1 131567:5 0:16 131567:4 0:25 715340:2 0:32 716546:3 0:4 131567:5 0:232
C	1013	28985	831	0:114 4910:4 0:6 4893:1 0:5 131567:3 0:14 131567:4 0:54 131567:4 0:6 131567:4 0:53 131567:2 0:21 4910:4 0:19 4910:5 4893:7 0:1 131567:1 0:7 131567:2 0:10 131567:1 0:56 147537:6 0:46 131567:5 0:12 131567:5 0:1 131567:4 0:16 131567:5 0:6 131567:5 0:17 131567:4 0:55 4910:5 0:54 4910:3 0:2 4910:5 0:38 4910:2 0:22 28985:5 0:2 28985:5 0:43 4910:4 0:12
C	1015	181124	975	0:22 131567:1 0:58 131567:2 0:48 131567:4 0:4 131567:5 0:1 131567:5 0:101 544580:4 0:60 131567:11 0:1 131567:8 0:17 131567:5 0:6 131567:5 0:16 131567:4 0:1 131567:5 0:12 131567:5 0:2 131567:5 0:4 131567:5 0:46 131567:1 0:16 131567:2 0:26 131567:1 0:10 131567:2 0:7 131567:1 0:13 131567:1 0:11 131567:1 0:19 131567:2 0:11 181124:5 0:50 131567:4 0:6 131567:4 0:19 131567:5 0:7 131567:8 0:19 131567:4 0:14 131567:4 0:7 131567:2 0:8 131567:5 0:63 131567:4 0:16 131567:4 0:51 131567:5 0:16 131567:1 0:13
C	1016	544580	820	0:47 131567:4 0:16 131567:4 0:63 131567:5 0:8 131567:2 0:7 131567:4 0:14 131567:4 0:19 131567:8 0:7 131567:5 0:19 131567:4 0:6 131567:4 0:64 131567:4 0:19 131567:1 0:11 131567:1 0:13 131567:1 0:7 131567:2 0:10 131567:1 0:45 131567:1 0:46 131567:5 0:4 131567:5 0:2 131567:5 0:12 131567:5 0:1 131567:4 0:49 131567:8 0:1 131567:11 0:12 131567:3 0:33 544580:5 0:2 544580:5 0:45 131567:1 0:70 131567:5 0:1 131567:5 0:4 131567:4 0:3
C	1017	181762	1058	0:8 181762:1 0:1 181762:5 0:220 1423913:5 0:6 131567:2 0:30 131567:5 0:26 131567:4 0:22 131567:5 0:8 131567:9 0:5 131567:5 0:234 131567:1 0:10 131567:3 0:409
C	1018	477697	984	0:2 477697:4 0:606 2:3 0:15 131567:5 0:20 40324:5 0:20 131567:1 0:13 477697:3 0:55 477697:2 0:196
C	1019	2	927	0:188 477697:2 0:56 477697:3 0:13 131567:1 0:45 131567:5 0:15 2:3 0:150 3273430:5 0:72 40324:5 0:13 131567:5 0:3 2:5 0:304
C	1020	477697	1292	0:189 477697:2 0:55 477697:3 0:13 131567:1 0:20 40324:5 0:85 3273430:5 0:104 3273430:5 0:93 131567:5 0:3 2:5 0:325 1884633:1 0:36 477697:2 0:34 477697:5 0:262
C	1021	181124	1066	0:246 131567:2 0:30 131567:5 0:26 131567:4 0:22 131567:5 0:8 131567:9 0:5 131567:5 0:58 5338:3 0:59 181124:1 0:62 4751:2 0:56 131567:1 0:10 131567:3 0:410
C	1022	544580	846	0:46 131567:4 0:16 131567:4 0:63 131567:5 0:8 131567:2 0:7 131567:4 0:14 131567:4 0:19 131567:8 0:7 131567:5 0:19 131567:4 0:6 131567:4 0:63 131567:4 0:19 131567:1 0:11 131567:1 0:13 131567:1 0:7 131567:2 0:10 131567:2 0:47 131567:1 0:46 131567:5 0:4 131567:5 0:2 131567:5 0:12 131567:5 0:1 131567:4 0:16 131567:5 0:6 131567:5 0:17 131567:4 0:57 544580:5 0:2 544580:5 0:4 544580:2 0:3 544580:1 0:19 131567:1 0:13 131567:1 0:69 131567:5 0:1 131567:5 0:4 131567:4 0:38
C	1024	40324	917	0:184 477697:2 0:90 40324:5 0:193 3273430:1 0:76 40324:5 0:13 131567:5 0:3 2:5 0:301
C	1025	40324	930	0:188 477697:2 0:55 477697:3 0:13 131567:1 0:20 40324:5 0:271 40324:5 0:13 131567:5 0:3 2:5 0:307
C	1026	332648	764	0:153 332648:2 0:2 716545:1 0:22 131567:2 0:13 131567:5 0:4 716546:3 0:329 131567:5 0:7 131567:4 0:10 131567:2 0:5 716546:4 0:157
C	1028	544580	991	0:22 131567:1 0:58 131567:2 0:48 131567:4 0:4 131567:5 0:1 131567:5 0:105 544580:1 0:3 544580:2 0:4 544580:5 0:2 544580:5 0:33 131567:3 0:12 131567:11 0:1 131567:8 0:17 131567:5 0:6 131567:5 0:16 131567:4 0:1 131567:5 0:29 131567:5 0:46 131567:1 0:16 131567:2 0:26 131567:1 0:10 131567:2 0:7 131567:1 0:13 131567:1 0:11 131567:1 0:19 131567:4 0:63 131567:4 0:6 131567:4 0:19 131567:5 0:7 131567:8 0:19 131567:4 0:14 131567:4 0:7 131567:2 0:8 131567:5 0:62 131567:4 0:16 131567:4 0:93
C	1029	544580	980	0:24 131567:1 0:58 131567:2 0:48 131567:4 0:4 131567:5 0:1 131567:5 0:70 131567:1 0:13 131567:1 0:37 544580:5 0:44 131567:11 0:1 131567:8 0:17 131567:5 0:6 131567:5 0:16 131567:4 0:1 131567:5 0:12 131567:5 0:2 131567:5 0:4 131567:5 0:65 131567:1 0:27 131567:1 0:10 131567:2 0:7 131567:1 0:13 131567:1 0:11 131567:1 0:19 131567:4 0:63 131567:4 0:6 131567:4 0:19 131567:5 0:7 131567:8 0:19 131567:4 0:14 131567:4 0:7 131567:2 0:8 131567:5 0:63 131567:4 0:16 131567:4 0:51 131567:5 0:16 131567:1 0:9
C	1030	2093779	840	0:67 131567:4 0:161 131567:4 0:6 131567:5 0:61 131567:4 0:19 131567:1 0:11 131567:1 0:13 131567:1 0:7 131567:2 0:10 131567:1 0:40 131567:1 0:61 131567:5 0:34 2093779:5 0:119 544580:1 0:19 131567:1 0:13 131567:1 0:70 131567:5 0:1 131567:5 0:4 131567:4 0:39
C	1031	3273430	945	0:189 477697:2 0:55 477697:3 0:13 131567:1 0:20 40324:5 0:40 2:3 0:40 3273430:5 0:107 3273430:5 0:93 131567:5 0:3 2:5 0:317
C	1032	477697	994	0:2 477697:2 0:36 1884633:1 0:326 2:5 0:3 131567:5 0:93 3273430:5 0:151 2:3 0:78 477697:3 0:55 477697:2 0:190
C	1033	544580	978	0:22 131567:1 0:37 42260:1 0:70 131567:4 0:4 131567:5 0:75 131567:1 0:13 131567:1 0:19 544580:1 0:3 544580:2 0:4 544580:5 0:2 544580:5 0:52 131567:4 0:193 131567:1 0:10 131567:2 0:7 131567:1 0:13 131567:1 0:11 131567:1 0:19 131567:4 0:73 131567:4 0:19 131567:5 0:7 131567:8 0:19 131567:4 0:14 131567:4 0:7 131567:2 0:8 131567:5 0:171
C	1034	477697	973	0:2 477697:4 0:345 2:5 0:3 131567:5 0:13 40324:5 0:73 3273430:5 0:150 2:3 0:136 477697:2 0:188
C	1035	477697	1412	0:378 477697:5 0:34 477697:4 0:344 477697:1 0:5 477697:5 0:16 2:5 0:3 131567:5 0:29 227086:1 0:58 3273430:5 0:125 2:1 0:42 131567:4 0:14 2:6 131567:7 0:91 477697:2 0:188
C	1036	544580	980	0:22 131567:1 0:58 131567:2 0:48 131567:4 0:4 131567:5 0:1 131567:5 0:64 131567:1 0:13 131567:1 0:19 544580:1 0:3 544580:2 0:4 544580:5 0:2 544580:4 0:47 131567:11 0:1 131567:8 0:17 131567:5 0:6 131567:5 0:16 131567:4 0:1 131567:5 0:12 131567:5 0:2 131567:5 0:4 131567:5 0:46 131567:1 0:16 131567:2 0:26 131567:1 0:10 131567:2 0:7 131567:1 0:13 131567:1 0:11 131567:1 0:19 131567:4 0:63 131567:4 0:6 131567:4 0:19 131567:5 0:7 131567:8 0:19 131567:4 0:14 131567:4 0:7 131567:2 0:8 131567:5 0:63 131567:4 0:16 131567:4 0:51 131567:5 0:16 131567:1 0:18
C	1037	544580	980	0:80 131567:2 0:48 131567:4 0:4 131567:5 0:1 131567:5 0:70 131567:1 0:13 131567:1 0:19 544580:1 0:3 544580:2 0:4 544580:5 0:2 544580:5 0:33 131567:3 0:12 131567:11 0:1 131567:8 0:17 131567:5 0:6 131567:5 0:43 131567:5 0:4 131567:5 0:60 131567:2 0:26 131567:1 0:10 131567:2 0:7 131567:1 0:13 131567:1 0:11 131567:1 0:19 131567:4 0:63 131567:4 0:6 131567:4 0:19 131567:5 0:7 131567:8 0:19 131567:4 0:14 131567:4 0:7 131567:2 0:8 131567:5 0:62 131567:4 0:16 131567:4 0:90
C	1039	40324	1305	0:267 131567:3 0:64 477697:4 0:344 2:5 0:3 131567:5 0:13 40324:5 0:72 3273430:5 0:151 2:3 0:15 131567:5 0:20 40324:5 0:20 131567:1 0:13 477697:3 0:55 477697:2 0:188
C	1040	131567	847	0:46 131567:4 0:16 131567:4 0:62 131567:5 0:8 131567:2 0:7 131567:4 0:14 131567:4 0:19 131567:8 0:7 131567:5 0:19 131567:4 0:6 131567:4 0:63 131567:4 0:19 131567:1 0:11 131567:1 0:13 131567:1 0:7 131567:2 0:10 131567:1 0:26 131567:2 0:16 131567:1 0:116 131567:5 0:17 131567:8 0:1 131567:11 0:88 131567:1 0:13 131567:1 0:69 131567:5 0:1 131567:5 0:4 131567:4 0:38
C	1041	544580	896	0:93 131567:3 0:18 131567:4 0:62 131567:5 0:8 131567:2 0:7 131567:4 0:14 131567:4 0:34 131567:4 0:19 131567:4 0:6 131567:4 0:63 131567:4 0:19 131567:1 0:11 131567:1 0:13 131567:1 0:7 131567:2 0:102 131567:5 0:4 131567:5 0:2 131567:5 0:12 131567:5 0:1 131567:4 0:16 131567:5 0:6 131567:5 0:17 131567:8 0:1 131567:11 0:12 131567:3 0:33 544580:5 0:2 544580:5 0:4 544580:2 0:3 544580:1 0:19 131567:1 0:13 131567:1 0:70 131567:5 0:1 131567:5 0:4 131567:4 0:38
C	1042	477697	1279	0:267 477697:5 0:12 131567:4 0:18 477697:4 0:347 2:5 0:3 131567:5 0:13 40324:5 0:72 3273430:5 0:149 2:3 0:15 131567:5 0:20 40324:5 0:20 131567:1 0:13 477697:2 0:55 477697:2 0:190
C	1043	131567	850	0:46 131567:4 0:16 131567:4 0:63 131567:5 0:8 131567:2 0:7 131567:4 0:14 131567:4 0:34 131567:4 0:19 131567:4 0:6 131567:4 0:120 131567:2 0:10 131567:1 0:26 131567:2 0:16 131567:1 0:55 131567:5 0:2 131567:5 0:12 131567:5 0:1 131567:4 0:16 131567:5 0:6 131567:5 0:17 131567:8 0:1 131567:11 0:12 131567:3 0:160 131567:5 0:1 131567:5 0:4 131567:4 0:38
C	1044	569360	809	0:10 569360:5 0:185 5144:2 0:9 5125:5 0:2 5125:5 0:8 131567:5 0:4 716546:3 0:85 147550:5 0:174 5144:5 0:28 131567:1 0:16 131567:5 0:5 716545:1 0:207
C	1045	544580	1000	0:22 131567:1 0:58 131567:2 0:48 131567:4 0:4 131567:5 0:1 131567:5 0:69 131567:1 0:13 131567:1 0:19 544580:1 0:3 544580:2 0:4 544580:5 0:2 544580:5 0:33 131567:3 0:12 131567:11 0:1 131567:8 0:17 131567:5 0:6 131567:5 0:16 131567:4 0:1 131567:5 0:12 131567:5 0:2 131567:5 0:4 131567:5 0:64 131567:1 0:26 131567:1 0:10 131567:2 0:7 131567:1 0:13 131567:1 0:11 131567:1 0:19 131567:4 0:72 131567:4 0:19 131567:5 0:7 131567:8 0:19 131567:4 0:14 131567:4 0:7 131567:2 0:8 131567:5 0:63 131567:4 0:16 131567:4 0:51 131567:5 0:16 131567:1 0:32
C	1046	544580	810	0:42 131567:4 0:16 131567:4 0:150 131567:4 0:110 131567:1 0:7 131567:2 0:10 131567:1 0:41 131567:1 0:46 131567:5 0:4 131567:5 0:2 131567:5 0:30 131567:5 0:3 131567:5 0:6 131567:5 0:17 131567:8 0:1 131567:11 0:12 131567:3 0:49 544580:2 0:3 544580:1 0:19 131567:1 0:13 131567:1 0:66 131567:5 0:1 131567:5 0:4 131567:4 0:36
C	1047	5144	834	0:221 131567:2 0:19 69781:3 0:38 716546:2 0:9 716546:1 0:6 4895:1 0:26 131567:5 0:1 131567:9 0:172 716546:5 0:1 131567:3 5144:5 0:28 131567:1 0:16 131567:5 0:7 131567:4 0:10 131567:2 0:5 716546:4 0:189
C	1048	40324	921	0:183 477697:2 0:53 477697:3 0:13 131567:1 0:20 40324:5 0:20 131567:5 0:15 2:3 0:228 40324:5 0:13 131567:5 0:3 2:5 0:305
C	1049	477697	959	0:190 477697:2 0:55 477697:3 0:13 131567:1 0:18 131567:7 2:6 0:14 131567:5 0:15 2:3 0:22 2:1 0:127 3273430:5 0:60 227086:1 0:29 131567:5 0:3 2:5 0:16 477697:5 0:5 477697:1 0:308
C	1050	544580	981	0:22 131567:1 0:58 131567:2 0:48 131567:4 0:82 131567:1 0:13 131567:1 0:19 544580:1 0:3 544580:2 0:4 544580:5 0:2 544580:5 0:48 131567:11 0:1 131567:8 0:17 131567:5 0:6 131567:5 0:16 131567:4 0:1 131567:5 0:12 131567:5 0:2 131567:5 0:4 131567:5 0:46 131567:1 0:16 131567:2 0:94 131567:4 0:38 4779:5 0:19 131567:4 0:6 131567:4 0:19 131567:5 0:51 131567:4 0:7 131567:2 0:8 131567:5 0:63 131567:4 0:16 131567:4 0:87
C	1051	131567	577	0:46 131567:4 0:16 131567:4 0:63 131567:5 0:8 131567:2 0:7 131567:4 0:14 131567:4 0:19 131567:8 0:7 131567:5 0:19 131567:4 0:6 131567:4 0:63 131567:4 0:19 131567:1 0:11 131567:1 0:13 131567:1 0:7 131567:2 0:10 131567:1 0:26 131567:2 0:16 131567:1 0:61 131567:5 0:12 131567:5 0:1 131567:4 0:16 131567:5 0:7
C	1052	1268659	1014	0:25 131567:5 0:28 131567:3 0:5 5204:2 0:558 55193:2 0:54 131567:4 0:18 131567:2 0:12 131567:2 0:9 131567:5 0:13 131567:2 0:26 1268659:5 0:117 1268:1 0:82
U	1053	0	937	0:290 40324:5 0:608
C	1056	544580	843	0:46 131567:4 0:16 131567:4 0:63 131567:5 0:8 131567:2 0:7 131567:4 0:14 131567:4 0:19 131567:8 0:7 131567:5 0:19 131567:4 0:6 131567:4 0:63 131567:4 0:19 131567:1 0:11 131567:1 0:13 131567:1 0:7 131567:2 0:10 131567:1 0:96 131567:5 0:2 131567:5 0:12 131567:5 0:1 131567:4 0:16 131567:5 0:6 131567:5 0:17 131567:8 0:1 131567:11 0:12 131567:3 0:33 544580:5 0:2 544580:5 0:4 544580:2 0:3 544580:1 0:19 131567:1 0:13 131567:1 0:67 131567:5 0:1 131567:5 0:4 131567:4 0:38
C	1057	131567	842	0:45 131567:4 0:16 131567:4 0:62 131567:5 0:8 131567:2 0:7 131567:4 0:14 131567:4 0:34 131567:4 0:19 131567:4 0:6 131567:4 0:63 131567:4 0:19 131567:1 0:11 131567:1 0:13 131567:1 0:7 131567:2 0:10 131567:1 0:41 131567:1 0:46 131567:5 0:4 131567:5 0:2 131567:5 0:12 131567:5 0:1 131567:4 0:16 131567:5 0:6 131567:5 0:17 131567:8 0:1 131567:11 0:12 131567:3 0:73 131567:1 0:13 131567:1 0:69 131567:5 0:1 131567:5 0:4 131567:4 0:38
C	1058	490731	721	0:51 490731:5 0:13 490731:1 0:444 131567:1 0:55 4751:2 0:62 181124:1 0:52
C	1059	544580	846	0:46 131567:4 0:16 131567:4 0:63 131567:5 0:8 131567:2 0:88 131567:4 0:6 131567:4 0:63 131567:4 0:19 131567:1 0:11 131567:1 0:13 131567:1 0:7 131567:2 0:10 131567:1 0:102 131567:5 0:12 131567:5 0:1 131567:4 0:16 131567:5 0:6 131567:5 0:17 131567:8 0:1 131567:11 0:45 544580:5 0:2 544580:5 0:4 544580:2 0:3 544580:1 0:19 131567:1 0:13 131567:1 0:130
C	1060	181124	1059	0:241 131567:5 0:30 131567:5 0:26 131567:4 0:22 131567:5 0:8 131567:9 0:5 131567:5 0:116 181124:1 0:62 4751:2 0:56 131567:1 0:10 131567:3 0:409
C	1061	544580	850	0:46 131567:4 0:16 131567:4 0:63 131567:5 0:8 131567:2 0:7 131567:4 0:14 131567:4 0:19 131567:8 0:7 131567:5 0:19 131567:4 0:6 131567:4 0:63 131567:4 0:19 131567:1 0:11 131567:1 0:13 131567:1 0:7 131567:2 0:10 131567:1 0:46 131567:1 0:85 131567:4 0:16 131567:5 0:6 131567:5 0:48 131567:3 0:33 544580:5 0:2 544580:5 0:4 544580:2 0:3 544580:1 0:19 131567:1 0:13 131567:1 0:70 131567:5 0:1 131567:5 0:4 131567:4 0:37
C	1062	131567	850	0:46 131567:4 0:16 131567:4 0:63 131567:5 0:8 131567:2 0:7 131567:4 0:14 131567:4 0:73 131567:4 0:86 131567:1 0:11 131567:1 0:13 131567:1 0:7 131567:2 0:10 131567:1 0:42 131567:1 0:46 131567:5 0:4 131567:5 0:2 131567:5 0:48 131567:5 0:17 131567:7 0:24 131567:5 0:71 131567:1 0:13 131567:1 0:71 131567:5 0:1 131567:5 0:4 131567:4 0:37
C	1063	544580	844	0:46 131567:4 0:16 131567:4 0:63 131567:5 0:8 131567:2 0:7 131567:4 0:14 131567:4 0:19 131567:8 0:7 131567:5 0:19 131567:4 0:6 131567:4 0:63 131567:4 0:19 131567:1 0:11 131567:1 0:13 131567:1 0:7 131567:2 0:10 131567:1 0:26 131567:2 0:57 131567:5 0:4 131567:5 0:2 131567:5 0:12 131567:5 0:1 131567:4 0:16 131567:5 0:6 131567:5 0:17 131567:4 0:27 131567:3 0:33 544580:5 0:2 544580:5 0:4 544580:2 0:3 544580:1 0:19 131567:1 0:13 131567:1 0:128
C	1064	544580	971	0:22 131567:1 0:103 131567:4 0:4 131567:5 0:1 131567:5 0:100 544580:1 0:3 544580:2 0:4 544580:5 0:2 544580:5 0:33 131567:3 0:57 131567:5 0:16 131567:4 0:1 131567:5 0:12 131567:5 0:2 131567:5 0:4 131567:5 0:46 131567:1 0:16 131567:2 0:26 131567:1 0:10 131567:2 0:7 131567:1 0:13 131567:1 0:11 131567:1 0:19 131567:4 0:63 131567:4 0:6 131567:4 0:19 131567:5 0:7 131567:8 0:19 131567:4 0:14 131567:4 0:7 131567:2 0:8 131567:5 0:63 131567:4 0:16 131567:4 0:72 131567:1 0:13
C	1065	544580	836	0:46 131567:4 0:16 131567:4 0:63 131567:5 0:8 131567:2 0:153 131567:4 0:42 131567:1 0:7 131567:2 0:10 131567:1 0:27 131567:1 0:63 131567:5 0:4 131567:5 0:2 131567:5 0:12 131567:5 0:1 131567:4 0:16 131567:5 0:6 131567:5 0:17 131567:8 0:1 131567:11 0:12 131567:3 0:33 544580:5 0:2 544580:5 0:4 544580:2 0:3 544580:1 0:19 131567:1 0:13 131567:1 0:70 131567:5 0:1 131567:5 0:4 131567:4 0:38
C	1066	3273430	1030	0:33 477697:2 0:36 1884633:1 0:325 2:5 0:3 131567:5 0:203 3273430:5 0:378
C	1067	477697	1290	0:262 477697:5 0:34 477697:2 0:36 1884633:1 0:328 131567:5 0:93 3273430:5 0:104 3273430:5 0:84 40324:5 0:20 131567:1 0:13 477697:3 0:55 477697:2 0:193
C	1069	477697	951	0:247 477697:3 0:13 131567:1 0:18 131567:7 2:6 0:14 131567:5 0:15 2:3 0:22 2:1 0:127 3273430:5 0:60 227086:1 0:29 131567:5 0:3 2:5 0:16 477697:5 0:5 477697:1 0:300
C	1070	477697	952	0:184 477697:2 0:56 477697:3 0:13 131567:1 0:18 131567:7 2:6 0:14 131567:5 0:40 2:1 0:126 3273430:5 0:60 227086:1 0:29 131567:5 0:3 2:5 0:16 477697:5 0:5 477697:1 0:307
C	1071	544580	908	0:120 131567:4 0:62 131567:5 0:8 131567:2 0:48 131567:8 0:7 131567:5 0:19 131567:4 0:6 131567:4 0:40 498019:5 0:5 131567:5 0:9 131567:4 0:19 131567:1 0:11 131567:1 0:13 131567:1 0:7 131567:2 0:10 131567:1 0:90 131567:5 0:4 131567:5 0:2 131567:5 0:12 131567:5 0:1 131567:4 0:16 131567:5 0:6 131567:5 0:17 131567:8 0:65 544580:5 0:2 544580:5 0:4 544580:2 0:3 544580:1 0:19 131567:1 0:13 131567:1 0:70 131567:5 0:52
C	1072	477697	1273	0:267 477697:5 0:34 477697:4 0:343 2:5 0:3 131567:5 0:13 40324:5 0:72 3273430:5 0:191 40324:5 0:20 131567:1 0:13 477697:3 0:55 477697:2 0:188
C	1073	40324	971	0:2 477697:4 0:342 2:5 0:3 131567:5 0:13 40324:5 0:72 3273430:5 0:150 2:3 0:15 131567:5 0:20 40324:5 0:20 131567:1 0:72 477697:2 0:188
C	1074	40324	921	0:188 477697:2 0:90 40324:5 0:20 131567:5 0:15 2:3 0:147 3273430:5 0:72 40324:5 0:13 131567:5 0:3 2:5 0:304
C	1075	477697	927	0:247 477697:3 0:13 131567:1 0:18 131567:7 2:6 0:14 131567:5 0:15 2:3 0:22 2:1 0:127 3273430:5 0:60 227086:1 0:29 131567:5 0:3 2:5 0:16 477697:5 0:5 477697:1 0:276
C	1076	477697	1300	0:271 477697:5 0:34 477697:2 0:36 1884633:1 0:323 2:5 0:3 131567:5 0:93 3273430:5 0:104 3273430:5 0:41 2:3 0:40 40324:5 0:20 131567:1 0:13 477697:3 0:55 477697:2 0:191
C	1077	544580	976	0:21 588596:2 1071380:3 0:54 131567:2 0:48 131567:4 0:4 131567:5 0:1 131567:5 0:70 131567:1 0:13 131567:1 0:19 544580:1 0:3 544580:2 0:4 544580:5 0:2 544580:5 0:33 131567:3 0:12 131567:11 0:1 131567:8 0:17 131567:5 0:6 131567:5 0:16 131567:4 0:1 131567:5 0:12 131567:5 0:2 131567:5 0:4 131567:5 0:46 131567:1 0:16 131567:2 0:26 131567:1 0:10 131567:2 0:7 131567:1 0:13 131567:1 0:11 131567:1 0:19 131567:4 0:63 131567:4 0:6 131567:4 0:19 131567:4 0:34 131567:5 0:101 131567:4 0:16 131567:4 0:51 131567:5 0:16 131567:1 0:9
C	1078	544580	980	0:22 131567:1 0:59 131567:2 0:48 131567:4 0:4 131567:5 0:1 131567:5 0:71 131567:1 0:13 131567:1 0:19 544580:1 0:3 544580:2 0:4 544580:5 0:2 544580:5 0:33 131567:3 0:12 131567:11 0:1 131567:8 0:17 131567:5 0:6 131567:5 0:16 131567:4 0:1 131567:5 0:12 131567:5 0:2 131567:5 0:4 131567:5 0:92 131567:1 0:10 131567:2 0:7 131567:1 0:13 131567:1 0:11 131567:1 0:19 131567:4 0:63 131567:4 0:6 131567:4 0:19 131567:5 0:34 131567:4 0:14 131567:4 0:7 131567:2 0:8 131567:5 0:61 131567:4 0:16 131567:4 0:82
C	1079	544580	848	0:46 131567:4 0:123 131567:4 0:34 131567:4 0:19 131567:4 0:6 131567:4 0:63 131567:4 0:19 131567:1 0:11 131567:1 0:13 131567:1 0:7 131567:2 0:10 131567:1 0:26 131567:2 0:16 131567:1 0:46 131567:5 0:4 131567:5 0:2 131567:5 0:12 131567:5 0:1 131567:4 0:16 131567:5 0:6 131567:5 0:17 131567:3 0:65 544580:5 0:2 544580:5 0:4 544580:2 0:3 544580:1 0:19 131567:1 0:13 131567:1 0:69 131567:5 0:1 131567:5 0:4 131567:4 0:38
C	1080	3273430	1298	0:300 477697:2 0:36 1884633:1 0:430 3273430:5 0:105 3273430:5 0:42 2:3 0:39 40324:5 0:20 131567:1 0:13 477697:3 0:57 477697:2 0:195
C	1081	477697	572	0:188 477697:2 0:55 477697:3 0:13 131567:1 0:18 131567:7 2:6 0:14 131567:5 0:15 2:3 0:22 2:1 0:131 3273430:1 0:53
C	1082	544580	935	0:22 131567:1 0:58 131567:2 0:61 131567:5 0:70 131567:1 0:13 131567:1 0:19 544580:1 0:3 544580:2 0:4 544580:5 0:2 544580:5 0:45 131567:8 0:155 131567:1 0:10 131567:2 0:7 131567:1 0:13 131567:1 0:11 131567:1 0:19 131567:4 0:63 131567:4 0:6 131567:4 0:19 131567:5 0:7 131567:8 0:19 131567:4 0:14 131567:4 0:7 131567:2 0:8 131567:5 0:63 131567:4 0:16 131567:4 0:72 131567:1 0:9
C	1083	544580	853	0:46 131567:4 0:16 131567:4 0:63 131567:5 0:8 131567:2 0:7 131567:4 0:14 131567:4 0:19 131567:8 0:7 131567:5 0:19 131567:4 0:6 131567:4 0:63 131567:4 0:54 131567:2 0:10 131567:1 0:26 131567:2 0:16 131567:1 0:46 131567:5 0:4 131567:5 0:2 131567:5 0:12 131567:5 0:1 131567:4 0:16 131567:5 0:6 131567:5 0:17 131567:4 0:66 544580:5 0:2 544580:5 0:4 544580:2 0:3 544580:1 0:19 131567:1 0:13 131567:1 0:70 131567:5 0:1 131567:5 0:4 131567:4 0:38
C	1084	544580	1003	0:55 131567:1 0:56 131567:2 0:56 131567:5 0:1 131567:5 0:98 544580:1 0:3 544580:2 0:4 544580:5 0:98 131567:5 0:16 131567:2 0:172 131567:1 0:11 131567:1 0:116 131567:5 0:7 131567:8 0:19 131567:4 0:14 131567:4 0:7 131567:2 0:74 131567:4 0:105
C	1086	121627	932	0:77 131567:2 0:268 131567:5 0:6 131567:5 0:16 131567:4 0:1 131567:5 0:162 131567:1 0:19 131567:4 0:14 121627:4 0:115 131567:5 0:79 131567:4 0:71 131567:5 0:16 131567:1 0:9
C	1087	544580	828	0:58 131567:4 0:64 131567:5 0:8 131567:2 0:24 131567:4 0:34 131567:4 0:19 131567:4 0:6 131567:4 0:90 131567:1 0:11 131567:1 0:112 131567:5 0:4 131567:5 0:2 131567:5 0:36 131567:5 0:6 131567:5 0:17 131567:8 0:1 131567:11 0:12 131567:3 0:33 544580:5 0:2 544580:5 0:4 544580:2 0:3 544580:1 0:19 131567:1 0:13 131567:1 0:69 131567:5 0:1 131567:5 0:4 131567:4 0:37
C	1088	3273430	944	0:190 477697:2 0:55 477697:3 0:33 40324:5 0:40 2:3 0:41 3273430:5 0:104 3273430:5 0:93 131567:5 0:3 2:5 0:318
C	1089	544580	893	0:53 131567:4 0:16 131567:4 0:61 131567:5 0:8 131567:2 0:7 131567:4 0:35 131567:7 0:7 131567:5 0:19 131567:4 0:6 131567:4 0:63 131567:4 0:19 131567:1 0:11 131567:1 0:13 131567:1 0:7 131567:2 0:10 131567:1 0:92 131567:5 0:4 131567:5 0:2 131567:5 0:39 131567:5 0:6 131567:5 0:17 131567:8 0:1 131567:11 0:12 131567:3 0:33 544580:5 0:2 544580:5 0:4 544580:2 0:3 544580:1 0:19 131567:1 0:13 131567:1 0:70 131567:5 0:1 131567:5 0:4 131567:4 0:77
C	1090	544580	1114	0:22 131567:1 0:58 131567:2 0:48 131567:4 0:4 131567:5 0:1 131567:5 0:65 131567:1 0:13 131567:1 0:19 544580:1 0:3 544580:2 0:4 544580:5 0:2 544580:5 0:45 131567:11 0:1 131567:5 0:30 131567:5 0:16 131567:4 0:1 131567:5 0:12 131567:5 0:2 131567:5 0:4 131567:5 0:92 131567:1 0:10 131567:2 0:7 131567:1 0:13 131567:1 0:11 131567:1 0:19 131567:4 0:63 131567:4 0:6 131567:4 0:19 131567:5 0:7 131567:8 0:19 131567:4 0:14 131567:4 0:7 131567:2 0:8 131567:5 0:62 131567:4 0:92 131567:1 0:19 131567:1 0:54 2:1 0:78
C	1091	544580	844	0:46 131567:4 0:16 131567:4 0:103 131567:4 0:34 131567:4 0:19 131567:4 0:6 131567:4 0:63 131567:3 0:19 131567:1 0:11 131567:1 0:57 131567:2 0:62 131567:5 0:4 131567:5 0:2 131567:5 0:12 131567:5 0:1 131567:4 0:16 131567:5 0:96 544580:5 0:2 544580:5 0:4 544580:2 0:3 544580:1 0:19 131567:1 0:13 131567:1 0:70 131567:5 0:1 131567:5 0:4 131567:4 0:38
C	1092	544580	847	0:65 131567:4 0:62 131567:5 0:8 131567:2 0:7 131567:4 0:14 131567:4 0:34 131567:4 0:19 131567:4 0:6 131567:4 0:86 131567:1 0:44 131567:1 0:26 131567:2 0:16 131567:1 0:46 131567:5 0:4 131567:5 0:2 131567:5 0:12 131567:5 0:1 131567:4 0:16 131567:5 0:6 131567:5 0:17 131567:8 0:1 131567:11 0:12 131567:3 0:33 544580:5 0:2 544580:5 0:4 544580:2 0:3 544580:1 0:19 131567:1 0:13 131567:1 0:69 131567:5 0:1 131567:5 0:4 131567:4 0:40
C	1093	477697	944	0:246 477697:3 0:13 131567:1 0:18 131567:7 2:6 0:14 131567:5 0:15 2:3 0:22 2:1 0:129 3273430:5 0:60 227086:1 0:29 131567:5 0:3 2:5 0:16 477697:5 0:5 477697:1 0:292
C	1094	544580	842	0:46 131567:4 0:16 131567:4 0:74 131567:2 0:7 131567:4 0:14 131567:4 0:32 131567:5 0:19 131567:4 0:6 131567:5 0:59 131567:4 0:19 131567:1 0:11 131567:1 0:13 131567:1 0:7 131567:2 0:10 131567:1 0:26 131567:2 0:16 131567:1 0:46 131567:5 0:4 131567:5 0:2 131567:5 0:48 131567:5 0:17 131567:8 0:1 131567:11 0:12 131567:3 0:33 544580:5 0:2 544580:5 0:4 544580:2 0:3 544580:1 0:19 131567:1 0:13 131567:1 0:70 131567:5 0:1 131567:5 0:4 131567:4 0:38
C	1095	716546	838	0:229 332648:5 0:2 716545:1 0:22 131567:2 0:13 131567:5 0:4 716546:3 0:34 716546:2 0:9 716546:1 0:105 93133:5 0:81 2707174:5 0:63 131567:1 0:16 131567:5 0:7 131567:4 0:10 131567:2 0:5 716546:4 0:10 716546:1 0:148
C	1096	544580	839	0:38 131567:4 0:16 131567:4 0:86 131567:4 0:14 131567:4 0:19 131567:8 0:7 131567:5 0:19 131567:4 0:6 131567:4 0:63 131567:4 0:19 131567:1 0:11 131567:1 0:13 131567:1 0:7 131567:2 0:10 131567:1 0:43 131567:1 0:46 131567:5 0:4 131567:5 0:2 131567:5 0:12 131567:5 0:1 131567:4 0:16 131567:5 0:6 131567:5 0:17 131567:8 0:1 131567:11 0:12 131567:5 0:32 544580:5 0:2 544580:5 0:4 544580:2 0:3 544580:1 0:101 131567:5 0:1 131567:5 0:4 131567:4 0:37
C	1099	5125	792	0:204 5144:2 0:9 5125:5 0:2 5125:5 0:8 131567:5 0:4 716546:3 0:511
C	1100	544580	981	0:22 131567:1 0:58 131567:2 0:48 131567:4 0:4 131567:5 0:1 131567:5 0:69 131567:1 0:36 544580:2 0:4 544580:5 0:2 544580:5 0:55 131567:3 0:1 131567:8 0:49 131567:5 0:25 131567:5 0:4 131567:5 0:64 131567:1 0:26 131567:1 0:10 131567:2 0:7 131567:1 0:13 131567:1 0:11 131567:1 0:19 131567:4 0:63 131567:4 0:6 131567:4 0:19 131567:5 0:7 131567:8 0:19 131567:4 0:35 131567:5 0:140 131567:5 0:16 131567:1 0:11
C	1101	477697	791	0:285 477697:2 0:343 131567:5 0:122
C	1102	544580	984	0:137 131567:5 0:1 131567:5 0:96 544580:5 0:3 544580:2 0:51 131567:3 0:12 131567:7 0:41 131567:5 0:16 131567:4 0:1 131567:5 0:12 131567:5 0:2 131567:5 0:4 131567:5 0:225 498019:4 0:58 131567:4 0:14 131567:4 0:7 131567:2 0:8 131567:5 0:63 131567:4 0:16 131567:4 0:100
C	1103	40324	932	0:193 477697:2 0:55 477697:3 0:13 131567:1 0:20 40324:5 0:20 131567:5 0:15 2:3 0:149 3273430:5 0:72 40324:5 0:13 131567:5 0:3 2:5 0:306
C	1104	544580	977	0:22 131567:1 0:58 131567:2 0:59 131567:5 0:103 544580:1 0:3 544580:2 0:4 544580:5 0:2 544580:5 0:33 131567:3 0:12 131567:11 0:1 131567:9 0:29 131567:5 0:16 131567:4 0:1 131567:5 0:12 131567:5 0:2 131567:5 0:4 131567:5 0:46 131567:1 0:16 131567:2 0:26 131567:1 0:10 131567:2 0:7 131567:1 0:13 131567:1 0:11 131567:1 0:19 131567:4 0:63 131567:4 0:6 131567:4 0:19 131567:5 0:7 131567:8 0:19 131567:4 0:14 131567:4 0:7 131567:2 0:8 131567:5 0:63 131567:4 0:16 131567:4 0:51 131567:5 0:16 131567:1 0:9
C	1105	477697	1030	0:39 477697:4 0:343 477697:1 0:5 477697:5 0:16 2:5 0:3 131567:5 0:29 227086:1 0:60 3273430:5 0:123 2:1 0:22 2:3 0:15 131567:5 0:14 2:6 131567:7 0:18 131567:1 0:13 477697:3 0:55 477697:2 0:187
C	1106	477697	952	0:188 477697:2 0:55 477697:3 0:13 131567:1 0:20 40324:5 0:20 131567:5 0:41 2:1 0:191 227086:1 0:29 131567:5 0:3 2:5 0:16 477697:5 0:5 477697:1 0:303
C	1107	544580	981	0:20 131567:1 0:58 131567:2 0:131 131567:1 0:13 131567:1 0:19 544580:1 0:3 544580:2 0:4 544580:5 0:2 544580:5 0:33 131567:3 0:12 131567:11 0:1 131567:8 0:17 131567:5 0:6 131567:5 0:16 131567:4 0:1 131567:5 0:12 131567:5 0:2 131567:5 0:4 131567:5 0:46 131567:1 0:16 131567:2 0:26 131567:1 0:10 131567:2 0:7 131567:1 0:13 131567:1 0:11 131567:1 0:19 131567:4 0:63 131567:4 0:6 131567:4 0:19 131567:5 0:7 131567:8 0:19 131567:4 0:14 131567:4 0:7 131567:2 0:8 131567:5 0:83 131567:4 0:51 131567:5 0:16 131567:1 0:19
C	1108	477697	1264	0:259 477697:5 0:388 2:5 0:3 131567:5 0:242 2:3 0:38 40324:5 0:93 477697:2 0:182
C	1109	3273430	923	0:183 477697:2 0:90 40324:4 0:194 3273430:5 0:44 2897774:1 0:45 131567:5 0:3 2:5 0:308
C	1110	544580	971	0:22 131567:1 0:59 131567:1 0:144 131567:1 0:19 544580:1 0:3 544580:4 0:46 131567:3 0:12 131567:11 0:1 131567:8 0:17 131567:5 0:6 131567:5 0:16 131567:4 0:1 131567:5 0:122 131567:1 0:10 131567:2 0:7 131567:1 0:13 131567:1 0:11 131567:1 0:19 131567:4 0:63 131567:4 0:6 131567:4 0:19 131567:5 0:7 131567:8 0:19 131567:4 0:14 131567:4 0:7 131567:2 0:8 131567:5 0:64 131567:4 0:73 131567:5 0:16 131567:1 0:8
C	1111	544580	970	0:131 131567:4 0:4 131567:5 0:1 131567:5 0:70 131567:1 0:13 131567:1 0:19 544580:1 0:3 544580:2 0:4 544580:5 0:2 544580:5 0:44 131567:11 0:1 131567:8 0:17 131567:5 0:6 131567:5 0:16 131567:4 0:1 131567:5 0:94 131567:2 0:67 131567:1 0:19 131567:4 0:63 131567:4 0:6 131567:4 0:19 131567:5 0:7 131567:8 0:47 131567:2 0:8 131567:5 0:64 131567:4 0:16 131567:4 0:84
C	1112	477697	938	0:189 477697:2 0:55 477697:3 0:41 131567:5 0:236 227086:1 0:29 131567:5 0:3 2:5 0:16 477697:5 0:5 477697:1 0:303
C	1113	181124	849	0:45 131567:4 0:16 131567:4 0:63 131567:5 0:8 131567:2 0:7 131567:4 0:14 131567:4 0:19 131567:8 0:7 131567:5 0:87 181124:5 0:125 131567:1 0:45 131567:5 0:34 131567:4 0:16 131567:5 0:6 131567:5 0:17 131567:8 0:1 131567:11 0:12 131567:5 0:72 131567:1 0:79 131567:5 0:1 131567:5 0:4 131567:4 0:37
C	1114	181762	1144	0:88 490731:1 0:425 131567:1 0:177 5338:3 0:60 3239874:1 291208:6 0:43 131567:4 0:26 131567:5 0:30 131567:2 0:223 181762:5 0:1 181762:1 0:8
C	1115	1042133	882	0:354 716546:2 0:9 716546:1 0:28 5125:5 0:15 147550:1 0:53 232080:2 5125:1 0:15 222543:5 0:14 5125:5 0:7 5125:1 0:1 232080:1 5125:5 0:4 5125:2 0:3 131567:2 0:28 2231603:3 0:11 716546:5 0:1 131567:5 0:2 716545:1 0:7 131567:1 0:22 1042133:4 0:1 1042133:3 0:7 131567:5 0:206
C	1116	131567	667	0:3 131567:11 0:1 131567:8 0:17 131567:5 0:6 131567:5 0:153 131567:1 0:10 131567:2 0:7 131567:1 0:13 131567:1 0:11 131567:1 0:19 131567:4 0:63 131567:4 0:6 131567:4 0:19 131567:5 0:7 131567:8 0:19 131567:4 0:14 131567:4 0:7 131567:2 0:8 131567:5 0:63 131567:4 0:16 131567:4 0:88
C	1117	544580	696	0:22 131567:1 0:111 131567:4 0:4 131567:5 0:1 131567:5 0:63 131567:1 0:13 131567:1 0:19 544580:1 0:3 544580:4 0:51 131567:3 0:12 131567:11 0:1 131567:8 0:17 131567:5 0:6 131567:5 0:16 131567:4 0:1 131567:5 0:12 131567:5 0:2 131567:5 0:4 131567:5 0:90 131567:1 0:10 131567:2 0:7 131567:1 0:13 131567:1 0:11 131567:1 0:19 131567:4 0:66
C	1118	490731	1140	0:38 490731:3 0:7 490731:5 0:13 490731:1 0:500 4751:2 0:62 181124:1 0:118 131567:5 0:5 131567:9 0:8 131567:5 0:22 131567:4 0:26 131567:5 0:30 131567:2 0:230 181762:5
C	1119	477697	1288	0:262 477697:5 0:72 1884633:1 0:423 3273430:5 0:150 2:3 0:40 40324:5 0:20 131567:1 0:13 477697:3 0:53 477697:2 0:196
C	1120	131567	846	0:46 131567:4 0:16 131567:4 0:63 131567:5 0:8 131567:2 0:7 131567:4 0:14 131567:4 0:32 131567:5 0:19 131567:4 0:6 131567:4 0:67 131567:2 0:19 131567:1 0:11 131567:1 0:13 131567:1 0:7 131567:2 0:10 131567:1 0:26 131567:2 0:16 131567:1 0:46 131567:5 0:4 131567:5 0:2 131567:5 0:12 131567:5 0:1 131567:4 0:16 131567:5 0:6 131567:5 0:17 131567:8 0:1 131567:11 0:12 131567:5 0:72 131567:1 0:13 131567:1 0:69 131567:5 0:1 131567:5 0:4 131567:4 0:35
C	1121	544580	976	0:23 131567:4 0:104 131567:4 0:78 131567:1 0:13 131567:1 0:19 544580:1 0:3 544580:2 0:4 544580:5 0:41 131567:5 0:12 131567:11 0:1 131567:8 0:17 131567:5 0:6 131567:5 0:37 131567:5 0:2 131567:5 0:4 131567:5 0:46 131567:1 0:44 131567:2 0:129 131567:4 0:6 131567:4 0:19 131567:5 0:7 131567:8 0:19 131567:4 0:213
C	1123	544580	983	0:85 131567:2 0:48 131567:4 0:4 131567:5 0:1 131567:5 0:72 131567:1 0:13 131567:1 0:19 544580:1 0:3 544580:2 0:4 544580:5 0:2 544580:5 0:33 131567:3 0:12 131567:11 0:1 131567:8 0:17 131567:5 0:6 131567:5 0:16 131567:4 0:1 131567:5 0:12 131567:5 0:2 131567:5 0:4 131567:5 0:90 131567:1 0:10 131567:2 0:7 131567:1 0:13 131567:1 0:11 131567:1 0:19 131567:4 0:63 131567:4 0:6 131567:4 0:57 131567:4 0:14 131567:4 0:7 131567:2 0:8 131567:5 0:63 131567:4 0:16 131567:4 0:82
C	1124	544580	853	0:44 131567:4 0:16 131567:4 0:63 131567:5 0:8 131567:2 0:7 131567:4 0:14 131567:4 0:19 131567:8 0:7 131567:5 0:19 131567:4 0:6 131567:4 0:63 131567:3 0:111 131567:1 0:46 131567:5 0:55 131567:5 0:6 131567:5 0:17 131567:8 0:1 131567:11 0:67 544580:1 0:108 131567:5 0:54
C	1125	544580	853	0:46 131567:4 0:16 131567:4 0:63 131567:5 0:8 131567:2 0:7 131567:4 0:14 131567:4 0:32 131567:5 0:19 131567:4 0:6 131567:4 0:65 131567:4 0:19 131567:1 0:11 131567:1 0:13 131567:1 0:7 131567:2 0:10 131567:1 0:26 131567:2 0:16 131567:1 0:46 131567:5 0:4 131567:5 0:2 131567:5 0:12 131567:5 0:1 131567:4 0:16 131567:5 0:6 131567:5 0:17 131567:8 0:1 131567:11 0:12 131567:3 0:33 544580:5 0:2 544580:5 0:4 544580:2 0:3 544580:1 0:19 131567:1 0:13 131567:1 0:71 131567:5 0:1 131567:5 0:4 131567:4 0:40
C	1126	5144	889	0:23 131567:3 0:225 716546:4 0:5 131567:2 0:10 131567:4 0:7 131567:5 0:16 131567:1 0:28 5144:5 131567:3 0:1 716546:5 0:168 131567:6 0:43 716546:1 0:9 716546:2 0:34 716546:3 0:4 131567:5 0:13 131567:2 0:22 716545:1 0:2 332648:2 0:191
C	1127	544580	663	0:34 131567:7 0:7 131567:5 0:19 131567:4 0:6 131567:4 0:63 131567:4 0:19 131567:1 0:11 131567:1 0:13 131567:1 0:7 131567:2 0:10 131567:1 0:26 131567:2 0:16 131567:1 0:46 131567:5 0:4 131567:5 0:2 131567:5 0:12 131567:5 0:1 131567:4 0:16 131567:5 0:6 131567:5 0:17 131567:8 0:1 131567:11 0:12 131567:3 0:44 544580:5 0:4 544580:2 0:3 544580:1 0:19 131567:1 0:13 131567:1 0:70 131567:5 0:1 131567:5 0:4 131567:4 0:10
C	1128	131567	837	0:46 131567:4 0:16 131567:4 0:64 131567:5 0:59 131567:7 0:7 131567:5 0:19 131567:4 0:104 131567:4 0:13 131567:1 0:7 131567:5 0:111 131567:5 0:82 131567:7 0:12 131567:3 0:68 131567:3 0:81 131567:5 0:1 131567:5 0:4 131567:4 0:38
C	1129	715989	760	0:181 131567:2 0:13 131567:5 0:4 716546:3 0:34 716546:2 0:9 716546:1 0:43 131567:6 0:51 332648:5 0:57 37727:1 0:56 716546:5 0:1 131567:3 5144:5 0:28 131567:1 0:16 131567:5 0:7 131567:4 0:10 131567:2 0:5 716546:4 0:157
C	1130	332648	793	0:192 716546:4 0:5 131567:1 0:142 37727:1 0:101 131567:6 0:82 716546:3 0:4 131567:5 0:13 131567:2 0:22 716545:1 0:2 332648:2 0:171
C	1131	1224	949	0:134 1988:1 0:292 3273430:5 0:168 131567:5 0:20 40324:5 0:285
C	1132	131567	846	0:43 131567:4 0:16 131567:4 0:63 131567:5 0:8 131567:2 0:7 131567:4 0:14 131567:4 0:19 131567:8 0:7 131567:5 0:19 131567:4 0:6 131567:4 0:63 131567:4 0:19 131567:1 0:11 131567:1 0:13 131567:1 0:69 131567:1 0:45 131567:5 0:4 131567:5 0:2 131567:5 0:34 131567:5 0:40 131567:7 0:12 131567:3 0:160 131567:5 0:51
C	1133	181762	896	0:212 181762:5 0:53 131567:5 0:9 131567:2 0:12 131567:2 0:18 131567:4 0:35 131567:9 0:1 131567:9 0:58 5338:3 0:21 456999:2 0:138 131567:1 0:3 131567:5 0:3 131567:5 0:19 131567:4 0:12 1349767:1 0:211
C	1134	131567	831	0:67 131567:4 0:71 131567:2 0:7 131567:4 0:14 131567:4 0:19 131567:8 0:7 131567:5 0:19 131567:4 0:6 131567:4 0:166 131567:1 0:45 131567:5 0:4 131567:5 0:2 131567:5 0:36 131567:5 0:6 131567:5 0:17 131567:4 0:103 131567:1 0:142
C	1135	3273430	946	0:249 477697:3 0:13 131567:1 0:20 40324:5 0:40 2:3 0:41 3273430:5 0:104 3273430:5 0:93 131567:5 0:3 2:5 0:317
C	1136	544580	844	0:47 131567:4 0:16 131567:4 0:62 131567:5 0:8 131567:2 0:61 131567:5 0:19 131567:4 0:74 131567:4 0:19 131567:1 0:11 131567:1 0:13 131567:1 0:165 131567:5 0:6 131567:5 0:17 131567:7 0:60 544580:5 0:2 544580:5 0:4 544580:2 0:3 544580:1 0:19 131567:1 0:13 131567:1 0:71 131567:5 0:1 131567:5 0:4 131567:4 0:38
C	1137	477697	634	0:338 477697:5 0:34 477697:4 0:219
C	1138	544580	848	0:46 131567:4 0:16 131567:4 0:63 131567:5 0:8 131567:2 0:7 131567:4 0:14 131567:4 0:34 131567:4 0:19 131567:4 0:6 131567:4 0:40 498019:5 0:5 131567:5 0:9 131567:4 0:19 131567:1 0:11 131567:1 0:13 131567:1 0:7 131567:2 0:10 131567:1 0:27 131567:1 0:62 131567:5 0:4 131567:5 0:2 131567:5 0:12 131567:5 0:1 131567:4 0:16 131567:5 0:6 131567:5 0:17 131567:7 0:59 544580:5 0:2 544580:5 0:4 544580:2 0:3 544580:1 0:19 131567:1 0:13 131567:1 0:71 131567:5 0:1 131567:5 0:4 131567:4 0:38
C	1139	544580	942	0:22 131567:1 0:109 131567:4 0:4 131567:5 0:1 131567:5 0:97 544580:1 0:3 544580:2 0:4 544580:5 0:2 544580:5 0:80 131567:5 0:6 131567:5 0:148 131567:1 0:10 131567:2 0:7 131567:1 0:13 131567:1 0:11 131567:1 0:19 131567:4 0:64 131567:4 0:19 131567:5 0:7 131567:8 0:19 131567:4 0:14 131567:4 0:7 131567:2 0:167
C	1140	2	1014	0:100 1762:2 0:245 131567:7 2:6 0:14 131567:5 0:15 2:3 0:22 2:1 0:123 3273430:5 0:60 227086:1 0:29 131567:5 0:3 2:5 0:16 477697:5 0:308
C	1141	544580	913	0:41 131567:1 0:16 131567:5 0:51 131567:4 0:16 131567:4 0:62 131567:5 0:34 131567:4 0:19 131567:8 0:7 131567:5 0:19 131567:4 0:6 131567:4 0:61 131567:4 0:55 131567:2 0:37 131567:1 0:16 131567:1 0:116 131567:5 0:17 131567:8 0:1 131567:11 0:12 131567:3 0:49 544580:2 0:3 544580:1 0:101 131567:5 0:1 131567:5 0:4 131567:4 0:39
C	1142	3273430	1011	0:382 2:5 0:3 131567:5 0:29 227086:1 0:60 3273430:5 0:124 2:3 0:40 131567:5 0:315
C	1143	544580	849	0:46 131567:4 0:16 131567:4 0:75 131567:2 0:7 131567:4 0:14 131567:4 0:19 131567:8 0:7 131567:5 0:19 131567:4 0:6 131567:4 0:176 131567:1 0:61 131567:5 0:12 131567:5 0:1 131567:4 0:16 131567:5 0:6 131567:5 0:17 131567:4 0:27 131567:3 0:33 544580:5 0:2 544580:5 0:4 544580:2 0:3 544580:1 0:19 131567:1 0:13 131567:1 0:70 131567:5 0:1 131567:5 0:4 131567:4 0:41
C	1144	131567	534	0:37 131567:4 0:4 131567:5 0:1 131567:5 0:158 131567:3 0:12 131567:11 0:1 131567:8 0:17 131567:5 0:6 131567:5 0:16 131567:4 0:1 131567:5 0:12 131567:5 0:2 131567:5 0:4 131567:5 0:46 131567:1 0:16 131567:2 0:26 131567:1 0:10 131567:2 0:7 131567:1 0:13 131567:1 0:11 131567:1 0:21
C	1145	131567	843	0:47 131567:4 0:16 131567:4 0:73 131567:2 0:87 131567:4 0:6 131567:4 0:67 4956:5 0:26 131567:1 0:33 131567:1 0:93 131567:5 0:4 131567:5 0:2 131567:5 0:18 131567:4 0:52 131567:12 0:12 131567:3 0:33 544580:5 0:36 131567:1 0:13 131567:1 0:68 131567:5 0:1 131567:5 0:4 131567:4 0:38
C	1146	544580	841	0:47 131567:4 0:16 131567:4 0:63 131567:5 0:8 131567:2 0:7 131567:4 0:14 131567:4 0:19 131567:8 0:7 131567:5 0:19 131567:4 0:6 131567:4 0:63 131567:4 0:19 131567:1 0:45 131567:1 0:148 131567:5 0:88 544580:5 0:2 544580:5 0:4 544580:2 0:3 544580:1 0:19 131567:1 0:13 131567:1 0:70 131567:5 0:1 131567:5 0:4 131567:4 0:38
C	1147	544580	858	0:48 131567:4 0:16 131567:4 0:63 131567:5 0:8 131567:2 0:7 131567:4 0:14 131567:4 0:19 131567:8 0:7 131567:5 0:19 131567:4 0:80 131567:4 0:19 131567:1 0:11 131567:1 0:13 131567:1 0:7 131567:2 0:10 131567:1 0:26 131567:2 0:16 131567:1 0:104 131567:5 0:6 131567:5 0:17 131567:8 0:1 131567:11 0:12 131567:3 0:33 544580:5 0:2 544580:5 0:4 544580:2 0:3 544580:1 0:19 131567:1 0:13 131567:1 0:70 131567:5 0:1 131567:5 0:4 131567:4 0:38
C	1148	544580	848	0:43 131567:4 0:16 131567:4 0:105 131567:4 0:135 131567:4 0:19 131567:1 0:70 131567:2 0:78 131567:5 0:40 131567:5 0:6 131567:5 0:17 131567:8 0:1 131567:11 0:12 131567:3 0:33 544580:5 0:2 544580:5 0:4 544580:2 0:3 544580:1 0:19 131567:1 0:13 131567:1 0:70 131567:5 0:1 131567:5 0:4 131567:4 0:38
C	1149	544580	848	0:45 131567:4 0:16 131567:4 0:63 131567:5 0:8 131567:2 0:7 131567:4 0:14 131567:4 0:19 131567:8 0:31 131567:4 0:6 131567:4 0:63 131567:4 0:53 131567:2 0:10 131567:1 0:92 131567:2 0:4 131567:5 0:2 131567:5 0:12 131567:5 0:1 131567:4 0:16 131567:5 0:6 131567:5 0:17 131567:8 0:1 131567:11 0:49 544580:5 0:2 544580:5 0:4 544580:2 0:3 544580:1 0:19 131567:1 0:13 131567:1 0:71 131567:5 0:1 131567:5 0:4 131567:4 0:37
C	1150	131567	919	0:81 131567:2 0:135 131567:1 0:13 131567:1 0:71 131567:3 0:12 131567:11 0:1 131567:8 0:50 131567:4 0:1 131567:5 0:72 131567:1 0:43 131567:1 0:10 131567:2 0:7 131567:1 0:124 131567:8 0:47 131567:2 0:8 131567:5 0:155
C	1151	477697	636	0:2 477697:4 0:345 477697:1 0:5 477697:5 0:16 2:5 0:3 131567:5 0:29 227086:1 0:61 3273430:5 0:115
C	1152	544580	845	0:46 131567:4 0:16 131567:4 0:63 131567:5 0:8 131567:2 0:7 131567:4 0:14 131567:4 0:19 131567:8 0:7 131567:5 0:19 131567:4 0:6 131567:4 0:97 131567:1 0:13 131567:1 0:7 131567:2 0:96 131567:5 0:4 131567:5 0:2 131567:5 0:31 5204:5 0:36 131567:8 0:1 131567:11 0:48 544580:5 0:2 544580:5 0:4 544580:2 0:3 544580:1 0:19 131567:1 0:86 131567:5 0:1 131567:5 0:4 131567:4 0:37
C	1153	544580	956	0:206 131567:1 0:19 544580:1 0:3 544580:2 0:4 544580:5 0:2 544580:5 0:33 131567:3 0:12 131567:11 0:1 131567:8 0:17 131567:5 0:6 131567:5 0:16 131567:4 0:1 131567:5 0:12 131567:5 0:2 131567:5 0:56 131567:1 0:16 131567:2 0:26 131567:1 0:10 131567:2 0:7 131567:1 0:13 131567:1 0:11 131567:1 0:19 131567:4 0:63 131567:4 0:6 131567:4 0:19 131567:5 0:7 131567:8 0:19 131567:4 0:14 131567:1 0:89 131567:4 0:16 131567:4 0:85
C	1154	5144	623	0:32 131567:2 0:13 131567:5 0:4 716546:3 0:34 716546:2 0:9 716546:1 0:161 37727:1 0:56 716546:5 0:1 131567:3 5144:5 0:28 131567:1 0:16 131567:5 0:7 131567:4 0:10 131567:2 0:5 716546:4 0:170
C	1155	544580	705	0:13 131567:5 0:8 131567:2 0:7 131567:4 0:37 131567:7 0:7 131567:5 0:19 131567:4 0:6 131567:4 0:97 131567:1 0:59 131567:2 0:64 131567:5 0:4 131567:5 0:2 131567:5 0:12 131567:5 0:1 131567:4 0:45 131567:4 0:24 131567:5 0:31 544580:5 0:2 544580:5 0:4 544580:2 0:3 544580:1 0:19 131567:1 0:13 131567:1 0:69 131567:5 0:1 131567:5 0:4 131567:4 0:24
C	1156	569360	889	0:47 131567:1 147550:2 0:28 147550:1 0:218 716545:1 0:5 131567:5 0:16 131567:1 0:28 5144:5 131567:3 0:1 716546:5 0:204 716546:1 0:51 716546:3 0:4 131567:5 0:8 5125:5 0:2 5125:5 0:9 5144:2 0:175 569360:5 0:9
C	1157	544580	905	0:22 131567:1 0:58 131567:2 0:54 131567:5 0:1 131567:5 0:70 131567:1 0:13 131567:1 0:19 544580:1 0:3 544580:2 0:4 544580:5 0:2 544580:5 0:30 131567:5 0:12 131567:8 0:29 131567:5 0:6 131567:5 0:16 131567:4 0:1 131567:5 0:12 131567:5 0:2 131567:5 0:4 131567:5 0:46 131567:1 0:16 131567:2 0:26 131567:1 0:10 131567:2 0:7 131567:1 0:13 131567:1 0:11 131567:1 0:19 131567:4 0:63 131567:4 0:6 131567:4 0:19 131567:5 0:7 131567:8 0:19 131567:4 0:14 131567:4 0:7 131567:2 0:8 131567:5 0:63 131567:4 0:16 131567:4 0:11
C	1158	544580	848	0:46 131567:4 0:16 131567:4 0:63 131567:5 0:8 131567:2 0:7 131567:4 0:14 131567:4 0:19 131567:8 0:7 131567:5 0:65 451864:2 0:9 2759:1 0:18 131567:4 0:19 131567:1 0:11 131567:1 0:13 131567:1 0:7 131567:2 0:10 131567:1 0:93 131567:5 0:4 131567:5 0:2 131567:5 0:47 131567:5 0:17 131567:8 0:1 131567:11 0:12 131567:3 0:40 544580:5 0:4 544580:2 0:3 544580:1 0:19 131567:1 0:13 131567:1 0:69 131567:5 0:1 131567:5 0:4 131567:4 0:38
C	1159	1423913	1068	0:239 1423913:5 0:6 131567:2 0:62 131567:4 0:22 131567:3 0:84 5338:3 0:183 131567:1 0:10 131567:3 0:407
C	1160	544580	985	0:22 131567:1 0:58 131567:2 0:48 131567:4 0:4 131567:5 0:108 544580:1 0:119 131567:5 0:16 131567:4 0:1 131567:5 0:12 131567:5 0:62 131567:1 0:16 131567:2 0:26 131567:1 0:10 131567:2 0:7 131567:1 0:13 131567:1 0:11 131567:1 0:19 131567:4 0:63 131567:4 0:6 131567:4 0:19 131567:5 0:7 131567:7 0:20 131567:4 0:14 131567:4 0:7 131567:2 0:8 131567:5 0:140 131567:2 0:16 131567:1 0:16
C	1161	544580	864	0:71 2916397:5 0:91 131567:2 0:7 131567:4 0:14 131567:4 0:19 131567:8 0:7 131567:5 0:19 131567:4 0:6 131567:4 0:85 131567:1 0:11 131567:1 0:119 131567:5 0:4 131567:5 0:2 131567:5 0:12 131567:5 0:1 131567:4 0:50 131567:8 0:1 131567:11 0:12 131567:3 0:33 544580:5 0:2 544580:5 0:4 544580:2 0:3 544580:1 0:103 131567:5 0:1 131567:5 0:4 131567:4 0:38
C	1162	5302	1164	0:41 490731:3 0:7 490731:5 0:13 490731:1 0:435 131567:3 0:10 131567:1 0:56 4751:2 0:62 181124:1 0:59 5338:3 0:57 131567:5 0:5 131567:9 0:8 131567:5 0:22 131567:4 0:26 131567:5 0:30 131567:2 0:232 181762:5 0:1 181762:1 0:11
C	1163	490731	1157	0:41 490731:3 0:7 490731:5 0:13 490731:1 0:436 131567:3 0:10 131567:1 0:53 4751:2 0:121 5338:3 0:58 131567:5 0:5 131567:4 0:40 131567:4 0:26 131567:5 0:277
C	1164	544580	1432	0:46 131567:4 0:16 131567:4 0:85 131567:4 0:14 131567:4 0:19 131567:8 0:7 131567:5 0:19 131567:4 0:6 131567:4 0:63 131567:4 0:19 131567:1 0:11 131567:1 0:13 131567:1 0:7 131567:2 0:10 131567:1 0:26 131567:2 0:16 131567:1 0:46 131567:5 0:4 131567:5 0:19 131567:5 0:1 131567:3 0:17 131567:5 0:6 131567:5 0:17 131567:8 0:1 131567:11 0:48 544580:5 0:2 544580:5 0:4 544580:2 0:3 544580:1 0:19 131567:1 0:13 131567:1 0:256 37727:1 0:452
C	1165	3273430	1010	0:2 477697:4 0:380 131567:5 0:29 227086:1 0:60 3273430:5 0:157 2:3 0:15 131567:5 0:14 2:6 131567:7 0:283
C	1166	544580	844	0:46 131567:4 0:16 131567:4 0:63 131567:5 0:38 131567:1 0:19 131567:8 0:104 131567:4 0:19 131567:1 0:11 131567:1 0:13 131567:1 0:7 131567:2 0:10 131567:1 0:26 131567:1 0:79 131567:5 0:12 131567:5 0:1 131567:4 0:16 131567:5 0:6 131567:5 0:17 131567:8 0:1 131567:11 0:12 131567:3 0:33 544580:5 0:2 544580:5 0:4 544580:2 0:3 544580:1 0:19 131567:1 0:13 131567:1 0:69 131567:5 0:1 131567:5 0:4 131567:4 0:38
C	1167	40324	944	0:347 2:5 0:3 131567:5 0:13 40324:5 0:244 131567:5 0:20 40324:5 0:20 131567:1 0:13 477697:3 0:55 477697:2 0:164
C	1168	5125	915	0:67 147550:1 0:233 716545:1 0:5 131567:5 0:280 2093780:2 0:40 716546:3 0:4 131567:5 0:8 5125:5 0:2 5125:5 0:215
C	1169	544580	978	0:167 131567:4 0:16 131567:4 0:73 131567:2 0:7 131567:4 0:14 131567:4 0:19 131567:8 0:7 131567:5 0:19 131567:4 0:6 131567:4 0:50 181124:5 0:79 131567:1 0:26 131567:2 0:68 131567:5 0:56 131567:5 0:6 131567:5 0:17 131567:8 0:61 544580:5 0:2 544580:5 0:4 544580:2 0:3 544580:1 0:19 131567:1 0:13 131567:1 0:87 131567:4 0:36
C	1170	131567	1091	0:240 131567:5 0:30 131567:2 0:29 131567:4 0:288 131567:1 0:10 131567:3 0:445
C	1171	544580	960	0:22 131567:1 0:107 131567:4 0:4 131567:5 0:1 131567:5 0:69 131567:1 0:13 131567:1 0:19 544580:1 0:3 544580:2 0:4 544580:5 0:2 544580:5 0:61 131567:8 0:17 131567:5 0:6 131567:5 0:16 131567:4 0:1 131567:5 0:12 131567:5 0:2 131567:5 0:4 131567:5 0:124 131567:1 0:11 131567:1 0:86 131567:4 0:6 131567:4 0:19 131567:5 0:7 131567:8 0:19 131567:4 0:14 131567:4 0:7 131567:2 0:8 131567:5 0:47 284811:5 0:9 131567:4 0:87
C	1172	544580	977	0:22 131567:1 0:58 131567:2 0:48 131567:4 0:4 131567:5 0:1 131567:5 0:68 131567:1 0:13 131567:1 0:19 544580:1 0:3 544580:2 0:4 544580:5 0:2 544580:5 0:33 131567:3 0:12 131567:8 0:40 131567:5 0:43 131567:5 0:4 131567:5 0:46 131567:1 0:16 131567:2 0:69 131567:1 0:19 131567:4 0:152 131567:4 0:7 131567:2 0:8 131567:5 0:62 131567:4 0:16 131567:4 0:89
C	1173	477697	976	0:352 2:5 0:3 131567:5 0:238 2:3 0:15 131567:5 0:45 131567:1 0:13 477697:3 0:56 477697:2 0:196
C	1174	181762	957	0:23 131567:3 0:5 5204:2 0:273 131567:3 0:10 131567:1 0:5 131567:5 0:3 131567:5 0:3 131567:1 0:138 456999:2 0:82 131567:5 0:5 131567:9 0:8 131567:5 0:22 131567:4 0:18 131567:2 0:12 131567:2 0:9 131567:5 0:49 181762:1 0:3 181762:5 0:195
C	1175	296543	845	0:46 131567:4 0:80 131567:5 0:8 131567:2 0:7 131567:4 0:14 131567:4 0:19 131567:8 0:7 131567:5 0:19 131567:4 0:6 131567:4 0:17 296543:4 0:41 131567:4 0:19 131567:1 0:11 131567:1 0:13 131567:1 0:7 131567:2 0:10 131567:1 0:26 131567:2 0:16 131567:1 0:47 131567:5 0:4 131567:5 0:45 131567:5 0:6 131567:5 0:17 131567:8 0:1 131567:11 0:87 131567:1 0:13 131567:1 0:70 131567:5 0:1 131567:5 0:4 131567:4 0:38
C	1176	181762	1139	0:482 131567:3 0:10 131567:1 0:56 4751:2 0:62 181124:1 0:118 131567:5 0:5 131567:9 0:8 131567:5 0:22 131567:4 0:26 131567:5 0:262 181762:5 0:1 181762:1 0:12
C	1177	544580	1043	0:22 131567:1 0:59 131567:2 0:48 131567:4 0:4 131567:5 0:1 131567:5 0:103 544580:1 0:3 544580:2 0:4 544580:5 0:2 544580:5 0:33 131567:3 0:82 131567:2 0:1 131567:5 0:12 131567:5 0:154 131567:1 0:23 1071383:2 0:143 131567:4 0:14 131567:4 0:7 131567:2 0:8 131567:5 0:223
C	1178	131567	850	0:47 131567:4 0:16 131567:4 0:72 131567:2 0:7 131567:4 0:14 131567:4 0:19 131567:8 0:7 131567:5 0:19 131567:4 0:6 131567:4 0:86 131567:1 0:11 131567:1 0:13 131567:1 0:7 131567:2 0:10 131567:1 0:26 131567:2 0:16 131567:1 0:57 131567:5 0:2 131567:5 0:12 131567:5 0:1 131567:4 0:16 131567:5 0:6 131567:5 0:17 131567:4 0:106 131567:1 0:13 131567:1 0:70 131567:5 0:1 131567:5 0:4 131567:4 0:38
C	1179	131567	832	0:43 131567:4 0:16 131567:4 0:62 131567:5 0:8 131567:2 0:7 131567:4 0:14 131567:4 0:32 131567:5 0:94 131567:4 0:19 131567:1 0:34 131567:2 0:10 131567:2 0:83 131567:5 0:4 131567:5 0:2 131567:5 0:38 131567:5 0:6 131567:5 0:17 131567:8 0:1 131567:11 0:12 131567:3 0:212
C	1180	544580	853	0:46 131567:4 0:16 131567:4 0:63 131567:5 0:8 131567:2 0:7 131567:4 0:14 131567:4 0:19 131567:8 0:7 131567:5 0:19 131567:4 0:6 131567:4 0:62 131567:4 0:19 131567:1 0:11 131567:1 0:13 131567:1 0:7 131567:2 0:10 131567:1 0:26 131567:2 0:16 131567:1 0:47 131567:5 0:4 131567:5 0:2 131567:5 0:40 131567:5 0:6 131567:5 0:17 131567:8 0:1 131567:11 0:12 131567:3 0:33 544580:5 0:2 544580:5 0:4 544580:2 0:3 544580:1 0:19 131567:1 0:13 131567:1 0:71 131567:5 0:1 131567:5 0:4 131567:4 0:38
C	1181	131567	957	0:125 131567:4 0:166 131567:3 0:61 131567:5 0:16 131567:4 0:1 131567:5 0:12 131567:5 0:2 131567:5 0:4 131567:5 0:46 131567:1 0:16 131567:2 0:26 131567:1 0:10 131567:2 0:7 131567:1 0:13 131567:1 0:93 131567:4 0:6 131567:4 0:179 131567:4 0:84
C	1182	544580	847	0:46 131567:4 0:16 131567:4 0:63 131567:5 0:8 131567:2 0:7 131567:4 0:14 131567:4 0:19 131567:8 0:7 131567:5 0:19 131567:4 0:6 131567:4 0:95 131567:1 0:13 131567:1 0:7 131567:2 0:10 131567:1 0:26 131567:2 0:16 131567:1 0:46 131567:5 0:4 131567:5 0:2 131567:5 0:39 131567:5 0:6 131567:5 0:17 131567:8 0:1 131567:11 0:12 131567:3 0:33 544580:5 0:2 544580:5 0:4 544580:2 0:3 544580:1 0:19 131567:1 0:13 131567:1 0:70 131567:5 0:1 131567:5 0:4 131567:4 0:37
C	1183	181762	1066	0:8 181762:1 0:1 181762:5 0:232 131567:2 0:30 131567:5 0:26 131567:4 0:22 131567:5 0:8 131567:9 0:5 131567:5 0:58 5338:3 0:59 181124:1 0:62 4751:2 0:56 131567:1 0:10 131567:3 0:409
C	1184	544580	851	0:46 131567:4 0:16 131567:4 0:63 131567:5 0:8 131567:2 0:7 131567:4 0:14 131567:4 0:19 131567:8 0:7 131567:5 0:19 131567:4 0:6 131567:4 0:97 131567:1 0:13 131567:1 0:7 131567:2 0:10 131567:1 0:26 131567:2 0:16 131567:1 0:46 131567:5 0:4 131567:5 0:2 131567:5 0:38 131567:5 0:6 131567:5 0:17 131567:8 0:1 131567:11 0:12 131567:3 0:41 544580:5 0:4 544580:2 0:3 544580:1 0:19 131567:1 0:13 131567:1 0:70 131567:5 0:1 131567:5 0:4 131567:4 0:39
C	1185	477697	943	0:241 477697:3 0:13 131567:1 0:18 131567:7 2:6 0:182 3273430:5 0:60 227086:1 0:29 131567:5 0:3 2:5 0:16 477697:5 0:5 477697:1 0:303
C	1186	3273430	937	0:241 477697:3 0:13 131567:1 0:18 131567:7 2:4 0:61 2:1 0:49 3273430:2 0:76 3273430:5 0:96 2:5 0:321
C	1187	181762	998	0:23 131567:3 0:5 5204:2 0:312 131567:1 0:5 131567:5 0:3 131567:5 0:3 131567:1 0:176 181762:3 0:123 131567:2 0:12 131567:2 0:9 131567:5 0:264
C	1188	477697	920	0:187 477697:2 0:55 477697:3 0:13 131567:1 0:18 131567:7 2:6 0:14 131567:5 0:15 2:3 0:22 2:1 0:127 3273430:5 0:60 227086:1 0:29 131567:5 0:3 2:5 0:16 477697:5 0:5 477697:1 0:272
C	1189	544580	973	0:22 131567:1 0:58 131567:2 0:48 131567:4 0:4 131567:5 0:1 131567:5 0:69 131567:1 0:13 131567:1 0:19 544580:1 0:3 544580:2 0:4 544580:5 0:2 544580:5 0:94 131567:5 0:16 131567:4 0:1 131567:5 0:12 131567:5 0:2 131567:5 0:56 131567:1 0:16 131567:2 0:26 131567:1 0:10 131567:2 0:7 131567:1 0:13 131567:1 0:11 131567:1 0:19 131567:4 0:63 131567:4 0:6 131567:4 0:19 131567:5 0:7 131567:8 0:19 131567:4 0:8 1156497:5 0:161 131567:5 0:16 131567:1 0:9
C	1190	544580	845	0:46 131567:4 0:16 131567:4 0:65 131567:5 0:8 131567:2 0:7 131567:4 0:14 131567:4 0:19 131567:8 0:7 131567:5 0:19 131567:4 0:67 131567:4 0:19 131567:1 0:11 131567:1 0:13 131567:1 0:7 131567:2 0:10 131567:1 0:90 131567:5 0:4 131567:5 0:2 131567:5 0:12 131567:5 0:1 131567:4 0:16 131567:5 0:6 131567:5 0:17 131567:8 0:1 131567:11 0:48 544580:5 0:2 544580:5 0:4 544580:2 0:3 544580:1 0:19 131567:1 0:13 131567:1 0:70 131567:5 0:1 131567:5 0:4 131567:4 0:38
C	1192	544580	838	0:65 131567:4 0:73 131567:2 0:7 131567:4 0:14 131567:4 0:19 131567:8 0:7 131567:5 0:19 131567:4 0:6 131567:4 0:63 131567:3 0:19 131567:1 0:11 131567:1 0:13 131567:1 0:7 131567:2 0:10 131567:1 0:26 131567:2 0:16 131567:1 0:114 131567:5 0:17 131567:8 0:60 544580:5 0:2 544580:5 0:4 544580:2 0:3 544580:1 0:113 131567:5 0:38
C	1193	40324	981	0:2 477697:4 0:348 2:5 0:3 131567:5 0:13 40324:5 0:72 3273430:5 0:149 2:3 0:15 131567:5 0:20 40324:5 0:20 131567:1 0:13 477697:3 0:55 477697:2 0:194
C	1194	1224	983	0:2 477697:4 0:449 3273430:5 0:150 2:3 0:15 131567:5 0:20 40324:5 0:291
C	1195	544580	1057	0:149 131567:2 0:48 131567:4 0:4 131567:5 0:1 131567:5 0:70 131567:1 0:13 131567:1 0:19 544580:1 0:3 544580:2 0:4 544580:5 0:2 544580:5 0:33 131567:3 0:12 131567:11 0:1 131567:8 0:50 131567:4 0:1 131567:5 0:12 131567:5 0:2 131567:5 0:4 131567:5 0:46 131567:1 0:16 131567:2 0:26 131567:1 0:10 131567:2 0:7 131567:1 0:13 131567:1 0:11 131567:1 0:85 131567:4 0:6 131567:4 0:19 131567:5 0:7 131567:8 0:19 131567:4 0:14 131567:4 0:7 131567:2 0:8 131567:5 0:63 131567:4 0:16 131567:4 0:51 131567:4 0:17 131567:1 0:19
C	1196	544580	980	0:22 131567:1 0:58 131567:2 0:48 131567:4 0:4 131567:5 0:1 131567:5 0:69 131567:1 0:13 131567:1 0:19 544580:1 0:3 544580:2 0:4 544580:5 0:2 544580:5 0:33 131567:3 0:59 131567:5 0:16 131567:4 0:1 131567:5 0:96 131567:1 0:27 131567:1 0:10 131567:2 0:7 131567:1 0:13 131567:1 0:11 131567:1 0:19 131567:4 0:72 131567:4 0:56 131567:4 0:14 131567:4 0:7 131567:2 0:8 131567:5 0:63 131567:4 0:108
C	1197	296543	839	0:46 131567:4 0:16 131567:4 0:63 131567:5 0:8 131567:2 0:7 131567:4 0:14 131567:4 0:34 131567:4 0:19 131567:4 0:6 131567:4 0:19 296543:2 0:41 131567:4 0:110 131567:1 0:46 131567:5 0:4 131567:5 0:2 131567:5 0:35 131567:5 0:6 131567:5 0:47 131567:3 0:155 131567:5 0:1 131567:5 0:4 131567:4 0:38
C	1198	544580	853	0:66 131567:4 0:62 131567:5 0:8 131567:2 0:7 131567:4 0:14 131567:4 0:19 131567:8 0:7 131567:5 0:19 131567:4 0:6 131567:4 0:63 131567:4 0:19 131567:1 0:34 131567:2 0:10 131567:1 0:93 131567:5 0:4 131567:5 0:2 131567:5 0:39 131567:5 0:6 131567:5 0:17 131567:8 0:1 131567:11 0:48 544580:5 0:2 544580:5 0:4 544580:2 0:3 544580:1 0:19 131567:1 0:13 131567:1 0:69 131567:5 0:1 131567:5 0:4 131567:4 0:39
C	1199	544580	981	0:21 143232:2 0:234 544580:5 0:2 544580:5 0:85 131567:5 0:6 131567:5 0:16 131567:4 0:1 131567:5 0:97 131567:1 0:72 131567:1 0:88 131567:4 0:6 131567:4 0:19 131567:5 0:7 131567:8 0:19 131567:4 0:179 131567:5 0:16 131567:1 0:15
C	1200	181762	1167	0:69 490731:1 0:436 131567:3 0:10 131567:1 0:118 181124:1 0:59 5338:3 0:52 1071382:5 0:4 131567:5 0:5 131567:9 0:8 131567:5 0:22 131567:4 0:26 131567:5 0:30 131567:2 0:232 181762:5 0:1 181762:1 0:11
C	1201	477697	1215	0:185 9606:5 0:264 477697:2 0:55 477697:3 0:13 131567:1 0:18 131567:7 2:4 0:187 3273430:5 0:90 131567:5 0:3 2:5 0:16 477697:5 0:5 477697:1 0:302
C	1202	131567	841	0:47 131567:4 0:16 131567:4 0:88 131567:1 0:14 131567:4 0:32 131567:5 0:19 131567:4 0:6 131567:4 0:94 131567:1 0:123 131567:5 0:4 131567:5 0:43 131567:5 0:6 131567:5 0:33 131567:5 0:12 131567:3 0:73 131567:1 0:84 131567:5 0:1 131567:5 0:4 131567:4 0:38
C	1203	131567	900	0:21 131567:5 0:112 131567:5 0:138 131567:5 0:12 131567:11 0:1 131567:8 0:17 131567:5 0:6 131567:5 0:16 131567:4 0:1 131567:5 0:12 131567:5 0:3 131567:2 0:104 131567:1 0:11 131567:1 0:19 131567:4 0:91 131567:5 0:7 131567:8 0:19 131567:4 0:29 131567:5 0:159
C	1205	544580	709	0:46 131567:4 0:16 131567:4 0:63 131567:5 0:8 131567:2 0:7 131567:4 0:14 131567:4 0:19 131567:8 0:7 131567:5 0:19 131567:4 0:6 131567:4 0:63 131567:4 0:19 131567:1 0:11 131567:1 0:13 131567:1 0:7 131567:2 0:10 131567:1 0:26 131567:2 0:16 131567:1 0:46 131567:5 0:4 131567:5 0:2 131567:5 0:12 131567:5 0:1 131567:4 0:16 131567:5 0:6 131567:5 0:17 131567:8 0:1 131567:11 0:12 131567:3 0:33 544580:5 0:37
C	1206	131567	843	0:46 131567:4 0:16 131567:4 0:62 131567:5 0:8 131567:2 0:7 131567:4 0:14 131567:4 0:19 131567:8 0:7 131567:5 0:19 131567:4 0:6 131567:4 0:63 131567:4 0:19 131567:1 0:11 131567:1 0:13 131567:1 0:7 131567:2 0:36 131567:2 0:16 131567:1 0:46 131567:5 0:4 131567:5 0:2 131567:5 0:12 131567:5 0:1 131567:4 0:16 131567:5 0:6 131567:5 0:17 131567:8 0:1 131567:11 0:88 131567:1 0:13 131567:1 0:67 131567:5 0:1 131567:5 0:4 131567:4 0:37
C	1207	40324	971	0:2 477697:4 0:348 131567:5 0:13 40324:5 0:72 3273430:5 0:150 2:3 0:15 131567:5 0:20 40324:5 0:20 131567:1 0:13 477697:3 0:55 477697:2 0:191
C	1208	544580	997	0:248 131567:1 0:19 544580:1 0:3 544580:2 0:4 544580:5 0:2 544580:5 0:45 131567:5 0:33 131567:5 0:6 131567:5 0:16 131567:4 0:1 131567:5 0:12 131567:5 0:2 131567:5 0:4 131567:5 0:46 131567:1 0:16 131567:2 0:26 131567:1 0:10 131567:2 0:7 131567:1 0:13 131567:1 0:11 131567:1 0:19 131567:4 0:63 131567:4 0:6 131567:4 0:19 131567:5 0:7 131567:8 0:19 131567:4 0:14 131567:4 0:7 131567:2 0:8 131567:5 0:63 131567:4 0:16 131567:4 0:51 131567:5 0:16 131567:1 0:15
C	1209	181762	1064	0:8 181762:1 0:1 181762:3 0:232 131567:2 0:30 131567:5 0:26 131567:4 0:112 5338:3 0:59 181124:1 0:62 4751:2 0:56 131567:1 0:10 131567:3 0:409
C	1211	544580	851	0:47 131567:4 0:16 131567:4 0:139 131567:4 0:19 131567:4 0:6 131567:4 0:63 131567:4 0:30 131567:1 0:13 131567:1 0:7 131567:2 0:10 131567:1 0:100 131567:5 0:2 131567:5 0:12 131567:5 0:1 131567:4 0:16 131567:5 0:6 131567:5 0:17 131567:8 0:1 131567:11 0:51 544580:5 0:2 544580:5 0:4 544580:2 0:3 544580:1 0:19 131567:1 0:13 131567:1 0:71 131567:5 0:1 131567:5 0:4 131567:4 0:38
C	1212	544580	846	0:44 131567:4 0:16 131567:4 0:63 131567:5 0:8 131567:2 0:49 131567:8 0:7 131567:5 0:19 131567:4 0:6 131567:4 0:63 131567:3 0:19 131567:1 0:11 131567:1 0:182 131567:5 0:6 131567:5 0:17 131567:4 0:63 544580:5 0:37 131567:1 0:13 131567:1 0:76 131567:5 0:4 131567:4 0:38
C	1213	181762	1159	0:550 181124:5 0:198 131567:5 0:5 131567:9 0:8 131567:5 0:50 131567:5 0:30 131567:2 0:229 181762:5 0:1 181762:1 0:17
C	1214	477697	997	0:348 477697:1 0:5 477697:5 0:16 2:5 0:38 227086:1 0:60 3273430:5 0:186 2:6 131567:7 0:18 131567:1 0:71 477697:2 0:188
C	1215	544580	967	0:23 131567:5 0:54 131567:2 0:48 131567:4 0:4 131567:5 0:1 131567:5 0:69 131567:1 0:13 131567:1 0:19 544580:1 0:3 544580:2 0:4 544580:5 0:65 131567:4 0:30 131567:5 0:37 131567:5 0:134 131567:1 0:11 131567:1 0:19 131567:3 0:64 131567:4 0:6 131567:4 0:19 131567:4 0:64 131567:2 0:8 131567:5 0:63 131567:4 0:16 131567:4 0:82
C	1216	544580	968	0:15 131567:1 0:58 131567:2 0:48 131567:4 0:121 544580:1 0:3 544580:2 0:4 544580:5 0:2 544580:5 0:45 131567:8 0:29 131567:5 0:6 131567:5 0:16 131567:4 0:1 131567:5 0:12 131567:5 0:2 131567:5 0:4 131567:5 0:46 131567:1 0:16 131567:2 0:26 131567:1 0:10 131567:2 0:2 332648:1 131567:3 0:42 131567:4 0:94 131567:5 0:7 131567:8 0:122 131567:4 0:16 131567:4 0:90
C	1217	40324	741	0:52 477697:3 0:13 131567:1 0:20 40324:5 0:20 131567:5 0:15 2:3 0:230 40324:5 0:13 131567:5 0:3 2:5 0:309
C	1218	3273430	718	0:34 131567:1 0:20 40324:5 0:40 2:3 0:41 3273430:5 0:105 3273430:5 0:93 131567:5 0:3 2:5 0:319
C	1219	131567	811	0:13 131567:5 0:16 131567:4 0:63 131567:5 0:8 131567:2 0:7 131567:4 0:37 131567:7 0:7 131567:5 0:19 131567:4 0:6 131567:4 0:63 131567:4 0:19 131567:1 0:11 131567:1 0:124 131567:5 0:4 131567:5 0:40 131567:5 0:6 131567:5 0:17 131567:4 0:31 131567:1 0:73 131567:1 0:13 131567:1 0:70 131567:5 0:1 131567:5 0:4 131567:4 0:38
C	1220	544580	853	0:173 131567:4 0:32 131567:5 0:19 131567:4 0:6 131567:4 0:86 131567:1 0:11 131567:1 0:13 131567:1 0:7 131567:2 0:10 131567:1 0:26 131567:2 0:68 131567:5 0:4 131567:5 0:2 131567:5 0:12 131567:5 0:1 131567:4 0:16 131567:5 0:6 131567:5 0:17 131567:8 0:1 131567:11 0:49 544580:5 0:2 544580:5 0:4 544580:2 0:3 544580:1 0:19 131567:1 0:13 131567:1 0:69 131567:5 0:1 131567:5 0:4 131567:4 0:38
C	1221	544580	981	0:22 131567:1 0:58 131567:2 0:48 131567:4 0:4 131567:5 0:1 131567:5 0:69 131567:1 0:13 131567:1 0:19 544580:1 0:3 544580:2 0:4 544580:5 0:2 544580:5 0:50 131567:11 0:1 131567:8 0:17 131567:5 0:6 131567:5 0:16 131567:4 0:1 131567:5 0:12 131567:5 0:2 131567:5 0:4 131567:5 0:90 131567:1 0:10 131567:2 0:7 131567:1 0:13 131567:1 0:11 131567:1 0:19 131567:4 0:95 131567:5 0:7 131567:8 0:19 131567:4 0:14 131567:4 0:7 131567:2 0:8 131567:5 0:136 131567:5 0:16 131567:1 0:14
C	1222	477697	911	0:175 477697:2 0:384 131567:5 0:3 2:5 0:303
C	1223	544580	973	0:22 131567:1 0:58 131567:2 0:48 131567:4 0:4 131567:5 0:1 131567:5 0:70 131567:1 0:13 131567:1 0:19 544580:1 0:3 544580:2 0:4 544580:5 0:40 131567:3 0:58 131567:5 0:16 131567:4 0:1 131567:5 0:12 131567:5 0:2 131567:5 0:4 131567:5 0:46 131567:1 0:16 131567:2 0:56 131567:1 0:11 131567:1 0:19 131567:4 0:65 131567:4 0:6 131567:4 0:19 131567:5 0:7 131567:8 0:19 131567:4 0:14 131567:4 0:7 131567:2 0:60 284811:5 0:9 131567:4 0:16 131567:4 0:82
C	1225	544580	926	0:17 131567:1 0:103 131567:4 0:4 131567:5 0:1 131567:5 0:95 544580:2 0:4 544580:5 0:2 544580:5 0:33 131567:3 0:16 131567:7 0:1 131567:8 0:17 131567:5 0:6 131567:5 0:16 131567:4 0:1 131567:5 0:162 131567:1 0:19 131567:4 0:90 131567:5 0:7 131567:8 0:113 131567:4 0:16 131567:4 0:79
C	1226	181124	835	0:46 131567:4 0:16 131567:4 0:63 131567:5 0:8 131567:2 0:7 131567:4 0:55 131567:4 0:19 131567:4 0:6 131567:4 0:50 181124:5 0:32 131567:1 0:11 131567:1 0:13 131567:1 0:7 131567:2 0:10 131567:1 0:148 131567:5 0:6 131567:5 0:17 131567:7 0:169 131567:5 0:1 131567:5 0:4 131567:4 0:40
C	1227	569360	807	0:9 569360:5 0:184 5144:2 0:9 5125:5 0:2 5125:5 0:8 131567:5 0:4 716546:3 0:51 716546:1 0:205 716546:5 0:1 131567:3 5144:5 0:28 131567:1 0:16 131567:5 0:5 716545:1 0:205
C	1228	544580	846	0:44 131567:4 0:16 131567:4 0:63 131567:5 0:8 131567:2 0:7 131567:4 0:14 131567:4 0:19 131567:8 0:7 131567:5 0:19 131567:4 0:6 131567:4 0:63 131567:4 0:19 131567:1 0:11 131567:1 0:13 131567:1 0:7 131567:2 0:10 131567:1 0:44 131567:1 0:46 131567:5 0:4 131567:5 0:2 131567:5 0:39 131567:5 0:6 131567:5 0:17 131567:8 0:58 544580:5 0:2 544580:5 0:4 544580:2 0:3 544580:1 0:19 131567:1 0:13 131567:1 0:69 131567:5 0:1 131567:5 0:4 131567:4 0:38
C	1229	477697	1278	0:187 477697:2 0:55 477697:3 0:13 131567:1 0:20 40324:5 0:39 2:3 0:151 3273430:5 0:71 40324:5 0:13 131567:5 0:3 2:5 0:348 477697:4 0:18 131567:4 0:12 477697:5 0:267
C	1230	5302	949	0:277 1268659:5 0:3 131567:1 0:22 131567:2 0:13 131567:5 0:23 131567:2 0:18 131567:5 0:38 131567:4 0:5 131567:5 0:162 181124:5 0:19 4751:2 0:34 131567:1 0:3 131567:5 0:256
C	1231	544580	975	0:79 131567:2 0:48 131567:4 0:4 131567:5 0:1 131567:5 0:64 131567:1 0:13 131567:1 0:19 544580:1 0:3 544580:2 0:4 544580:5 0:40 131567:3 0:12 131567:5 0:41 131567:5 0:16 131567:4 0:1 131567:5 0:170 131567:1 0:19 131567:4 0:63 131567:4 0:6 131567:4 0:36 131567:1 0:19 131567:4 0:14 131567:4 0:7 131567:2 0:8 131567:5 0:143 131567:5 0:16 131567:1 0:12
C	1232	2	922	0:186 477697:2 0:55 477697:3 0:13 131567:1 0:45 131567:5 0:15 2:3 0:227 40324:5 0:13 131567:5 0:3 2:5 0:302
C	1233	477697	987	0:2 477697:4 0:348 477697:5 0:16 2:5 0:3 131567:5 0:29 227086:1 0:184 2:3 0:63 131567:7 0:18 131567:1 0:13 477697:3 0:55 477697:2 0:186
C	1234	544580	1115	0:22 131567:1 0:58 131567:2 0:48 131567:4 0:4 131567:5 0:1 131567:5 0:70 131567:1 0:13 131567:1 0:19 544580:1 0:3 544580:2 0:4 544580:5 0:2 544580:5 0:33 131567:3 0:12 131567:11 0:1 131567:8 0:17 131567:5 0:6 131567:5 0:15 131567:5 0:25 131567:5 0:4 131567:5 0:46 131567:1 0:16 131567:2 0:26 131567:1 0:10 131567:2 0:7 131567:1 0:13 131567:1 0:11 131567:1 0:86 131567:4 0:6 131567:4 0:19 131567:5 0:7 131567:8 0:19 131567:4 0:14 131567:4 0:7 131567:2 0:8 131567:5 0:63 131567:4 0:16 131567:4 0:51 131567:5 0:16 131567:1 0:19 131567:1 0:125
C	1235	131567	846	0:46 131567:4 0:16 131567:4 0:63 131567:5 0:8 131567:2 0:7 131567:4 0:14 131567:4 0:19 131567:8 0:7 131567:5 0:19 131567:4 0:6 131567:4 0:63 131567:4 0:19 131567:1 0:11 131567:1 0:61 131567:2 0:16 131567:1 0:46 131567:5 0:4 131567:5 0:2 131567:5 0:12 131567:5 0:1 131567:4 0:16 131567:5 0:6 131567:5 0:17 131567:8 0:1 131567:11 0:12 131567:3 0:84 131567:1 0:69 131567:5 0:1 131567:5 0:4 131567:4 0:38
C	1237	544580	835	0:185 131567:7 0:7 131567:5 0:19 131567:4 0:283 131567:5 0:6 131567:5 0:17 131567:8 0:1 131567:11 0:52 544580:5 0:2 544580:5 0:4 544580:2 0:3 544580:1 0:19 131567:1 0:13 131567:1 0:70 131567:5 0:1 131567:5 0:4 131567:4 0:41
C	1238	498019	976	0:80 131567:2 0:48 131567:4 0:4 131567:5 0:1 131567:5 0:104 544580:1 0:66 131567:11 0:1 131567:5 0:53 131567:2 0:1 131567:5 0:192 131567:4 0:72 498019:2 0:35 131567:8 0:46 131567:2 0:8 131567:5 0:83 131567:4 0:83
C	1239	544580	851	0:44 131567:3 0:84 131567:5 0:8 131567:2 0:7 131567:4 0:14 131567:4 0:19 131567:8 0:7 131567:5 0:19 131567:4 0:6 131567:4 0:63 131567:4 0:19 131567:1 0:11 131567:1 0:13 131567:1 0:7 131567:2 0:10 131567:1 0:26 131567:2 0:16 131567:1 0:46 131567:5 0:4 131567:5 0:2 131567:5 0:39 131567:5 0:6 131567:5 0:17 131567:8 0:1 131567:5 0:60 544580:5 0:4 544580:2 0:3 544580:1 0:19 131567:1 0:13 131567:1 0:70 131567:5 0:1 131567:5 0:4 131567:4 0:41
C	1240	131567	858	0:45 131567:4 0:16 131567:4 0:64 131567:5 0:8 131567:2 0:7 131567:4 0:14 131567:4 0:19 131567:8 0:7 131567:5 0:19 131567:4 0:6 131567:4 0:62 131567:4 0:19 131567:1 0:11 131567:1 0:13 131567:1 0:7 131567:2 0:10 131567:1 0:26 131567:2 0:16 131567:1 0:106 131567:5 0:6 131567:5 0:17 131567:8 0:1 131567:11 0:12 131567:3 0:80 131567:1 0:143
C	1241	544580	969	0:22 131567:1 0:211 131567:1 0:19 544580:1 0:3 544580:2 0:4 544580:5 0:2 544580:5 0:54 131567:8 0:17 131567:5 0:6 131567:5 0:16 131567:4 0:1 131567:5 0:12 131567:5 0:61 131567:1 0:16 131567:2 0:74 131567:1 0:85 131567:4 0:6 131567:4 0:19 131567:5 0:7 131567:8 0:54 131567:5 0:159 131567:1 0:9
C	1242	181762	855	0:188 181762:5 0:52 131567:5 0:9 131567:2 0:12 131567:2 0:18 131567:4 0:22 131567:5 0:8 131567:9 0:68 5338:3 0:146 168172:3 0:43 131567:2 0:215
C	1243	5125	900	0:22 131567:1 0:23 131567:3 0:7 147550:4 0:9 147550:2 0:6 147550:1 0:15 1380566:3 0:195 716545:1 0:5 131567:5 0:15 131567:5 0:9 131567:4 0:4 131567:1 0:7 716545:1 0:2 131567:5 0:1 716546:5 0:11 2231603:3 0:28 131567:2 0:3 5125:2 0:4 5125:5 232080:1 0:1 5125:1 0:7 5125:5 0:14 222543:5 0:15 5125:1 232080:2 0:53 147550:1 0:15 5125:5 0:28 716546:1 0:9 716546:2 0:66 4751:4 5125:1 0:6 147550:2 0:5 147550:2 0:9 5455:4 0:103 72144:5 0:71 147550:2 0:1
C	1245	2	926	0:126 2631981:1 0:58 477697:2 0:55 477697:3 0:13 131567:1 0:20 40324:5 0:20 131567:5 0:15 2:3 0:151 3273430:5 0:90 131567:5 0:3 2:5 0:306
C	1246	477697	1271	0:266 477697:5 0:12 131567:4 0:18 477697:4 0:368 40324:5 0:71 3273430:5 0:150 2:3 0:15 131567:5 0:20 40324:5 0:20 131567:1 0:13 477697:3 0:244
C	1247	5144	806	0:196 5144:2 0:9 5125:5 0:15 131567:5 0:58 716546:1 0:32 147550:5 0:167 716546:5 0:1 131567:3 5144:5 0:28 131567:1 0:16 131567:5 0:5 716545:1 0:207
C	1248	544580	835	0:43 131567:4 0:16 131567:4 0:63 131567:5 0:34 131567:4 0:19 131567:8 0:7 131567:5 0:19 131567:4 0:6 131567:4 0:58 131567:4 0:19 131567:1 0:85 131567:1 0:46 131567:5 0:4 131567:5 0:2 131567:5 0:39 131567:5 0:92 544580:5 0:2 544580:5 0:4 544580:2 0:3 544580:1 0:19 131567:1 0:13 131567:1 0:78 131567:5 0:4 131567:4 0:38
C	1249	181124	864	0:46 131567:4 0:16 131567:4 0:63 131567:5 0:8 131567:2 0:7 131567:4 0:14 131567:4 0:19 131567:8 0:7 131567:5 0:19 131567:4 0:6 131567:4 0:50 181124:5 0:32 131567:1 0:11 131567:1 0:130 131567:5 0:4 131567:5 0:2 131567:5 0:37 131567:5 0:6 131567:5 0:17 131567:8 0:1 131567:11 0:12 131567:5 0:163 131567:5 0:1 131567:5 0:4 131567:4 0:41
C	1250	544580	975	0:23 131567:1 0:117 131567:5 0:1 131567:5 0:98 544580:1 0:3 544580:2 0:4 544580:5 0:2 544580:5 0:45 131567:11 0:1 131567:8 0:17 131567:5 0:114 131567:1 0:16 131567:2 0:26 131567:1 0:10 131567:2 0:7 131567:1 0:13 131567:1 0:11 131567:1 0:19 131567:4 0:95 131567:5 0:7 131567:8 0:19 131567:4 0:14 131567:4 0:7 131567:2 0:8 131567:5 0:63 131567:4 0:108
C	1251	544580	846	0:46 131567:4 0:16 131567:4 0:63 131567:5 0:8 131567:2 0:7 131567:4 0:14 131567:4 0:19 131567:8 0:7 131567:5 0:19 131567:4 0:6 131567:4 0:63 131567:4 0:19 131567:1 0:11 131567:1 0:13 131567:1 0:7 131567:2 0:10 131567:1 0:26 131567:2 0:16 131567:1 0:46 131567:5 0:4 131567:5 0:2 131567:5 0:12 131567:5 0:1 131567:4 0:16 131567:5 0:6 131567:5 0:17 131567:8 0:1 131567:11 0:47 544580:5 0:2 544580:5 0:4 544580:2 0:3 544580:1 0:19 131567:1 0:13 131567:1 0:70 131567:5 0:1 131567:5 0:4 131567:4 0:35
C	1252	131567	851	0:46 131567:4 0:16 131567:4 0:63 131567:5 0:8 131567:2 0:7 131567:4 0:14 131567:4 0:36 131567:4 0:19 131567:4 0:6 131567:5 0:63 131567:4 0:19 131567:1 0:11 131567:1 0:13 131567:1 0:7 131567:2 0:10 131567:1 0:26 131567:2 0:16 131567:1 0:42 131567:5 0:4 131567:5 0:2 131567:5 0:39 131567:5 0:6 131567:5 0:17 131567:4 0:107 131567:1 0:13 131567:1 0:70 131567:5 0:1 131567:5 0:4 131567:4 0:38
C	1253	544580	851	0:46 131567:4 0:16 131567:4 0:63 131567:5 0:8 131567:2 0:7 131567:4 0:14 131567:4 0:58 131567:4 0:6 131567:4 0:64 131567:4 0:19 131567:1 0:11 131567:1 0:13 131567:1 0:7 131567:2 0:10 131567:1 0:27 131567:1 0:120 131567:5 0:6 131567:5 0:17 131567:8 0:1 131567:11 0:12 131567:3 0:33 544580:5 0:37 131567:1 0:13 131567:1 0:71 131567:5 0:1 131567:5 0:4 131567:4 0:38
C	1254	477697	1034	0:257 477697:5 0:164 2:1 0:190 227086:1 0:29 131567:5 0:3 2:5 0:340
C	1255	544580	984	0:82 131567:2 0:48 131567:4 0:4 131567:5 0:1 131567:5 0:71 131567:1 0:13 131567:1 0:37 544580:5 0:90 131567:5 0:45 131567:5 0:4 131567:5 0:46 131567:1 0:16 131567:2 0:57 131567:1 0:11 131567:1 0:19 131567:5 0:67 498019:4 0:19 131567:5 0:7 131567:8 0:19 131567:4 0:14 131567:4 0:7 131567:2 0:8 131567:5 0:185
C	1256	544580	979	0:82 131567:1 0:48 131567:4 0:4 131567:5 0:1 131567:5 0:101 544580:1 0:3 544580:2 0:4 544580:5 0:2 544580:5 0:268 131567:1 0:13 131567:1 0:11 131567:1 0:19 131567:4 0:92 131567:5 0:7 131567:8 0:19 131567:4 0:127 131567:3 0:89
C	1257	544580	845	0:47 131567:4 0:16 131567:4 0:75 131567:2 0:7 131567:4 0:14 131567:4 0:59 131567:4 0:6 131567:4 0:63 131567:4 0:29 131567:4 0:13 131567:1 0:64 131567:1 0:131 131567:8 0:1 131567:11 0:12 131567:3 0:33 544580:5 0:34 131567:1 0:13 131567:1 0:129
C	1258	544580	717	0:46 131567:4 0:16 131567:4 0:63 131567:5 0:8 131567:2 0:7 131567:4 0:14 131567:4 0:19 131567:8 0:7 131567:5 0:19 131567:4 0:6 131567:4 0:63 131567:4 0:19 131567:1 0:11 131567:1 0:13 131567:1 0:7 131567:2 0:10 131567:1 0:27 131567:1 0:65 131567:2 0:4 131567:5 0:2 131567:5 0:12 131567:5 0:1 131567:4 0:16 131567:5 0:6 131567:5 0:17 131567:8 0:1 131567:11 0:12 131567:3 0:33 544580:5 0:2 544580:5 0:4 544580:2 0:3 544580:1 0:19 131567:1 0:9
C	1259	5302	1158	0:41 490731:3 0:7 490731:5 0:13 490731:1 0:432 131567:3 0:10 131567:1 0:56 4751:2 0:122 5338:3 0:58 131567:5 0:5 131567:9 0:8 131567:5 0:22 131567:4 0:26 131567:5 0:30 131567:2 0:231 181762:5 0:1 181762:1 0:8
C	1260	544580	849	0:46 131567:4 0:16 131567:4 0:63 131567:5 0:8 131567:2 0:7 131567:4 0:14 131567:4 0:19 131567:8 0:7 131567:5 0:19 131567:4 0:6 131567:4 0:63 131567:4 0:19 131567:1 0:11 131567:1 0:13 131567:1 0:7 131567:2 0:10 131567:1 0:46 131567:1 0:52 131567:6 0:2 131567:5 0:35 131567:5 0:6 131567:5 0:17 131567:8 0:1 131567:1 0:59 544580:5 0:38 131567:1 0:13 131567:1 0:69 131567:5 0:1 131567:5 0:4 131567:4 0:38
C	1261	544580	934	0:127 131567:4 0:4 131567:5 0:113 544580:1 0:3 544580:2 0:4 544580:5 0:2 544580:5 0:79 131567:5 0:6 131567:5 0:134 131567:1 0:185 131567:4 0:14 131567:4 0:7 131567:2 0:8 131567:5 0:166
C	1262	40324	922	0:185 477697:2 0:91 40324:5 0:20 131567:5 0:15 2:3 0:150 3273430:5 0:73 40324:5 0:13 131567:5 0:3 2:5 0:303
C	1263	5125	834	0:185 5144:2 0:9 5125:5 0:2 5125:5 0:8 131567:5 0:4 716546:3 0:252 716546:5 0:1 131567:3 5144:5 0:28 131567:1 0:16 131567:5 0:5 716545:1 0:250
C	1264	40324	963	0:2 477697:4 0:344 2:5 0:3 131567:5 0:13 40324:5 0:72 3273430:5 0:163 131567:5 0:20 40324:5 0:20 131567:1 0:13 477697:3 0:241
C	1265	181124	621	0:46 181124:1 0:63 4751:2 0:56 131567:1 0:10 131567:3 0:405
C	1266	544580	982	0:82 131567:2 0:48 131567:4 0:4 131567:5 0:1 131567:5 0:69 131567:1 0:13 131567:1 0:19 544580:1 0:3 544580:2 0:4 544580:5 0:2 544580:5 0:33 131567:3 0:12 131567:11 0:1 131567:8 0:17 131567:5 0:6 131567:5 0:16 131567:4 0:1 131567:5 0:12 131567:5 0:2 131567:5 0:4 131567:5 0:46 131567:1 0:16 131567:2 0:73 131567:1 0:19 131567:4 0:63 131567:4 0:6 131567:4 0:19 131567:5 0:7 131567:8 0:19 131567:4 0:14 131567:4 0:7 131567:2 0:8 131567:5 0:63 131567:4 0:16 131567:4 0:84
C	1267	544580	838	0:44 131567:5 0:16 131567:4 0:75 131567:2 0:47 131567:8 0:7 131567:5 0:84 131567:5 0:9 131567:4 0:19 131567:1 0:11 131567:1 0:13 131567:1 0:7 131567:2 0:103 131567:5 0:4 131567:5 0:42 131567:5 0:6 131567:5 0:78 544580:5 0:2 544580:5 0:4 544580:2 0:3 544580:1 0:19 131567:1 0:13 131567:1 0:68 131567:5 0:1 131567:5 0:4 131567:4 0:38
C	1268	544580	847	0:46 131567:4 0:16 131567:4 0:63 131567:5 0:8 131567:2 0:7 131567:4 0:14 131567:4 0:56 131567:4 0:6 131567:4 0:63 131567:4 0:19 131567:1 0:11 131567:1 0:13 131567:1 0:7 131567:2 0:10 131567:1 0:26 131567:2 0:16 131567:1 0:61 131567:5 0:12 131567:5 0:1 131567:4 0:83 131567:3 0:33 544580:5 0:2 544580:5 0:4 544580:2 0:3 544580:1 0:19 131567:1 0:13 131567:1 0:76 131567:5 0:4 131567:4 0:36
C	1269	2	932	0:192 477697:2 0:54 477697:3 0:32 40324:5 0:288 131567:5 0:3 2:5 0:309
C	1270	544580	847	0:46 131567:4 0:16 131567:4 0:64 131567:5 0:8 131567:2 0:64 131567:4 0:19 131567:4 0:6 131567:4 0:63 131567:4 0:19 131567:1 0:11 131567:1 0:13 131567:1 0:7 131567:2 0:10 131567:1 0:5 796027:5 0:83 131567:5 0:4 131567:5 0:2 131567:5 0:36 131567:5 0:6 131567:5 0:17 131567:8 0:1 131567:11 0:12 131567:3 0:33 544580:5 0:2 544580:5 0:4 544580:2 0:3 544580:1 0:19 131567:1 0:13 131567:1 0:67 131567:5 0:1 131567:5 0:4 131567:4 0:37
C	1272	477697	997	0:349 477697:1 0:5 477697:5 0:58 227086:1 0:232 131567:5 0:14 2:6 131567:7 0:18 131567:1 0:13 477697:3 0:55 477697:2 0:188
C	1273	544580	836	0:45 131567:4 0:16 131567:4 0:63 131567:5 0:8 131567:2 0:7 131567:4 0:14 131567:4 0:34 131567:4 0:29 131567:4 0:95 131567:1 0:13 131567:1 0:7 131567:2 0:46 131567:1 0:61 131567:5 0:39 131567:5 0:6 131567:5 0:17 131567:8 0:1 131567:11 0:12 131567:3 0:33 544580:5 0:2 544580:5 0:4 544580:2 0:3 544580:1 0:19 131567:1 0:13 131567:1 0:70 131567:5 0:1 131567:5 0:4 131567:4 0:38
C	1274	544580	995	0:84 131567:2 0:48 131567:4 0:4 131567:5 0:1 131567:5 0:105 544580:1 0:3 544580:2 0:4 544580:5 0:37 131567:5 0:12 131567:5 0:40 131567:5 0:16 131567:4 0:1 131567:5 0:12 131567:5 0:2 131567:5 0:243 131567:2 0:41 131567:1 0:19 131567:1 0:38 131567:5 0:63 131567:4 0:16 131567:4 0:51 131567:4 0:42
C	1275	131567	844	0:46 131567:4 0:16 131567:4 0:64 131567:5 0:8 131567:2 0:7 131567:4 0:47 131567:4 0:19 131567:4 0:6 131567:4 0:63 131567:4 0:19 131567:1 0:11 131567:1 0:13 131567:1 0:7 131567:2 0:10 131567:1 0:26 131567:2 0:16 131567:1 0:46 131567:5 0:4 131567:5 0:19 131567:5 0:1 131567:4 0:16 131567:5 0:6 131567:5 0:17 131567:8 0:1 131567:11 0:12 131567:3 0:73 131567:1 0:13 131567:1 0:70 131567:5 0:1 131567:5 0:4 131567:4 0:38
C	1276	544580	965	0:81 131567:2 0:48 131567:4 0:4 131567:5 0:1 131567:5 0:95 544580:1 0:3 544580:2 0:4 544580:5 0:2 544580:5 0:94 131567:5 0:16 131567:4 0:1 131567:5 0:12 131567:5 0:2 131567:5 0:4 131567:5 0:100 131567:5 0:7 131567:1 0:13 131567:1 0:11 131567:1 0:86 131567:4 0:6 131567:4 0:19 131567:5 0:7 131567:8 0:19 131567:4 0:205
C	1277	544580	983	0:22 131567:1 0:109 131567:4 0:4 131567:5 0:1 131567:5 0:102 544580:1 0:3 544580:2 0:4 544580:5 0:2 544580:5 0:33 131567:3 0:12 131567:7 0:83 131567:5 0:2 131567:6 0:74 131567:1 0:26 131567:1 0:10 131567:2 0:7 131567:1 0:13 131567:1 0:11 131567:1 0:19 131567:3 0:75 131567:4 0:19 131567:5 0:7 131567:8 0:47 131567:2 0:8 131567:5 0:63 131567:4 0:16 131567:4 0:51 131567:5 0:16 131567:1 0:13
C	1278	544580	1052	0:201 131567:4 0:4 131567:5 0:1 131567:5 0:66 131567:1 0:13 131567:1 0:19 544580:1 0:3 544580:2 0:4 544580:5 0:90 131567:5 0:16 131567:4 0:1 131567:5 0:12 131567:5 0:2 131567:5 0:4 131567:5 0:46 131567:1 0:43 131567:1 0:10 131567:2 0:7 131567:1 0:13 131567:1 0:11 131567:1 0:19 131567:4 0:99 131567:5 0:7 131567:8 0:19 131567:4 0:14 131567:4 0:7 131567:2 0:8 131567:5 0:187
C	1279	544580	1005	0:283 544580:1 0:3 544580:2 0:4 544580:5 0:53 131567:11 0:1 131567:8 0:68 131567:5 0:2 131567:5 0:4 131567:5 0:47 131567:1 0:16 131567:2 0:52 9606:5 0:169 131567:4 0:14 131567:4 0:7 131567:2 0:77 131567:4 0:16 131567:4 0:87
C	1281	477697	947	0:244 477697:3 0:13 131567:1 0:18 131567:7 2:6 0:14 131567:5 0:15 2:3 0:22 2:1 0:189 227086:1 0:29 131567:5 0:3 2:5 0:16 477697:5 0:308
C	1282	181762	1067	0:8 181762:1 0:1 181762:3 0:232 131567:2 0:30 131567:5 0:26 131567:4 0:22 131567:5 0:8 131567:9 0:5 131567:4 0:60 5338:3 0:118 4751:2 0:56 131567:1 0:10 131567:3 0:415
C	1283	40324	930	0:188 477697:2 0:56 477697:3 0:13 131567:1 0:20 40324:5 0:20 131567:5 0:15 2:3 0:150 3273430:5 0:72 40324:5 0:13 131567:5 0:3 2:5 0:307
C	1284	477697	1181	0:261 477697:5 0:34 477697:4 0:331 2:5 0:3 131567:5 0:499
C	1285	40324	929	0:189 477697:2 0:98 40324:5 0:20 131567:5 0:242 40324:5 0:13 131567:5 0:3 2:5 0:303
C	1286	544580	1121	0:22 131567:1 0:58 131567:2 0:48 131567:4 0:4 131567:5 0:1 131567:5 0:71 131567:1 0:13 131567:1 0:19 544580:1 0:3 544580:2 0:4 544580:5 0:2 544580:5 0:33 131567:3 0:12 131567:11 0:1 131567:8 0:17 131567:5 0:6 131567:5 0:16 131567:4 0:1 131567:5 0:12 131567:5 0:2 131567:5 0:4 131567:5 0:46 131567:1 0:16 131567:2 0:26 131567:1 0:10 131567:2 0:7 131567:1 0:13 131567:1 0:11 131567:1 0:19 131567:4 0:63 131567:4 0:6 131567:4 0:19 131567:5 0:7 131567:8 0:19 131567:4 0:14 131567:4 0:7 131567:2 0:8 131567:5 0:63 131567:4 0:16 131567:4 0:72 131567:1 0:66 543:5 0:68 2:1 0:10
C	1287	544580	845	0:46 131567:4 0:16 131567:4 0:73 131567:2 0:7 131567:4 0:14 131567:4 0:19 131567:8 0:7 131567:5 0:19 131567:4 0:6 131567:4 0:63 131567:4 0:19 131567:1 0:11 131567:1 0:13 131567:1 0:7 131567:2 0:10 131567:1 0:26 131567:2 0:62 131567:5 0:4 131567:5 0:2 131567:5 0:12 131567:5 0:1 131567:4 0:16 131567:5 0:6 131567:5 0:17 131567:8 0:60 544580:5 0:2 544580:5 0:4 544580:2 0:3 544580:1 0:19 131567:1 0:13 131567:1 0:69 131567:5 0:1 131567:5 0:4 131567:4 0:38
C	1288	544580	852	0:47 131567:4 0:16 131567:4 0:76 131567:2 0:64 131567:4 0:19 131567:4 0:6 131567:4 0:63 131567:4 0:19 131567:1 0:11 131567:1 0:13 131567:1 0:109 131567:5 0:4 131567:5 0:2 131567:5 0:42 131567:5 0:6 131567:5 0:17 131567:8 0:1 131567:11 0:49 544580:5 0:2 544580:5 0:4 544580:2 0:3 544580:1 0:19 131567:1 0:13 131567:1 0:69 131567:5 0:1 131567:5 0:45
C	1289	40324	931	0:252 477697:3 0:13 131567:1 0:20 40324:5 0:20 131567:5 0:15 2:3 0:150 3273430:5 0:72 40324:5 0:13 131567:5 0:3 2:5 0:302
C	1290	544580	851	0:46 131567:4 0:16 131567:4 0:63 131567:5 0:8 131567:2 0:7 131567:4 0:14 131567:4 0:34 131567:4 0:19 131567:4 0:6 131567:4 0:63 131567:4 0:19 131567:1 0:11 131567:1 0:13 131567:1 0:7 131567:2 0:56 131567:1 0:46 131567:5 0:4 131567:5 0:2 131567:5 0:12 131567:5 0:1 131567:4 0:16 131567:5 0:6 131567:5 0:17 131567:4 0:31 131567:1 0:33 544580:5 0:2 544580:5 0:4 544580:2 0:37 131567:1 0:70 131567:5 0:1 131567:5 0:4 131567:4 0:38
C	1291	544580	846	0:44 131567:4 0:16 131567:4 0:63 131567:5 0:8 131567:2 0:7 131567:4 0:14 131567:4 0:19 131567:8 0:23 4895:1 0:7 131567:4 0:6 131567:4 0:62 131567:4 0:19 131567:1 0:11 131567:1 0:13 131567:1 0:7 131567:2 0:10 131567:1 0:26 131567:2 0:62 131567:5 0:4 131567:5 0:2 131567:5 0:12 131567:5 0:1 131567:4 0:16 131567:5 0:6 131567:5 0:17 131567:8 0:1 131567:11 0:12 131567:3 0:33 544580:5 0:11 544580:2 0:23 131567:1 0:13 131567:1 0:70 131567:5 0:1 131567:5 0:4 131567:4 0:38
C	1292	40324	929	0:188 477697:2 0:55 477697:3 0:13 131567:1 0:20 40324:5 0:20 131567:5 0:15 2:3 0:151 3273430:5 0:72 40324:5 0:13 131567:5 0:3 2:5 0:306
C	1293	544580	853	0:45 131567:5 0:16 131567:4 0:59 4893:1 0:25 131567:4 0:14 131567:4 0:19 131567:8 0:7 131567:5 0:19 131567:4 0:6 131567:4 0:63 131567:4 0:19 131567:1 0:11 131567:1 0:13 131567:1 0:7 131567:2 0:10 131567:1 0:93 131567:5 0:4 131567:5 0:46 131567:5 0:6 131567:5 0:17 131567:8 0:1 131567:11 0:12 131567:3 0:33 544580:5 0:2 544580:5 0:4 544580:2 0:3 544580:1 0:104 131567:5 0:1 131567:5 0:4 131567:4 0:38
C	1294	544580	1295	0:291 131567:5 0:38 131567:1 0:108 131567:4 0:4 131567:5 0:1 131567:5 0:69 131567:1 0:13 131567:1 0:19 544580:1 0:3 544580:2 0:4 544580:5 0:2 544580:5 0:33 131567:3 0:12 131567:11 0:1 131567:8 0:17 131567:5 0:6 131567:5 0:16 131567:4 0:1 131567:5 0:12 131567:5 0:3 131567:2 0:58 131567:1 0:16 131567:2 0:26 131567:1 0:10 131567:2 0:7 131567:1 0:13 131567:1 0:11 131567:1 0:19 131567:4 0:63 131567:4 0:6 131567:4 0:19 131567:5 0:7 131567:8 0:19 131567:4 0:14 131567:4 0:7 131567:2 0:8 131567:5 0:63 131567:4 0:16 131567:4 0:51 131567:5 0:16 131567:1 0:13
C	1295	544580	979	0:20 131567:4 0:55 131567:2 0:48 131567:4 0:4 131567:5 0:1 131567:5 0:69 131567:1 0:13 131567:1 0:19 544580:1 0:3 544580:2 0:4 544580:5 0:2 544580:5 0:33 131567:3 0:12 131567:11 0:1 131567:8 0:17 131567:5 0:6 131567:5 0:16 131567:4 0:1 131567:5 0:12 131567:5 0:2 131567:5 0:4 131567:5 0:90 131567:1 0:10 131567:2 0:7 131567:1 0:13 131567:1 0:11 131567:1 0:19 131567:4 0:100 131567:5 0:7 131567:8 0:19 131567:4 0:14 131567:4 0:7 131567:2 0:8 131567:5 0:63 131567:4 0:16 131567:4 0:82
C	1296	544580	850	0:46 131567:4 0:16 131567:4 0:63 131567:5 0:8 131567:2 0:7 131567:4 0:14 131567:4 0:32 131567:5 0:19 131567:4 0:6 131567:4 0:63 131567:4 0:19 131567:1 0:11 131567:1 0:13 131567:1 0:7 131567:2 0:10 131567:1 0:26 131567:2 0:16 131567:1 0:46 131567:5 0:4 131567:5 0:2 131567:5 0:39 131567:5 0:6 131567:5 0:17 131567:8 0:1 131567:11 0:12 131567:3 0:33 544580:5 0:2 544580:5 0:4 544580:2 0:3 544580:1 0:19 131567:1 0:13 131567:1 0:71 131567:5 0:1 131567:5 0:4 131567:4 0:38
C	1297	544580	848	0:46 131567:4 0:16 131567:4 0:63 131567:5 0:8 131567:2 0:7 131567:4 0:38 131567:7 0:7 131567:5 0:19 131567:4 0:6 131567:4 0:63 131567:4 0:19 131567:1 0:11 131567:1 0:13 131567:1 0:7 131567:2 0:10 131567:1 0:90 131567:5 0:4 131567:5 0:2 131567:5 0:12 131567:5 0:1 131567:4 0:16 131567:5 0:6 131567:5 0:17 131567:8 0:1 131567:11 0:12 131567:3 0:33 544580:5 0:2 544580:5 0:4 544580:2 0:3 544580:1 0:19 131567:1 0:13 131567:1 0:69 131567:5 0:1 131567:5 0:4 131567:4 0:38
C	1298	131567	898	0:46 131567:4 0:16 131567:4 0:63 131567:5 0:8 131567:2 0:7 131567:4 0:37 131567:7 0:7 131567:5 0:19 131567:4 0:6 131567:4 0:63 131567:4 0:19 131567:1 0:11 131567:1 0:13 131567:1 0:7 131567:2 0:29 131567:6 0:16 131567:1 0:46 131567:5 0:4 131567:5 0:2 131567:5 0:49 131567:5 0:17 131567:8 0:1 131567:11 0:49 544580:5 0:121 131567:5 0:1 131567:5 0:4 131567:4 0:48 131567:1 42260:5 0:36
C	1299	544580	978	0:22 131567:1 0:58 131567:2 0:48 131567:4 0:4 131567:5 0:1 131567:5 0:65 131567:1 0:13 131567:1 0:19 544580:1 0:3 544580:2 0:4 544580:5 0:2 544580:5 0:33 131567:3 0:12 131567:11 0:1 131567:8 0:17 131567:5 0:29 131567:5 0:12 131567:5 0:2 131567:5 0:4 131567:5 0:64 131567:1 0:26 131567:1 0:10 131567:2 0:7 131567:1 0:13 131567:1 0:11 131567:1 0:19 131567:4 0:63 131567:4 0:6 131567:4 0:19 131567:5 0:7 131567:8 0:19 131567:4 0:14 131567:4 0:7 131567:2 0:8 131567:5 0:64 131567:4 0:71 131567:5 0:16 131567:1 0:15
C	1300	477697	940	0:2 477697:4 0:329 2:5 0:95 3273430:5 0:188 40324:5 0:20 131567:1 0:13 477697:3 0:236
C	1301	181124	1191	0:28 131567:6 0:46 490731:3 0:7 490731:5 0:438 131567:3 0:10 131567:1 0:37 181124:5 0:75 181124:1 0:150 131567:5 0:30 181124:4 0:8 131567:2 0:7 131567:4 0:30 131567:2 0:229 181762:5 0:1 181762:1 0:14
C	1302	569360	809	0:9 569360:5 0:184 5144:2 0:9 5125:5 0:2 5125:5 0:8 131567:5 0:4 716546:3 0:51 716546:1 0:203 716546:5 0:1 131567:3 5144:5 0:28 131567:4 0:233
C	1304	544580	977	0:22 131567:1 0:58 131567:2 0:48 131567:4 0:4 131567:5 0:1 131567:5 0:104 544580:2 0:11 544580:5 0:59 131567:1 0:1 131567:8 0:17 131567:5 0:6 131567:5 0:16 131567:4 0:1 131567:5 0:80 131567:1 0:16 131567:2 0:26 131567:1 0:10 131567:2 0:7 131567:1 0:13 131567:1 0:11 131567:1 0:19 131567:4 0:63 131567:4 0:6 131567:4 0:19 131567:5 0:7 131567:8 0:19 131567:4 0:14 131567:4 0:7 131567:2 0:8 131567:5 0:63 131567:4 0:16 131567:4 0:72 131567:1 0:9
C	1305	477697	946	0:186 477697:2 0:53 477697:3 0:13 131567:1 0:18 131567:7 2:4 0:35 2:3 0:22 2:1 0:125 3273430:5 0:60 227086:1 0:29 131567:5 0:3 2:5 0:16 477697:5 0:5 477697:1 0:304
C	1306	544580	854	0:49 131567:4 0:16 131567:4 0:125 131567:8 0:7 131567:5 0:19 131567:4 0:6 131567:4 0:63 131567:4 0:19 131567:5 0:135 131567:5 0:4 131567:5 0:2 131567:5 0:21 131567:1 0:16 131567:5 0:6 131567:5 0:17 131567:2 0:66 544580:5 0:2 544580:5 0:4 544580:2 0:3 544580:1 0:19 131567:1 0:84 131567:5 0:1 131567:5 0:4 131567:4 0:38
C	1307	336722	950	0:304 336722:4 0:5 131567:2 336722:5 0:5 131567:4 0:7 131567:5 0:16 131567:1 0:211 131567:9 0:1 131567:5 0:26 4895:1 0:6 716546:1 0:9 716546:2 0:41 131567:5 0:13 131567:2 0:226
C	1308	544580	837	0:47 131567:4 0:16 131567:4 0:72 131567:2 0:7 131567:4 0:14 131567:4 0:32 131567:5 0:19 131567:4 0:6 131567:4 0:62 131567:4 0:54 131567:2 0:10 131567:1 0:126 131567:5 0:1 131567:2 0:112 544580:5 0:47 131567:1 0:70 131567:5 0:1 131567:5 0:4 131567:4 0:38
C	1309	544580	962	0:22 131567:1 0:105 131567:4 0:4 131567:5 0:1 131567:5 0:68 131567:1 0:13 131567:1 0:19 544580:1 0:3 544580:2 0:4 544580:5 0:2 544580:5 0:33 131567:3 0:12 131567:11 0:1 131567:8 0:17 131567:5 0:31 131567:5 0:96 131567:2 0:57 131567:1 0:11 131567:1 0:19 131567:4 0:63 131567:4 0:6 131567:4 0:55 131567:4 0:14 131567:4 0:7 131567:2 0:8 131567:5 0:63 131567:4 0:16 131567:4 0:77
C	1310	544580	982	0:22 131567:1 0:60 131567:2 0:48 131567:4 0:4 131567:5 0:1 131567:5 0:70 131567:1 0:13 131567:1 0:19 544580:1 0:3 544580:2 0:4 544580:5 0:56 131567:11 0:1 131567:8 0:17 131567:5 0:49 131567:5 0:60 131567:1 0:16 131567:2 0:57 131567:1 0:11 131567:1 0:19 131567:4 0:94 131567:5 0:7 131567:8 0:47 131567:2 0:8 131567:5 0:83 131567:4 0:51 131567:5 0:16 131567:1 0:17
C	1311	477697	660	0:332 477697:5 0:56 2746961:1 0:232
C	1312	456999	1159	0:407 131567:2 0:7 131567:2 0:236 456999:5 0:1 131567:5 0:40 2759:5 0:415
C	1314	544580	851	0:46 131567:4 0:16 131567:4 0:63 131567:5 0:8 131567:2 0:7 131567:4 0:14 131567:4 0:19 131567:8 0:7 131567:5 0:19 131567:4 0:6 131567:4 0:64 131567:3 0:19 131567:1 0:11 131567:1 0:13 131567:1 0:7 131567:2 0:10 131567:1 0:91 131567:5 0:4 131567:5 0:2 131567:5 0:12 131567:5 0:1 131567:4 0:16 131567:5 0:6 131567:5 0:17 131567:4 0:65 544580:5 0:2 544580:5 0:4 544580:2 0:3 544580:1 0:19 131567:1 0:13 131567:1 0:70 131567:5 0:1 131567:5 0:4 131567:4 0:38
C	1315	544580	1001	0:22 131567:1 0:58 131567:2 0:48 131567:4 0:4 131567:5 0:1 131567:5 0:69 131567:1 0:13 131567:1 0:19 544580:1 0:3 544580:2 0:4 544580:5 0:2 544580:5 0:33 131567:3 0:12 131567:11 0:1 131567:8 0:17 131567:5 0:6 131567:5 0:16 131567:4 0:1 131567:5 0:12 131567:5 0:2 131567:5 0:4 131567:5 0:92 131567:1 0:10 131567:2 0:7 131567:1 0:13 131567:1 0:11 131567:1 0:86 131567:4 0:6 131567:4 0:19 131567:5 0:7 131567:8 0:19 131567:4 0:14 131567:4 0:7 131567:2 0:8 131567:5 0:82 131567:4 0:92 131567:1 0:12
C	1316	131567	799	0:46 131567:4 0:80 131567:5 0:8 131567:2 0:62 131567:4 0:219 131567:5 0:4 131567:5 0:2 131567:5 0:12 131567:5 0:1 131567:4 0:16 131567:5 0:38 131567:9 0:97 131567:1 0:69 131567:5 0:1 131567:5 0:4 131567:4 0:38
C	1317	544580	1000	0:22 131567:1 0:58 131567:2 0:47 131567:4 0:4 131567:5 0:1 131567:5 0:68 131567:1 0:13 131567:1 0:19 544580:1 0:3 544580:2 0:4 544580:5 0:2 544580:5 0:33 131567:3 0:12 131567:11 0:1 131567:8 0:17 131567:5 0:6 131567:5 0:16 131567:4 0:1 131567:5 0:12 131567:5 0:2 131567:5 0:4 131567:5 0:46 131567:1 0:16 131567:2 0:26 131567:1 0:10 131567:2 0:7 131567:1 0:13 131567:1 0:11 131567:1 0:19 131567:4 0:63 131567:4 0:6 131567:4 0:19 131567:5 0:7 131567:8 0:19 131567:4 0:14 131567:4 0:7 131567:2 0:8 131567:5 0:64 131567:4 0:16 131567:4 0:51 131567:5 0:16 131567:1 0:19 131567:1 0:12
C	1318	36035	798	0:45 131567:4 0:16 131567:4 0:72 36035:5 0:4 131567:4 0:14 131567:4 0:19 131567:8 0:7 131567:5 0:19 131567:4 0:6 131567:4 0:87 131567:1 0:11 131567:1 0:13 131567:1 0:7 131567:2 0:10 131567:2 0:342 131567:4 0:39
C	1319	477697	993	0:2 477697:4 0:373 2:5 0:95 3273430:5 0:126 2:1 0:22 2:3 0:15 131567:5 0:14 2:6 131567:6 0:32 477697:3 0:242
C	1320	3273430	1279	0:761 3273430:4 0:106 3273430:5 0:106 131567:1 0:262
C	1321	477697	824	0:189 477697:2 0:53 477697:3 0:39 2:7 0:14 131567:5 0:35 2:1 0:122 3273430:5 0:90 131567:5 0:3 2:5 0:16 477697:5 0:5 477697:1 0:185
C	1322	544580	842	0:63 131567:4 0:63 131567:5 0:8 131567:2 0:62 131567:4 0:19 131567:4 0:6 131567:4 0:63 131567:4 0:19 131567:1 0:11 131567:1 0:13 131567:1 0:7 131567:2 0:10 131567:1 0:42 131567:1 0:46 131567:5 0:4 131567:5 0:55 131567:5 0:17 131567:4 0:65 544580:5 0:2 544580:5 0:4 544580:2 0:3 544580:1 0:19 131567:1 0:13 131567:1 0:70 131567:5 0:1 131567:5 0:45
C	1323	1224	994	0:2 477697:2 0:357 2:5 0:3 131567:5 0:93 3273430:5 0:152 2:3 0:40 40324:5 0:20 131567:1 0:74 477697:2 0:191
C	1324	2	1357	0:73 477697:2 0:55 477697:3 0:13 131567:1 0:215 3273430:5 0:72 40324:5 0:13 131567:5 0:3 2:5 0:853
C	1325	544580	1021	0:116 131567:2 0:135 131567:1 0:13 131567:1 0:19 544580:1 0:3 544580:2 0:4 544580:5 0:2 544580:5 0:87 131567:5 0:55 131567:5 0:4 131567:5 0:46 131567:1 0:16 131567:2 0:26 131567:1 0:10 131567:2 0:7 131567:1 0:13 131567:1 0:11 131567:1 0:19 131567:4 0:63 131567:4 0:6 131567:4 0:19 131567:5 0:7 131567:8 0:19 131567:4 0:14 131567:4 0:7 131567:2 0:8 131567:5 0:63 131567:4 0:16 131567:4 0:90
C	1326	544580	844	0:46 131567:4 0:16 131567:4 0:62 131567:5 0:8 131567:2 0:7 131567:4 0:14 131567:4 0:57 131567:4 0:6 131567:4 0:63 131567:4 0:19 131567:1 0:11 131567:1 0:13 131567:1 0:7 131567:2 0:10 131567:1 0:26 131567:2 0:16 131567:1 0:54 131567:5 0:12 131567:5 0:1 131567:4 0:16 131567:5 0:6 131567:5 0:17 131567:8 0:1 131567:11 0:50 544580:5 0:37 131567:1 0:13 131567:1 0:70 131567:5 0:53
C	1327	477697	985	0:189 477697:2 0:86 131567:7 0:1 2:5 0:3 168172:6 0:25 2:3 0:22 2:1 0:191 227086:1 0:29 131567:5 0:3 2:5 0:16 477697:5 0:5 477697:1 0:340
C	1328	569360	850	0:9 569360:5 0:185 5144:2 0:9 5125:5 0:2 5125:5 0:8 131567:5 0:4 716546:3 0:254 716546:5 0:1 131567:3 5144:5 0:28 131567:1 0:16 131567:5 0:5 716545:1 0:250
C	1330	544580	851	0:46 131567:4 0:16 131567:4 0:63 131567:5 0:8 131567:2 0:7 131567:4 0:14 131567:4 0:19 131567:8 0:7 131567:5 0:19 131567:4 0:110 131567:1 0:13 131567:1 0:7 131567:2 0:10 131567:1 0:26 131567:2 0:16 131567:1 0:46 131567:5 0:4 131567:5 0:2 131567:5 0:39 131567:5 0:6 131567:5 0:17 131567:8 0:1 131567:11 0:12 131567:3 0:33 544580:5 0:2 544580:5 0:4 544580:2 0:3 544580:1 0:19 131567:1 0:13 131567:1 0:68 131567:5 0:1 131567:5 0:4 131567:4 0:38
C	1331	544580	852	0:46 131567:4 0:16 131567:4 0:87 131567:4 0:14 131567:4 0:19 131567:8 0:7 131567:5 0:19 131567:4 0:6 131567:4 0:63 131567:4 0:53 131567:2 0:10 131567:1 0:92 131567:5 0:4 131567:5 0:2 131567:5 0:12 131567:5 0:1 131567:4 0:16 131567:5 0:6 131567:5 0:48 131567:3 0:33 544580:5 0:2 544580:5 0:4 544580:2 0:3 544580:1 0:19 131567:1 0:13 131567:1 0:70 131567:5 0:1 131567:5 0:4 131567:4 0:38
C	1332	544580	538	0:37 131567:4 0:4 131567:5 0:1 131567:5 0:70 131567:1 0:13 131567:1 0:19 544580:1 0:3 544580:2 0:4 544580:5 0:2 544580:5 0:33 131567:3 0:12 131567:11 0:1 131567:8 0:17 131567:5 0:6 131567:5 0:16 131567:4 0:1 131567:5 0:12 131567:5 0:2 131567:5 0:4 131567:5 0:46 131567:1 0:16 131567:2 0:26 131567:1 0:10 131567:2 0:7 131567:1 0:13 131567:1 0:11 131567:1 0:24
C	1333	569360	802	0:9 569360:5 0:178 5144:2 0:9 5125:5 0:2 5125:5 0:8 131567:5 0:4 716546:3 0:51 716546:1 0:203 716546:5 0:1 131567:3 5144:5 0:28 131567:1 0:16 131567:5 0:5 716545:1 0:208
C	1334	544580	982	0:22 131567:1 0:108 131567:4 0:4 131567:5 0:1 131567:5 0:69 131567:1 0:13 131567:1 0:19 544580:1 0:3 544580:2 0:4 544580:5 0:2 544580:5 0:33 131567:3 0:12 131567:11 0:1 131567:8 0:17 131567:5 0:6 131567:5 0:16 131567:4 0:1 131567:5 0:12 131567:5 0:81 131567:1 0:26 131567:1 0:10 131567:2 0:7 131567:1 0:13 131567:1 0:11 131567:1 0:19 131567:4 0:96 131567:5 0:7 131567:8 0:19 131567:4 0:14 131567:4 0:7 131567:2 0:8 131567:5 0:63 131567:4 0:16 131567:4 0:51 131567:5 0:16 131567:1 0:12
C	1335	544580	995	0:22 131567:1 0:58 131567:2 0:48 131567:4 0:4 131567:5 0:1 131567:5 0:68 131567:1 0:13 131567:1 0:19 544580:1 0:3 544580:2 0:4 544580:5 0:2 544580:5 0:33 131567:3 0:12 131567:11 0:1 131567:8 0:17 131567:5 0:64 131567:5 0:46 131567:1 0:16 131567:2 0:26 131567:1 0:10 131567:2 0:7 131567:1 0:13 131567:1 0:11 131567:1 0:19 131567:4 0:63 131567:4 0:6 131567:4 0:19 131567:5 0:7 131567:8 0:19 131567:4 0:14 131567:4 0:7 131567:2 0:8 131567:5 0:63 131567:4 0:16 131567:4 0:92 131567:1 0:8
C	1336	544580	825	0:46 131567:4 0:16 131567:4 0:63 131567:5 0:8 131567:2 0:204 131567:1 0:152 131567:2 0:16 131567:5 0:6 131567:5 0:17 131567:8 0:1 131567:11 0:12 131567:3 0:40 544580:5 0:4 544580:2 0:3 544580:1 0:19 131567:1 0:13 131567:1 0:69 131567:5 0:1 131567:5 0:4 131567:4 0:23
C	1337	181762	1055	0:8 181762:1 0:1 181762:3 0:232 131567:2 0:30 131567:5 0:26 131567:4 0:22 131567:5 0:8 131567:9 0:256 131567:3 0:406
C	1338	544580	1032	0:65 131567:1 0:57 131567:2 0:58 131567:5 0:1 131567:5 0:70 131567:1 0:13 131567:1 0:37 544580:5 0:33 131567:3 0:12 131567:11 0:1 131567:8 0:17 131567:5 0:6 131567:5 0:16 131567:4 0:1 131567:5 0:12 131567:5 0:2 131567:5 0:4 131567:5 0:46 131567:1 0:16 131567:2 0:26 131567:1 0:10 131567:2 0:7 131567:1 0:13 131567:1 0:11 131567:1 0:85 131567:4 0:6 131567:4 0:19 131567:5 0:7 131567:8 0:19 131567:4 0:14 131567:4 0:7 131567:2 0:8 131567:5 0:63 131567:4 0:16 131567:4 0:91
C	1339	40324	1284	0:266 477697:5 0:34 477697:1 0:347 2:5 0:3 131567:5 0:13 40324:5 0:72 3273430:5 0:150 2:3 0:15 131567:5 0:20 40324:5 0:20 131567:1 0:74 477697:2 0:194
C	1340	544580	855	0:46 131567:4 0:16 131567:4 0:64 131567:5 0:8 131567:2 0:50 131567:8 0:7 131567:5 0:19 131567:4 0:6 131567:4 0:65 131567:4 0:19 131567:1 0:11 131567:1 0:13 131567:1 0:7 131567:2 0:103 131567:5 0:4 131567:5 0:2 131567:5 0:12 131567:5 0:1 131567:4 0:16 131567:5 0:6 131567:5 0:52 131567:3 0:33 544580:5 0:117 131567:5 0:1 131567:5 0:4 131567:4 0:38
C	1341	3273430	1285	0:259 477697:5 0:12 131567:4 0:18 477697:2 0:36 1884633:1 0:325 2:5 0:3 131567:5 0:93 3273430:5 0:103 3273430:5 0:41 2:3 0:40 40324:5 0:90 477697:2 0:166 53362:3 0:20
C	1342	544580	843	0:46 131567:4 0:16 131567:4 0:63 131567:5 0:8 131567:2 0:7 131567:4 0:14 131567:4 0:19 131567:8 0:7 131567:5 0:19 131567:4 0:6 131567:4 0:87 131567:1 0:11 131567:1 0:13 131567:1 0:7 131567:2 0:10 131567:1 0:92 131567:2 0:4 131567:5 0:19 131567:5 0:1 131567:3 0:17 131567:5 0:6 131567:5 0:17 131567:8 0:58 544580:5 0:2 544580:5 0:4 544580:2 0:3 544580:1 0:19 131567:1 0:13 131567:1 0:65 131567:5 0:1 131567:5 0:4 131567:4 0:39
C	1343	544580	838	0:45 131567:5 0:95 131567:2 0:47 131567:8 0:7 131567:5 0:19 131567:4 0:6 131567:4 0:82 131567:1 0:45 131567:1 0:26 131567:2 0:16 131567:1 0:46 131567:5 0:4 131567:5 0:2 131567:5 0:50 131567:5 0:17 131567:8 0:1 131567:11 0:45 544580:5 0:2 544580:5 0:40 131567:1 0:76 131567:5 0:4 131567:4 0:37
C	1344	181762	1114	0:43 181762:1 0:1 181762:5 0:222 181124:1 0:12 131567:2 0:30 131567:5 0:26 131567:4 0:22 131567:5 0:149 181124:1 0:123 131567:1 0:10 131567:3 0:414
C	1345	544580	853	0:131 131567:5 0:8 131567:2 0:7 131567:4 0:39 131567:7 0:7 131567:5 0:19 131567:4 0:6 131567:4 0:98 131567:1 0:60 131567:2 0:16 131567:1 0:46 131567:5 0:4 131567:5 0:2 131567:5 0:40 131567:5 0:6 131567:5 0:17 131567:8 0:1 131567:11 0:50 544580:5 0:2 544580:5 0:40 131567:1 0:130
C	1346	544580	849	0:47 131567:4 0:16 131567:4 0:63 131567:5 0:8 131567:2 0:7 131567:4 0:14 131567:4 0:67 131567:4 0:64 131567:4 0:19 131567:1 0:11 131567:1 0:13 131567:1 0:7 131567:2 0:10 131567:1 0:26 131567:2 0:16 131567:1 0:46 131567:5 0:4 131567:5 0:2 131567:5 0:12 131567:5 0:1 131567:4 0:16 131567:5 0:6 131567:5 0:17 131567:8 0:1 131567:11 0:12 131567:3 0:33 544580:5 0:2 544580:5 0:4 544580:2 0:3 544580:1 0:19 131567:1 0:13 131567:1 0:68 131567:5 0:1 131567:5 0:4 131567:4 0:38
C	1348	4893	972	0:22 131567:1 0:37 4893:5 0:16 131567:2 0:48 131567:4 0:4 131567:5 0:1 131567:5 0:71 131567:1 0:13 131567:1 0:85 131567:11 0:1 131567:8 0:17 131567:5 0:6 131567:5 0:16 131567:4 0:1 131567:5 0:12 131567:5 0:2 131567:5 0:4 131567:5 0:46 131567:1 0:45 131567:1 0:10 131567:2 0:7 131567:1 0:13 131567:1 0:11 131567:1 0:19 131567:4 0:63 131567:4 0:6 131567:4 0:19 131567:5 0:31 131567:5 0:14 131567:4 0:7 131567:2 0:8 131567:5 0:136 131567:5 0:16 131567:1 0:8
C	1349	181762	886	0:192 181762:5 0:3 181762:1 0:357 131567:5 0:3 131567:5 0:5 131567:1 0:10 131567:3 0:20 131567:9 0:12 131567:3 0:33 544580:5 0:121 131567:5 0:1 131567:5 0:4 131567:4 0:40
C	1350	40324	964	0:2 477697:4 0:344 2:5 0:3 131567:5 0:13 40324:5 0:72 3273430:5 0:194 40324:5 0:20 131567:1 0:5 131567:8 0:19 131567:4 0:14 131567:4 0:104 131567:4 0:90
C	1351	40324	974	0:2 477697:4 0:343 2:5 0:3 131567:5 0:13 40324:5 0:72 3273430:5 0:149 2:3 0:15 131567:5 0:20 40324:5 0:20 131567:1 0:13 477697:3 0:52 477697:2 0:195
C	1352	3273430	979	0:221 477697:2 0:55 477697:3 0:13 131567:1 0:110 3273430:5 0:104 3273430:5 0:96 131567:5 0:3 2:5 0:317
C	1353	477697	961	0:316 477697:5 0:16 2:5 0:3 131567:5 0:29 227086:1 0:60 3273430:5 0:168 131567:5 0:14 2:6 131567:7 0:32 477697:3 0:55 477697:2 0:190
C	1354	3273430	950	0:195 477697:2 0:55 477697:3 0:13 131567:1 0:20 40324:5 0:40 2:3 0:41 3273430:5 0:104 3273430:5 0:93 131567:5 0:3 2:5 0:318
C	1355	544580	973	0:22 131567:1 0:58 131567:2 0:48 131567:4 0:4 131567:5 0:1 131567:5 0:64 131567:1 0:13 131567:1 0:19 544580:1 0:3 544580:2 0:4 544580:5 0:2 544580:5 0:33 131567:3 0:12 131567:11 0:1 131567:8 0:17 131567:5 0:6 131567:5 0:16 131567:4 0:1 131567:5 0:144 131567:1 0:13 131567:1 0:11 131567:1 0:19 131567:4 0:63 131567:4 0:6 131567:4 0:19 131567:5 0:7 131567:8 0:19 131567:4 0:14 131567:4 0:7 131567:2 0:8 131567:5 0:63 131567:4 0:16 131567:4 0:51 131567:5 0:16 131567:1 0:9
C	1356	5125	884	0:317 131567:1 0:209 147550:5 0:32 716546:1 0:50 716546:3 0:4 131567:5 0:8 5125:5 0:2 5125:5 0:9 5144:2 0:192
C	1357	544580	1038	0:63 131567:1 0:58 131567:2 0:48 131567:4 0:4 131567:5 0:1 131567:5 0:70 131567:1 0:13 131567:1 0:19 544580:1 0:3 544580:2 0:4 544580:5 0:55 131567:11 0:1 131567:8 0:17 131567:5 0:6 131567:5 0:16 131567:4 0:1 131567:5 0:12 131567:5 0:2 131567:5 0:4 131567:5 0:89 131567:1 0:10 131567:2 0:7 131567:1 0:13 131567:1 0:11 131567:1 0:19 131567:4 0:63 131567:4 0:6 131567:4 0:19 131567:5 0:7 131567:8 0:19 131567:4 0:14 131567:4 0:7 131567:2 0:8 131567:5 0:63 131567:4 0:16 131567:4 0:102
C	1358	147537	775	0:45 131567:5 0:16 131567:4 0:99 131567:3 0:7 131567:5 0:19 131567:4 0:6 131567:5 0:146 131567:2 0:96 131567:2 0:16 131567:5 0:5 716545:1 0:10 716545:3 147537:5 0:73 544580:5 0:154
C	1359	569360	889	0:78 147550:1 0:227 131567:5 0:16 131567:1 0:28 5144:5 131567:3 0:1 716546:5 0:165 147550:5 0:83 716546:3 0:4 131567:5 0:8 5125:5 0:2 5125:5 0:9 5144:2 0:168 569360:5 0:13 5144:2 0:1
C	1360	131567	961	0:22 131567:1 0:115 131567:5 0:1 131567:5 0:69 131567:1 0:13 131567:1 0:88 131567:5 0:29 131567:5 0:6 131567:5 0:16 131567:4 0:1 131567:5 0:12 131567:5 0:2 131567:5 0:4 131567:5 0:81 131567:2 0:10 131567:2 0:7 131567:1 0:13 131567:1 0:11 131567:1 0:19 131567:4 0:131 131567:4 0:14 131567:4 0:7 131567:2 0:8 131567:5 0:64 131567:4 0:16 131567:4 0:82
C	1361	181762	1092	0:41 181762:1 0:1 181762:5 0:229 131567:2 0:30 131567:5 0:9 168172:7 0:10 131567:4 0:22 131567:3 0:86 5338:3 0:177 131567:1 0:10 131567:3 0:409
C	1362	477697	603	0:180 477697:2 0:55 477697:3 0:13 131567:1 0:18 131567:7 2:6 0:284
C	1363	544580	897	0:46 131567:4 0:16 131567:4 0:83 131567:4 0:14 131567:4 0:19 131567:8 0:7 131567:5 0:19 131567:4 0:6 131567:5 0:121 131567:2 0:10 131567:1 0:92 131567:5 0:4 131567:5 0:2 131567:5 0:37 131567:5 0:6 131567:5 0:17 131567:8 0:1 131567:1 0:58 544580:5 0:11 544580:2 0:105 131567:5 0:1 131567:5 0:4 131567:4 0:48 131567:1 42260:5 0:34
C	1364	544580	835	0:121 131567:5 0:8 131567:2 0:7 131567:4 0:14 131567:4 0:19 131567:8 0:7 131567:5 0:19 131567:4 0:6 131567:4 0:63 131567:4 0:19 131567:1 0:11 131567:1 0:121 131567:5 0:4 131567:5 0:2 131567:5 0:39 131567:5 0:6 131567:5 0:17 131567:8 0:1 131567:11 0:12 131567:3 0:33 544580:5 0:2 544580:5 0:4 544580:2 0:3 544580:1 0:33 131567:1 0:127
C	1365	131567	506	0:46 131567:4 0:16 131567:4 0:63 131567:5 0:8 131567:2 0:7 131567:4 0:14 131567:4 0:19 131567:8 0:7 131567:5 0:19 131567:4 0:6 131567:4 0:87 131567:1 0:34 131567:2 0:10 131567:1 0:26 131567:2 0:16 131567:1 0:43
C	1366	569360	908	0:2 1760811:4 0:42 131567:1 147550:2 0:28 147550:1 0:222 716545:1 0:5 131567:5 0:16 131567:1 0:28 5144:5 131567:3 0:1 716546:5 0:203 2093780:1 0:51 716546:3 0:4 131567:5 0:8 5125:5 0:2 5125:5 0:9 5144:2 0:184 569360:5 0:13 5144:2
C	1367	477697	947	0:2 477697:4 0:341 131567:5 0:370 477697:2 0:189
C	1369	544580	838	0:46 131567:4 0:84 131567:5 0:8 131567:2 0:7 131567:4 0:14 131567:4 0:19 131567:8 0:7 131567:5 0:19 131567:4 0:69 131567:4 0:19 131567:1 0:11 131567:1 0:13 131567:1 0:7 131567:2 0:10 131567:1 0:85 131567:5 0:4 131567:5 0:2 131567:5 0:38 131567:5 0:44 131567:6 0:12 131567:3 0:33 544580:5 0:2 544580:5 0:4 544580:2 0:3 544580:1 0:19 131567:1 0:13 131567:1 0:72 131567:5 0:45
C	1370	477697	1111	0:472 477697:5 0:57 227086:1 0:189 2:1 0:41 131567:4 0:14 2:6 131567:7 0:18 131567:1 0:13 477697:3 0:245
C	1371	544580	884	0:45 131567:4 0:16 131567:4 0:63 131567:5 0:8 131567:2 0:7 131567:4 0:14 131567:4 0:19 131567:8 0:7 131567:5 0:19 131567:4 0:6 131567:4 0:63 131567:4 0:19 131567:1 0:11 131567:1 0:13 131567:1 0:7 131567:2 0:10 131567:1 0:26 131567:2 0:119 131567:5 0:6 131567:5 0:49 131567:3 0:33 544580:5 0:2 544580:5 0:4 544580:2 0:3 544580:1 0:19 131567:1 0:13 131567:1 0:70 131567:5 0:1 131567:5 0:4 131567:4 0:48 131567:1 0:27
C	1372	477697	1396	0:368 477697:5 0:12 131567:4 0:18 477697:2 0:357 2:5 0:3 131567:5 0:93 3273430:5 0:195 40324:5 0:20 131567:1 0:13 477697:3 0:55 477697:2 0:191
C	1373	477697	1215	0:505 477697:3 0:13 131567:1 0:18 131567:7 2:6 0:59 2:1 0:128 3273430:5 0:59 227086:1 0:29 131567:5 0:3 2:5 0:16 477697:5 0:5 477697:1 0:306
C	1374	544580	949	0:46 131567:4 0:16 131567:4 0:141 131567:4 0:104 131567:4 0:29 131567:4 0:13 131567:1 0:7 131567:2 0:10 131567:1 0:93 131567:5 0:4 131567:5 0:2 131567:5 0:39 131567:5 0:6 131567:5 0:17 131567:7 0:61 544580:5 0:33 131567:4 0:150 131567:2 0:77
C	1375	5338	1057	0:221 1296100:2 0:9 131567:2 0:30 131567:5 0:26 131567:4 0:119 5338:3 0:119 4751:2 0:67 131567:3 0:411
C	1376	3273430	940	0:187 477697:2 0:55 477697:3 0:13 131567:1 0:20 40324:5 0:40 2:3 0:41 3273430:5 0:104 3273430:1 0:96 131567:5 0:3 2:5 0:317
C	1377	544580	984	0:22 131567:1 0:125 131567:5 0:69 131567:1 0:13 131567:1 0:19 544580:1 0:3 544580:2 0:4 544580:5 0:2 544580:5 0:33 131567:3 0:12 131567:11 0:1 131567:8 0:17 131567:5 0:6 131567:5 0:16 131567:4 0:1 131567:5 0:12 131567:5 0:2 131567:5 0:4 131567:5 0:46 131567:1 0:16 131567:2 0:26 131567:1 0:10 131567:2 0:7 131567:1 0:13 131567:1 0:11 131567:1 0:88 131567:4 0:6 131567:4 0:19 131567:5 0:7 131567:8 0:19 131567:4 0:14 131567:4 0:7 131567:2 0:76 131567:4 0:16 131567:4 0:51 131567:5 0:16 131567:1 0:10
C	1379	544580	846	0:46 131567:4 0:16 131567:4 0:63 131567:5 0:8 131567:2 0:49 131567:8 0:7 131567:5 0:19 131567:4 0:6 131567:4 0:98 131567:1 0:13 131567:1 0:7 131567:2 0:10 131567:1 0:26 131567:2 0:16 131567:1 0:102 131567:5 0:6 131567:5 0:17 131567:8 0:1 131567:11 0:12 131567:3 0:33 544580:5 0:2 544580:5 0:4 544580:2 0:3 544580:1 0:19 131567:1 0:13 131567:1 0:68 131567:5 0:1 131567:5 0:4 131567:4 0:38
C	1380	1328300	797	0:3 232080:1 0:10 232080:5 0:8 232080:8 0:23 1328300:3 0:1 1328300:5 0:87 232080:5 0:27 147550:2 0:61 232080:2 0:170 5125:5 0:7 5125:1 0:1 232080:1 5125:5 0:4 5125:2 0:3 131567:2 0:108 716545:1 0:10 716545:3 0:9 34397:1 0:91 232080:3 0:71 232080:2 0:12
C	1382	544580	845	0:46 131567:4 0:16 131567:4 0:63 131567:5 0:8 131567:2 0:7 131567:4 0:14 131567:4 0:34 131567:4 0:19 131567:4 0:6 131567:4 0:59 131567:4 0:63 131567:1 0:26 131567:2 0:16 131567:1 0:46 131567:5 0:4 131567:5 0:2 131567:5 0:12 131567:5 0:1 131567:4 0:119 544580:5 0:2 544580:5 0:4 544580:2 0:3 544580:1 0:19 131567:1 0:13 131567:1 0:70 131567:5 0:1 131567:5 0:4 131567:4 0:38
C	1383	131567	841	0:66 131567:4 0:72 131567:2 0:86 131567:4 0:6 131567:4 0:63 131567:4 0:19 131567:1 0:11 131567:1 0:122 131567:5 0:4 131567:5 0:2 131567:5 0:39 131567:5 0:6 131567:5 0:17 131567:8 0:1 131567:11 0:12 131567:3 0:157 131567:5 0:1 131567:5 0:4 131567:4 0:38
C	1385	544580	857	0:45 131567:4 0:16 131567:4 0:73 131567:2 0:7 131567:4 0:37 131567:7 0:7 131567:5 0:19 131567:4 0:6 131567:4 0:61 131567:4 0:19 131567:1 0:136 131567:5 0:4 131567:5 0:2 131567:5 0:39 131567:5 0:6 131567:5 0:17 131567:8 0:1 131567:3 0:62 544580:5 0:2 544580:5 0:4 544580:2 0:3 544580:1 0:104 131567:5 0:1 131567:5 0:4 131567:4 0:46
C	1386	40324	1273	0:268 477697:5 0:379 2:5 0:3 131567:5 0:13 40324:5 0:72 3273430:5 0:167 131567:5 0:20 40324:5 0:20 131567:1 0:13 477697:3 0:245
C	1387	544580	1198	0:70 9606:1 0:6 9606:2 0:49 9606:2 0:71 131567:5 0:97 131567:2 0:47 131567:4 0:4 131567:5 0:1 131567:5 0:103 544580:1 0:3 544580:2 0:4 544580:5 0:2 544580:5 0:33 131567:3 0:12 131567:11 0:1 131567:8 0:17 131567:5 0:6 131567:5 0:16 131567:4 0:1 131567:5 0:12 131567:5 0:2 131567:5 0:4 131567:5 0:46 131567:1 0:16 131567:2 0:38 131567:2 0:51 131567:4 0:132 131567:4 0:14 131567:4 0:7 131567:2 0:8 131567:5 0:63 131567:4 0:16 131567:4 0:51 131567:5 0:16 131567:1 0:12
C	1388	76775	1034	0:9 76775:5 0:88 76775:6 0:6 76775:1 0:9 76775:1 0:6 76775:2 0:19 76775:6 0:6 76775:1 0:73 55193:4 0:29 131567:2 0:12 131567:2 0:101 76775:1 0:17 76775:1 0:11 55193:5 0:11 76775:5 0:5 76775:1 0:109 55193:2 0:24 131567:1 0:3 131567:5 0:3 131567:5 0:16 55193:3 0:14 55193:5 76775:2 0:13 76775:2 0:9 76775:4 0:5 76775:2 0:12 76775:1 0:19 76775:5 0:76 76775:1 0:35 76775:3 0:143 5204:1 0:32
C	1389	131567	847	0:68 131567:4 0:101 131567:4 0:32 131567:5 0:100 131567:2 0:63 131567:1 0:92 131567:5 0:4 131567:5 0:2 131567:5 0:38 131567:5 0:6 131567:5 0:17 131567:8 0:1 131567:3 0:92 131567:1 0:13 131567:1 0:130
C	1391	544580	843	0:150 131567:4 0:14 131567:4 0:19 131567:8 0:7 131567:5 0:19 131567:4 0:6 131567:4 0:63 131567:4 0:19 131567:1 0:11 131567:1 0:59 131567:2 0:16 131567:1 0:46 131567:5 0:4 131567:5 0:2 131567:5 0:12 131567:5 0:1 131567:4 0:16 131567:5 0:6 131567:5 0:17 131567:4 0:65 544580:5 0:11 544580:2 0:23 131567:1 0:82 131567:5 0:1 131567:5 0:4 131567:4 0:38
C	1393	40324	972	0:347 2:5 0:297 40324:5 0:20 131567:1 0:13 477697:3 0:247
C	1394	544580	981	0:22 131567:1 0:58 131567:2 0:50 131567:4 0:4 131567:5 0:1 131567:5 0:67 131567:1 0:13 131567:1 0:19 544580:1 0:3 544580:2 0:4 544580:5 0:94 131567:5 0:6 131567:5 0:16 131567:4 0:1 131567:5 0:12 131567:5 0:2 131567:5 0:4 131567:5 0:138 131567:1 0:19 131567:4 0:95 131567:5 0:7 131567:8 0:19 131567:4 0:14 131567:4 0:82 131567:4 0:16 131567:4 0:86
C	1395	569360	807	0:9 569360:5 0:183 5144:2 0:9 5125:5 0:2 5125:5 0:8 131567:5 0:4 716546:3 0:51 716546:1 0:203 716546:5 0:1 131567:3 5144:5 0:28 131567:1 0:16 131567:5 0:5 716545:1 0:208
C	1396	477697	1275	0:264 477697:5 0:34 477697:4 0:343 2:5 0:3 131567:5 0:13 40324:5 0:72 3273430:5 0:150 2:3 0:15 131567:5 0:20 40324:5 0:20 131567:1 0:13 477697:3 0:55 477697:2 0:191
C	1397	181124	1108	0:321 131567:5 0:26 131567:4 0:22 131567:5 0:8 131567:9 0:5 131567:5 0:58 5338:3 0:59 181124:1 0:62 4751:2 0:56 131567:1 0:10 131567:3 0:409
C	1398	181762	1106	0:50 181762:1 0:1 181762:5 0:262 131567:5 0:26 131567:4 0:22 131567:3 0:86 5338:3 0:123 4751:2 0:56 131567:1 0:10 131567:3 0:409
C	1399	477697	892	0:243 477697:3 0:13 131567:1 0:18 131567:7 2:4 0:288 131567:5 0:3 2:5 0:16 477697:2 0:250
C	1400	40324	940	0:311 2:5 0:3 131567:5 0:13 40324:5 0:72 3273430:5 0:169 131567:5 0:20 40324:5 0:20 131567:1 0:13 477697:3 0:55 477697:2 0:194
C	1401	181124	1070	0:249 131567:2 0:30 131567:5 0:26 131567:4 0:22 131567:5 0:8 131567:9 0:5 131567:5 0:58 5338:3 0:59 181124:1 0:120 131567:1 0:10 131567:3 0:411
C	1402	76775	753	0:88 55193:5 0:14 55193:3 0:56 55193:2 0:66 76775:2 0:61 55193:5 0:129 131567:2 0:12 131567:2 0:257 55193:1 0:14
C	1403	544580	879	0:68 131567:4 0:80 131567:4 0:14 131567:4 0:19 131567:8 0:7 131567:5 0:19 498019:4 0:70 131567:4 0:19 131567:1 0:11 131567:1 0:13 131567:1 0:7 131567:2 0:10 131567:1 0:102 131567:5 0:40 131567:5 0:6 131567:5 0:17 131567:8 0:1 131567:11 0:12 131567:3 0:33 544580:5 0:2 544580:5 0:4 544580:3 0:202
C	1404	544580	1391	0:22 131567:1 0:58 131567:2 0:48 131567:4 0:4 131567:5 0:1 131567:5 0:70 131567:1 0:13 131567:1 0:19 544580:1 0:3 544580:2 0:4 544580:5 0:2 544580:5 0:33 131567:3 0:12 131567:11 0:1 131567:8 0:17 131567:5 0:6 131567:5 0:16 131567:4 0:1 131567:5 0:12 131567:5 0:2 131567:5 0:4 131567:5 0:46 131567:1 0:16 131567:2 0:26 131567:1 0:10 131567:2 0:7 131567:1 0:13 131567:1 0:11 131567:1 0:19 131567:4 0:63 131567:4 0:6 131567:4 0:19 131567:5 0:7 131567:8 0:19 131567:4 0:14 131567:4 0:7 131567:2 0:8 131567:5 0:63 131567:4 0:16 131567:4 0:74 131567:1 0:19 131567:1 0:114 131567:4 0:6 131567:4 0:19 131567:5 0:7 131567:8 0:19 131567:4 0:14 131567:4 0:7 131567:2 0:8 131567:5 0:63 131567:4 0:16 131567:4 0:51 131567:5 0:16 131567:1 0:9
C	1405	544580	872	0:66 131567:4 0:64 131567:5 0:8 131567:2 0:7 131567:4 0:14 131567:4 0:19 131567:8 0:7 131567:5 0:29 131567:4 0:63 131567:4 0:19 131567:1 0:11 131567:1 0:13 131567:1 0:7 131567:2 0:10 131567:1 0:26 131567:2 0:151 131567:12 0:12 131567:3 0:33 544580:5 0:119 131567:5 0:1 131567:5 0:4 131567:4 0:73
C	1406	131567	1043	0:236 131567:2 0:30 131567:5 0:325 131567:3 0:408
C	1407	131567	1074	0:252 131567:2 0:62 131567:4 0:296 131567:1 0:10 131567:3 0:410
C	1408	477697	991	0:184 477697:2 0:86 131567:5 2:6 0:14 131567:5 0:15 2:3 0:22 2:1 0:193 227086:1 0:29 131567:5 0:386
C	1409	2916678	944	0:43 131567:4 0:16 131567:4 0:86 131567:4 0:14 131567:4 0:39 2916678:5 0:12 131567:4 0:6 131567:4 0:63 131567:4 0:19 131567:1 0:11 131567:1 0:13 131567:1 0:7 131567:2 0:10 131567:1 0:26 131567:2 0:122 131567:5 0:6 131567:5 0:44 131567:3 0:173 131567:5 0:141
C	1410	544580	905	0:119 131567:4 0:16 131567:4 0:126 131567:8 0:7 131567:5 0:96 131567:3 0:61 131567:1 0:101 131567:5 0:12 131567:5 0:31 131567:5 0:17 131567:4 0:86 544580:1 0:19 131567:1 0:13 131567:1 0:65 131567:5 0:1 131567:5 0:4 131567:4 0:36
C	1411	544580	984	0:20 131567:1 0:58 131567:2 0:61 131567:5 0:70 131567:1 0:13 131567:1 0:19 544580:1 0:3 544580:2 0:4 544580:5 0:2 544580:5 0:33 131567:3 0:12 131567:11 0:1 131567:8 0:17 131567:5 0:6 131567:5 0:16 131567:4 0:1 131567:5 0:12 131567:5 0:2 131567:5 0:4 131567:5 0:92 131567:1 0:10 131567:2 0:7 131567:1 0:13 131567:1 0:11 131567:1 0:19 131567:4 0:63 131567:4 0:6 131567:4 0:59 131567:4 0:14 131567:4 0:7 131567:2 0:8 131567:5 0:63 131567:4 0:16 131567:4 0:72 131567:1 0:15
C	1412	544580	978	0:22 131567:1 0:108 131567:4 0:4 131567:5 0:1 131567:5 0:69 131567:1 0:13 131567:1 0:19 544580:1 0:3 544580:2 0:4 544580:5 0:2 544580:5 0:33 131567:3 0:49 131567:5 0:6 131567:5 0:17 131567:1 0:26 131567:5 0:4 131567:5 0:46 131567:1 0:16 131567:2 0:70 131567:1 0:19 131567:4 0:73 131567:4 0:57 131567:4 0:14 131567:4 0:7 131567:2 0:8 131567:5 0:63 131567:4 0:16 131567:4 0:51 131567:5 0:16 131567:1 0:13
C	1413	544580	848	0:46 131567:4 0:16 131567:4 0:63 131567:5 0:8 131567:2 0:7 131567:4 0:14 131567:4 0:19 131567:8 0:7 131567:5 0:19 131567:4 0:6 131567:4 0:63 131567:4 0:19 131567:1 0:11 131567:1 0:13 131567:1 0:7 131567:2 0:10 131567:1 0:26 131567:2 0:62 131567:5 0:4 131567:5 0:2 131567:5 0:12 131567:5 0:1 131567:4 0:16 131567:5 0:6 131567:5 0:17 131567:8 0:1 131567:11 0:12 131567:3 0:33 544580:5 0:2 544580:5 0:4 544580:2 0:3 544580:1 0:19 131567:1 0:13 131567:1 0:70 131567:5 0:1 131567:5 0:4 131567:4 0:37
C	1414	477697	509	0:189 477697:2 0:91 131567:7 2:6 0:14 131567:5 0:15 2:3 0:143
C	1415	544580	989	0:22 131567:1 0:58 131567:2 0:48 131567:4 0:4 131567:5 0:1 131567:5 0:69 131567:1 0:13 131567:1 0:19 544580:1 0:3 544580:2 0:4 544580:5 0:2 544580:5 0:33 131567:3 0:12 131567:7 0:29 131567:5 0:6 131567:5 0:16 131567:4 0:1 131567:5 0:12 131567:5 0:2 131567:5 0:4 131567:5 0:46 131567:1 0:17 131567:1 0:26 131567:1 0:10 131567:2 0:7 131567:1 0:13 131567:1 0:11 131567:1 0:19 131567:4 0:63 131567:4 0:6 131567:4 0:19 131567:5 0:7 131567:8 0:19 131567:4 0:14 131567:4 0:7 131567:2 0:8 131567:5 0:181
C	1416	477697	1391	0:344 477697:5 0:34 477697:4 0:469 3273430:5 0:151 2:3 0:15 131567:5 0:14 2:6 131567:7 0:18 131567:1 0:13 477697:3 0:55 477697:2 0:203
C	1417	544580	850	0:46 131567:4 0:16 131567:4 0:63 131567:5 0:8 131567:2 0:7 131567:4 0:14 131567:4 0:19 131567:8 0:7 131567:5 0:19 131567:4 0:6 131567:4 0:112 131567:1 0:7 131567:2 0:10 131567:1 0:92 131567:5 0:4 131567:5 0:2 131567:5 0:12 131567:5 0:1 131567:4 0:16 131567:5 0:6 131567:5 0:17 131567:8 0:1 131567:11 0:12 131567:3 0:33 544580:5 0:2 544580:5 0:4 544580:2 0:3 544580:1 0:19 131567:1 0:13 131567:1 0:76 131567:5 0:4 131567:4 0:37
C	1418	477697	1374	0:338 477697:5 0:34 477697:4 0:345 477697:1 0:5 477697:5 0:16 2:5 0:3 131567:5 0:29 227086:1 0:60 3273430:5 0:127 2:1 0:22 2:3 0:15 131567:5 0:14 2:6 131567:7 0:18 131567:1 0:13 477697:3 0:55 477697:2 0:187
C	1419	40324	976	0:297 477697:3 0:13 131567:1 0:20 40324:5 0:190 3273430:5 0:72 40324:5 0:13 131567:5 0:3 2:5 0:305
C	1420	5338	1151	0:8 181762:1 0:1 181762:5 0:260 131567:5 0:26 131567:4 0:22 131567:5 0:8 131567:5 0:10 181124:5 0:115 181124:1 0:63 4751:2 0:54 131567:1 0:10 131567:3 0:503
C	1421	5204	977	0:22 131567:4 0:55 131567:2 0:48 131567:4 0:4 131567:5 0:1 131567:5 0:67 131567:1 0:13 131567:1 0:74 131567:3 0:66 5204:5 0:9 131567:2 0:1 131567:5 0:12 131567:5 0:2 131567:5 0:4 131567:5 0:64 131567:1 0:26 131567:1 0:10 131567:2 0:7 131567:1 0:13 131567:4 0:29 131567:4 0:93 131567:5 0:7 131567:8 0:19 131567:4 0:14 131567:4 0:7 131567:2 0:8 131567:5 0:63 131567:4 0:91 131567:1 0:16
C	1422	5125	807	0:198 5144:2 0:9 5125:5 0:2 5125:5 0:8 131567:5 0:4 716546:3 0:257 716546:5 0:1 131567:3 5144:5 0:44 131567:5 0:5 716545:1 0:206
C	1423	544580	851	0:46 131567:4 0:86 131567:5 0:8 131567:2 0:7 131567:4 0:14 131567:4 0:19 131567:8 0:7 131567:5 0:19 131567:4 0:6 131567:4 0:63 131567:4 0:19 131567:1 0:11 131567:1 0:13 131567:1 0:7 131567:2 0:10 131567:1 0:26 131567:2 0:16 131567:1 0:113 131567:5 0:17 131567:8 0:1 131567:11 0:48 544580:5 0:38 131567:1 0:13 131567:1 0:71 131567:5 0:1 131567:5 0:4 131567:4 0:36
C	1424	544580	1007	0:58 131567:1 0:106 131567:4 0:4 131567:5 0:1 131567:5 0:81 131567:1 0:19 544580:1 0:3 544580:2 0:4 544580:5 0:41 131567:3 0:12 131567:8 0:65 131567:5 0:93 131567:2 0:26 131567:1 0:10 131567:2 0:7 131567:1 0:13 131567:1 0:11 131567:1 0:19 131567:4 0:63 131567:4 0:6 131567:4 0:19 131567:5 0:7 131567:8 0:8 291208:1 0:39 131567:2 0:8 131567:5 0:63 131567:4 0:16 131567:4 0:51 131567:5 0:16 131567:1 0:9
C	1425	544580	844	0:44 131567:4 0:16 131567:4 0:63 131567:5 0:8 131567:2 0:7 131567:4 0:14 131567:4 0:19 131567:8 0:7 131567:5 0:19 131567:4 0:6 131567:4 0:63 131567:4 0:19 131567:1 0:11 131567:1 0:13 131567:1 0:7 131567:2 0:10 131567:1 0:90 131567:5 0:4 131567:5 0:2 131567:5 0:46 131567:5 0:17 131567:8 0:1 131567:11 0:12 131567:3 0:33 544580:5 0:2 544580:5 0:4 544580:2 0:3 544580:1 0:19 131567:1 0:13 131567:1 0:70 131567:5 0:1 131567:5 0:4 131567:4 0:38
C	1426	477697	949	0:188 477697:2 0:54 477697:3 0:13 131567:1 0:18 131567:7 2:6 0:14 131567:5 0:15 2:3 0:22 2:1 0:129 3273430:5 0:60 227086:1 0:29 131567:5 0:3 2:5 0:16 477697:5 0:5 477697:1 0:299
C	1427	36050	904	0:2 1760811:4 0:42 131567:1 147550:2 0:28 147550:1 0:244 131567:1 0:28 5144:5 131567:3 0:1 716546:5 0:170 36050:5 0:78 716546:3 0:4 131567:5 0:8 5125:5 0:2 5125:5 0:9 5144:2 0:185 569360:5 0:13 5144:2 0:2
C	1428	5302	1162	0:41 490731:3 0:7 490731:5 0:13 490731:1 0:481 181124:5 0:14 4751:5 0:59 181124:1 0:59 5338:3 0:58 131567:5 0:5 131567:9 0:8 131567:5 0:22 131567:4 0:26 131567:5 0:30 131567:2 0:231 181762:5 0:1 181762:1 0:14
C	1429	544580	853	0:46 131567:4 0:16 131567:4 0:63 131567:5 0:8 131567:2 0:7 131567:4 0:14 131567:4 0:19 131567:8 0:7 131567:5 0:19 131567:4 0:6 131567:4 0:88 131567:5 0:21 131567:1 0:7 131567:2 0:10 131567:1 0:26 131567:2 0:65 131567:5 0:4 131567:5 0:45 131567:5 0:6 131567:5 0:17 131567:8 0:1 131567:11 0:12 131567:3 0:33 544580:5 0:2 544580:5 0:4 544580:2 0:3 544580:1 0:19 131567:1 0:13 131567:1 0:69 131567:5 0:1 131567:5 0:4 131567:4 0:38
C	1431	544580	861	0:46 131567:4 0:16 131567:4 0:103 131567:4 0:36 131567:4 0:19 131567:4 0:6 131567:4 0:87 131567:1 0:11 131567:1 0:13 131567:1 0:7 131567:2 0:104 131567:5 0:4 131567:5 0:2 131567:5 0:12 131567:5 0:1 131567:4 0:16 131567:5 0:6 131567:5 0:17 131567:7 0:64 544580:5 0:2 544580:5 0:111 131567:5 0:1 131567:5 0:53
C	1432	544580	849	0:46 131567:4 0:16 131567:4 0:63 131567:5 0:73 131567:4 0:19 131567:4 0:6 131567:4 0:63 131567:4 0:19 131567:1 0:11 131567:1 0:13 131567:1 0:7 131567:2 0:10 131567:1 0:88 131567:5 0:4 131567:5 0:2 131567:5 0:12 131567:5 0:1 131567:4 0:16 131567:5 0:6 131567:5 0:17 131567:8 0:1 131567:11 0:51 544580:5 0:2 544580:5 0:4 544580:2 0:3 544580:1 0:19 131567:1 0:13 131567:1 0:70 131567:5 0:1 131567:5 0:4 131567:4 0:38
C	1433	477697	988	0:28 181555:5 0:278 131567:7 2:6 0:256 227086:1 0:29 131567:5 0:3 2:5 0:16 477697:5 0:5 477697:1 0:304
C	1434	498019	785	0:45 131567:4 0:16 131567:4 0:63 131567:5 0:8 131567:2 0:47 131567:8 0:7 131567:5 0:19 131567:4 0:71 131567:4 0:19 131567:1 0:11 131567:1 0:13 131567:1 0:7 131567:2 0:10 131567:2 0:98 296543:2 0:27 498019:4 0:19 131567:5 0:7 131567:8 0:8 291208:1 0:121 131567:3 0:69
C	1435	3273430	951	0:246 477697:3 0:13 131567:1 0:213 3273430:5 0:61 227086:1 0:374
U	1436	0	716	0:682
C	1437	490731	506	0:41 490731:3 0:7 490731:5 0:13 490731:1 0:402
C	1438	544580	990	0:22 131567:1 0:125 131567:5 0:70 131567:1 0:13 131567:1 0:19 544580:1 0:3 544580:2 0:4 544580:5 0:2 544580:5 0:61 131567:8 0:17 131567:5 0:6 131567:5 0:16 131567:4 0:1 131567:5 0:12 131567:5 0:2 131567:5 0:4 131567:5 0:46 131567:1 0:16 131567:2 0:94 131567:4 0:63 131567:4 0:6 131567:4 0:19 131567:5 0:7 131567:8 0:19 131567:4 0:103 131567:4 0:16 131567:4 0:73 131567:1 0:13
C	1439	5302	1161	0:41 490731:3 0:7 490731:5 0:13 490731:1 0:432 131567:3 0:10 131567:1 0:56 4751:2 0:62 181124:1 0:59 5338:3 0:58 131567:5 0:5 131567:3 0:40 131567:4 0:26 131567:5 0:30 131567:2 0:231 181762:5 0:1 181762:1 0:12
C	1440	544580	946	0:130 131567:4 0:4 131567:5 0:1 131567:5 0:100 544580:1 0:3 544580:2 0:4 544580:5 0:2 544580:5 0:46 131567:9 0:36 131567:5 0:180 131567:1 0:11 131567:1 0:122 131567:8 0:47 131567:2 0:8 131567:5 0:160
C	1441	2	977	0:226 477697:2 0:55 477697:3 0:13 131567:1 0:20 40324:5 0:86 3273430:5 0:200 131567:5 0:8 131567:3 0:311
C	1443	544580	850	0:46 131567:4 0:16 131567:4 0:64 131567:5 0:8 131567:2 0:7 131567:4 0:14 131567:4 0:19 131567:8 0:7 131567:5 0:19 131567:4 0:6 131567:4 0:64 131567:4 0:19 131567:1 0:11 131567:1 0:59 131567:2 0:16 131567:1 0:46 131567:5 0:4 131567:5 0:2 131567:5 0:12 131567:5 0:1 131567:4 0:16 131567:5 0:6 131567:5 0:107 544580:1 0:102 131567:5 0:1 131567:5 0:4 131567:4 0:38
C	1444	3273430	997	0:2 477697:2 0:36 1884633:1 0:327 2:5 0:3 131567:5 0:92 3273430:5 0:107 3273430:5 0:41 2:3 0:40 40324:5 0:20 131567:1 0:13 477697:3 0:55 477697:2 0:190
C	1445	1224	1263	0:643 2:5 0:97 3273430:5 0:149 2:3 0:15 131567:5 0:20 40324:5 0:20 131567:1 0:67 477697:2 0:192
C	1446	2	1285	0:266 477697:5 0:383 2:5 0:3 131567:5 0:13 40324:5 0:72 3273430:5 0:168 131567:5 0:20 40324:5 0:20 131567:1 0:13 477697:3 0:55 477697:2 0:197
C	1447	5302	1155	0:40 490731:3 0:7 490731:5 0:13 490731:1 0:623 5338:3 0:71 131567:5 0:8 131567:5 0:22 131567:4 0:26 131567:5 0:30 131567:2 0:233 181762:5 0:1 181762:1 0:8
C	1448	181762	1013	0:8 181762:1 0:1 181762:3 0:177 131567:2 0:60 131567:4 0:22 131567:5 0:8 131567:9 0:5 131567:5 0:59 5338:3 0:59 181124:1 0:61 4751:2 0:56 131567:1 0:10 131567:3 0:414
C	1449	544580	858	0:46 131567:4 0:16 131567:4 0:64 131567:5 0:8 131567:2 0:7 131567:4 0:14 131567:4 0:19 131567:8 0:7 131567:5 0:97 131567:4 0:19 131567:1 0:11 131567:1 0:13 131567:1 0:7 131567:2 0:10 131567:1 0:26 131567:2 0:16 131567:1 0:46 131567:5 0:4 131567:5 0:2 131567:5 0:77 131567:6 0:1 131567:11 0:12 131567:3 0:50 544580:2 0:3 544580:1 0:19 131567:1 0:13 131567:1 0:69 131567:5 0:1 131567:5 0:4 131567:4 0:40
C	1450	544580	915	0:114 131567:4 0:155 131567:4 0:117 131567:1 0:11 131567:1 0:13 131567:1 0:7 131567:2 0:10 131567:1 0:26 131567:1 0:65 131567:5 0:4 131567:5 0:2 131567:5 0:71 131567:8 0:1 131567:11 0:12 131567:3 0:33 544580:5 0:2 544580:5 0:4 544580:2 0:37 131567:1 0:70 131567:5 0:1 131567:5 0:4 131567:4 0:43
C	1451	3273430	939	0:247 477697:3 0:13 131567:1 0:109 3273430:5 0:199 131567:5 0:3 2:5 0:315
C	1452	544580	848	0:65 131567:4 0:63 131567:5 0:8 131567:2 0:7 131567:4 0:14 131567:4 0:57 131567:4 0:6 131567:4 0:62 131567:4 0:19 131567:1 0:11 131567:1 0:61 131567:2 0:16 131567:1 0:46 131567:5 0:4 131567:5 0:2 131567:5 0:12 131567:5 0:1 131567:4 0:16 131567:5 0:6 131567:5 0:17 131567:8 0:1 131567:11 0:12 131567:3 0:33 544580:5 0:2 544580:5 0:4 544580:2 0:3 544580:1 0:19 131567:1 0:13 131567:1 0:70 131567:5 0:1 131567:5 0:4 131567:4 0:38
C	1453	181762	876	0:197 181762:5 0:3 181762:1 0:50 131567:5 0:47 131567:5 0:35 131567:9 0:5 131567:5 0:58 5338:3 0:21 456999:2 0:138 131567:1 0:3 131567:5 0:3 131567:5 0:5 131567:1 0:10 131567:3 0:217
C	1454	544580	844	0:46 131567:4 0:16 131567:4 0:64 131567:5 0:8 131567:2 0:7 131567:4 0:14 131567:4 0:19 131567:8 0:7 131567:5 0:19 131567:4 0:6 131567:4 0:63 131567:4 0:19 131567:1 0:11 131567:1 0:13 131567:1 0:7 131567:2 0:10 131567:1 0:46 131567:1 0:46 131567:5 0:4 131567:5 0:2 131567:5 0:12 131567:5 0:1 131567:4 0:16 131567:5 0:6 131567:5 0:78 544580:5 0:2 544580:5 0:4 544580:2 0:3 544580:1 0:19 131567:1 0:13 131567:1 0:68 131567:5 0:1 131567:5 0:4 131567:4 0:38
C	1455	181762	1072	0:8 181762:1 0:1 181762:5 0:231 131567:2 0:30 131567:5 0:26 131567:4 0:22 131567:3 0:89 5338:3 0:180 131567:1 0:10 131567:3 0:414
C	1456	544580	844	0:46 131567:4 0:16 131567:4 0:63 131567:5 0:58 131567:8 0:7 131567:5 0:95 131567:4 0:19 131567:1 0:11 131567:1 0:13 131567:1 0:7 131567:2 0:10 131567:1 0:44 131567:1 0:48 131567:2 0:4 131567:5 0:2 131567:5 0:12 131567:5 0:1 131567:4 0:122 544580:5 0:9 544580:1 0:19 131567:1 0:13 131567:1 0:69 131567:5 0:1 131567:5 0:4 131567:4 0:37
C	1457	544580	851	0:45 131567:4 0:16 131567:4 0:76 131567:2 0:7 131567:4 0:14 131567:4 0:34 131567:4 0:19 131567:4 0:6 131567:5 0:98 131567:1 0:13 131567:1 0:7 131567:2 0:38 131567:1 0:65 131567:5 0:4 131567:5 0:2 131567:5 0:12 131567:5 0:1 131567:4 0:16 131567:5 0:6 131567:5 0:17 131567:4 0:27 131567:5 0:32 544580:5 0:2 544580:5 0:4 544580:2 0:3 544580:1 0:19 131567:1 0:13 131567:1 0:127
C	1459	1423913	1072	0:235 1423913:5 0:6 131567:2 0:30 131567:5 0:26 131567:4 0:19 280036:3 131567:3 0:85 5338:3 0:121 4751:2 0:56 131567:1 0:10 131567:3 0:419
C	1461	28985	962	0:12 4893:5 0:5 4910:1 0:25 451864:5 0:2 4893:10 0:15 147537:1 0:2 147537:5 0:18 4910:4 0:43 28985:5 0:2 28985:5 0:22 4910:2 0:38 4910:5 0:2 4910:3 0:54 4910:5 0:55 131567:4 0:17 131567:5 0:6 131567:5 0:16 131567:4 0:1 131567:5 0:12 131567:5 0:2 131567:5 0:4 131567:5 0:15 147537:5 0:68 131567:1 0:10 131567:2 0:7 131567:1 0:1 4893:7 4910:5 0:19 4910:4 0:21 131567:2 0:53 131567:4 0:6 131567:4 0:19 131567:5 0:7 131567:8 0:19 131567:4 0:14 131567:3 0:5 4893:1 0:6 4910:4 0:93 4910:5 0:8 4910:1 0:44
C	1462	490731	1164	0:41 490731:3 0:7 490731:5 0:13 490731:1 0:435 131567:3 0:10 131567:1 0:240 3239874:1 291208:6 0:43 131567:4 0:26 131567:5 0:30 131567:2 0:234 181762:5 0:1 181762:1 0:13
C	1463	5144	925	0:314 131567:5 0:45 5144:5 131567:3 0:1 716546:5 0:253 232080:2 0:34 131567:2 0:222
C	1464	5125	907	0:2 1760811:4 0:42 131567:1 147550:2 0:28 147550:1 0:323 147550:5 0:129 147550:5 0:32 716546:1 0:53 716546:3 0:4 131567:5 0:8 5125:5 0:2 5125:5 0:9 5144:2 0:202
C	1465	5125	820	0:199 5144:2 0:9 5125:5 0:2 5125:5 0:8 131567:5 0:4 716546:3 0:51 716546:1 0:32 147550:5 0:172 716546:5 0:1 131567:3 5144:5 0:46 131567:5 0:5 716545:1 0:212
C	1466	477697	982	0:220 477697:2 0:89 131567:7 2:6 0:14 131567:5 0:15 2:3 0:22 2:1 0:129 477697:3 0:90 131567:5 0:3 2:5 0:16 477697:5 0:5 477697:1 0:302
C	1467	544580	972	0:132 131567:4 0:4 131567:5 0:1 131567:5 0:100 544580:2 0:4 544580:5 0:2 544580:5 0:33 131567:3 0:12 131567:11 0:1 131567:8 0:72 131567:5 0:2 131567:5 0:4 131567:5 0:64 131567:1 0:59 131567:1 0:11 131567:1 0:85 131567:4 0:6 131567:4 0:19 131567:5 0:51 131567:4 0:7 131567:2 0:8 131567:5 0:63 131567:4 0:16 131567:4 0:84
C	1468	544580	846	0:46 131567:4 0:16 131567:4 0:63 131567:5 0:8 131567:2 0:7 131567:4 0:14 131567:4 0:32 131567:5 0:19 131567:4 0:6 131567:4 0:61 131567:4 0:30 131567:1 0:13 131567:1 0:7 131567:2 0:10 131567:1 0:93 131567:5 0:4 131567:5 0:2 131567:5 0:39 131567:5 0:6 131567:5 0:81 544580:5 0:37 131567:1 0:85 131567:5 0:1 131567:5 0:4 131567:4 0:38
C	1469	544580	987	0:22 131567:1 0:108 131567:4 0:4 131567:5 0:1 131567:5 0:70 131567:1 0:13 131567:1 0:19 544580:1 0:3 544580:2 0:4 544580:5 0:2 544580:5 0:33 131567:3 0:12 131567:7 0:29 131567:5 0:6 131567:5 0:16 131567:4 0:1 131567:5 0:12 131567:5 0:2 131567:5 0:4 131567:5 0:46 131567:1 0:16 131567:2 0:91 131567:4 0:63 131567:4 0:6 131567:4 0:19 131567:5 0:7 131567:8 0:19 131567:4 0:14 131567:4 0:7 131567:2 0:8 131567:5 0:63 131567:4 0:112
C	1470	131567	912	0:44 131567:4 0:16 131567:4 0:62 131567:5 0:8 131567:2 0:7 131567:4 0:38 588596:1 0:4 131567:5 0:19 131567:4 0:136 131567:1 0:158 131567:5 0:17 131567:8 0:1 131567:11 0:65 544580:1 0:19 131567:1 0:82 131567:5 0:1 131567:5 0:4 131567:1 0:130
C	1471	544580	1113	0:22 131567:1 0:58 131567:2 0:48 131567:4 0:4 131567:5 0:73 131567:1 0:13 131567:1 0:19 544580:1 0:3 544580:2 0:4 544580:5 0:2 544580:5 0:33 131567:3 0:12 131567:11 0:1 131567:8 0:17 131567:5 0:6 131567:5 0:16 131567:4 0:1 131567:5 0:12 131567:5 0:2 131567:5 0:4 131567:5 0:46 131567:1 0:44 131567:1 0:10 131567:2 0:7 131567:1 0:13 131567:1 0:11 131567:1 0:84 131567:4 0:6 131567:4 0:19 131567:5 0:7 131567:8 0:19 131567:4 0:14 131567:4 0:7 131567:2 0:8 131567:5 0:63 131567:4 0:18 131567:2 0:92 131567:1 0:128
C	1472	544580	847	0:46 131567:4 0:16 131567:4 0:63 131567:5 0:35 131567:4 0:132 131567:4 0:19 131567:1 0:11 131567:1 0:13 131567:1 0:7 131567:2 0:10 131567:1 0:99 131567:5 0:2 131567:5 0:41 131567:5 0:6 131567:5 0:17 131567:8 0:1 131567:11 0:12 131567:3 0:33 544580:5 0:37 131567:3 0:136
C	1473	544580	845	0:45 131567:4 0:16 131567:4 0:63 131567:5 0:8 131567:2 0:7 131567:4 0:14 131567:4 0:19 131567:8 0:7 131567:5 0:19 131567:4 0:6 131567:4 0:63 131567:3 0:21 226230:4 0:21 131567:1 0:7 131567:2 0:10 131567:1 0:90 131567:5 0:4 131567:5 0:2 131567:5 0:12 131567:5 0:1 131567:4 0:16 131567:5 0:96 544580:5 0:2 544580:5 0:4 544580:2 0:3 544580:1 0:101 131567:5 0:1 131567:5 0:4 131567:4 0:38
C	1474	168172	1005	0:63 131567:1 0:58 131567:2 0:48 131567:4 0:4 131567:5 0:1 131567:5 0:98 544580:2 0:60 131567:11 0:1 131567:5 0:3 168172:5 0:64 131567:5 0:2 131567:5 0:4 131567:5 0:88 131567:1 0:10 131567:2 0:7 131567:1 0:13 131567:1 0:11 131567:1 0:95 498019:4 0:19 131567:4 0:53 131567:4 0:7 131567:2 0:8 131567:5 0:63 131567:4 0:16 131567:4 0:51 131567:5 0:31
C	1475	40324	921	0:278 40324:5 0:20 131567:5 0:15 2:3 0:222 40324:5 0:13 131567:5 0:3 2:5 0:308
C	1476	3273430	944	0:244 477697:2 0:35 40324:5 0:85 3273430:5 0:104 3273430:5 0:93 131567:5 0:3 2:5 0:319
C	1477	544580	1364	0:253 131567:3 0:42 131567:4 0:38 131567:1 0:58 131567:2 0:48 131567:4 0:4 131567:5 0:1 131567:5 0:70 131567:1 0:13 131567:1 0:19 544580:1 0:3 544580:2 0:4 544580:5 0:55 131567:7 0:1 131567:8 0:17 131567:5 0:49 131567:5 0:2 131567:5 0:4 131567:5 0:64 131567:2 0:26 131567:1 0:10 131567:2 0:7 131567:1 0:13 131567:1 0:11 131567:1 0:117 131567:5 0:7 131567:8 0:19 131567:4 0:14 131567:4 0:7 131567:2 0:8 131567:5 0:63 131567:4 0:174
C	1478	544580	842	0:46 131567:4 0:16 131567:4 0:61 131567:5 0:8 131567:2 0:7 131567:4 0:14 131567:4 0:19 131567:8 0:7 131567:5 0:19 131567:4 0:6 131567:4 0:85 131567:1 0:11 131567:1 0:13 131567:1 0:7 131567:2 0:10 131567:1 0:26 131567:2 0:16 131567:1 0:46 131567:5 0:4 131567:5 0:2 131567:5 0:12 131567:5 0:1 131567:4 0:16 131567:5 0:6 131567:5 0:17 131567:8 0:1 131567:11 0:12 131567:3 0:33 544580:5 0:2 544580:5 0:4 544580:2 0:3 544580:1 0:19 131567:1 0:13 131567:1 0:65 131567:5 0:1 131567:5 0:4 131567:4 0:38
C	1479	544580	978	0:22 131567:1 0:20 45151:1 0:86 131567:4 0:4 131567:5 0:1 131567:5 0:66 131567:1 0:13 131567:1 0:19 544580:1 0:3 544580:2 0:4 544580:5 0:40 131567:3 0:47 131567:5 0:6 131567:5 0:16 131567:4 0:1 131567:5 0:12 131567:5 0:2 131567:5 0:4 131567:5 0:46 131567:1 0:16 131567:2 0:26 131567:1 0:10 131567:2 0:7 131567:1 0:13 131567:1 0:11 131567:1 0:19 131567:4 0:63 131567:4 0:6 131567:4 0:58 131567:4 0:14 131567:4 0:7 131567:2 0:8 131567:5 0:63 131567:4 0:16 131567:4 0:88
C	1480	40324	947	0:160 477697:2 0:57 477697:3 0:13 131567:1 0:20 40324:5 0:270 40324:5 0:13 131567:5 0:3 2:5 0:351
C	1481	1224	930	0:246 477697:3 0:13 131567:1 0:20 40324:5 0:20 131567:5 0:15 2:3 0:150 3273430:5 0:99 2:5 0:306
C	1482	544580	987	0:23 131567:1 0:58 131567:2 0:57 131567:5 0:1 131567:5 0:70 131567:1 0:13 131567:1 0:19 544580:1 0:3 544580:2 0:4 544580:5 0:2 544580:5 0:33 131567:3 0:12 131567:11 0:1 131567:8 0:17 131567:5 0:6 131567:5 0:16 131567:4 0:1 131567:5 0:12 131567:5 0:2 131567:5 0:4 131567:5 0:94 131567:1 0:10 131567:2 0:7 131567:1 0:13 131567:1 0:11 131567:1 0:19 131567:4 0:96 131567:5 0:7 131567:8 0:19 131567:4 0:14 131567:4 0:7 131567:2 0:8 131567:5 0:63 131567:4 0:16 131567:4 0:85
C	1483	181762	1109	0:46 181762:1 0:1 181762:5 0:269 131567:5 0:51 131567:3 0:82 5338:3 0:172 131567:5 0:5 131567:1 0:10 131567:2 0:414
C	1484	544580	847	0:45 131567:4 0:16 131567:4 0:63 131567:5 0:8 131567:2 0:63 131567:4 0:19 131567:4 0:6 131567:4 0:63 131567:4 0:19 131567:1 0:11 131567:1 0:13 131567:1 0:7 131567:2 0:10 131567:1 0:27 131567:1 0:96 131567:5 0:1 131567:4 0:16 131567:5 0:6 131567:5 0:17 131567:8 0:1 131567:11 0:46 544580:5 0:2 544580:5 0:4 544580:2 0:3 544580:1 0:103 131567:5 0:1 131567:5 0:4 131567:4 0:40
C	1485	544580	848	0:67 131567:4 0:70 131567:2 0:7 131567:4 0:14 131567:4 0:32 131567:5 0:19 131567:4 0:6 131567:4 0:67 131567:2 0:19 131567:1 0:11 131567:1 0:13 131567:1 0:7 131567:2 0:10 131567:1 0:26 131567:2 0:16 131567:1 0:63 131567:5 0:48 131567:5 0:17 131567:8 0:1 131567:11 0:12 131567:3 0:33 544580:5 0:122 131567:5 0:1 131567:5 0:48
C	1486	131567	838	0:46 131567:4 0:83 131567:5 0:8 131567:2 0:7 131567:4 0:14 131567:4 0:189 131567:2 0:10 131567:1 0:27 131567:1 0:69 131567:5 0:2 131567:5 0:38 131567:5 0:6 131567:5 0:17 131567:8 0:1 131567:11 0:12 131567:3 0:153 131567:5 0:1 131567:5 0:46
C	1487	544580	848	0:62 131567:4 0:63 131567:5 0:8 131567:2 0:7 131567:4 0:14 131567:4 0:19 131567:8 0:7 131567:5 0:19 131567:4 0:6 131567:4 0:63 131567:4 0:19 131567:1 0:11 131567:1 0:13 131567:1 0:7 131567:2 0:10 131567:1 0:92 131567:5 0:4 131567:5 0:2 131567:5 0:38 131567:5 0:6 131567:5 0:17 131567:8 0:1 131567:11 0:12 131567:3 0:33 544580:5 0:37 131567:1 0:13 131567:1 0:70 131567:5 0:1 131567:5 0:4 131567:4 0:38
C	1488	544580	847	0:46 131567:4 0:16 131567:4 0:63 131567:5 0:8 131567:2 0:7 131567:4 0:14 131567:4 0:34 131567:4 0:19 131567:4 0:6 131567:4 0:98 131567:1 0:59 131567:2 0:16 131567:1 0:46 131567:5 0:53 131567:5 0:6 131567:5 0:17 131567:8 0:1 131567:11 0:12 131567:3 0:40 544580:5 0:4 544580:2 0:3 544580:1 0:19 131567:1 0:13 131567:1 0:70 131567:5 0:1 131567:5 0:4 131567:4 0:38
C	1489	544580	968	0:19 131567:1 0:58 131567:1 0:167 544580:1 0:3 544580:2 0:4 544580:5 0:2 544580:5 0:33 131567:3 0:12 131567:11 0:1 131567:8 0:139 131567:1 0:85 131567:1 0:62 181124:5 0:19 131567:4 0:6 131567:4 0:24 1537102:5 0:4 131567:6 0:47 131567:2 0:8 131567:5 0:140 131567:5 0:16 131567:1 0:9
C	1490	544580	525	0:38 131567:4 0:118 544580:2 0:4 544580:5 0:2 544580:5 0:33 131567:3 0:12 131567:11 0:1 131567:5 0:31 131567:5 0:16 131567:4 0:1 131567:5 0:12 131567:5 0:2 131567:5 0:4 131567:5 0:91 131567:1 0:19 131567:1 0:41
C	1491	544580	827	0:23 131567:1 0:106 131567:4 0:4 131567:5 0:1 131567:5 0:103 544580:1 0:3 544580:2 0:4 544580:5 0:2 544580:5 0:48 131567:7 0:61 131567:4 0:1 131567:5 0:12 131567:5 0:2 131567:5 0:4 131567:5 0:91 131567:1 0:10 131567:2 0:7 131567:1 0:13 131567:1 0:11 131567:1 0:96 131567:4 0:122
C	1492	544580	975	0:22 131567:1 0:56 131567:2 0:48 131567:4 0:4 131567:5 0:1 131567:5 0:67 131567:1 0:13 131567:1 0:19 544580:1 0:3 544580:2 0:4 544580:5 0:51 131567:11 0:1 131567:8 0:17 131567:5 0:6 131567:5 0:112 131567:1 0:16 131567:2 0:62 131567:1 0:11 131567:1 0:168 131567:4 0:7 131567:2 0:75 131567:4 0:18 131567:3 0:86
C	1493	544580	847	0:132 131567:5 0:8 131567:2 0:7 131567:4 0:14 131567:4 0:32 131567:5 0:19 131567:4 0:6 131567:4 0:63 131567:4 0:55 131567:2 0:10 131567:1 0:90 131567:5 0:4 131567:5 0:2 131567:5 0:48 131567:5 0:17 131567:8 0:1 131567:6 0:17 131567:3 0:33 544580:5 0:11 544580:2 0:23 131567:1 0:13 131567:1 0:70 131567:5 0:1 131567:5 0:4 131567:4 0:38
C	1494	544580	833	0:37 131567:4 0:16 131567:4 0:63 131567:5 0:35 131567:4 0:19 131567:8 0:7 131567:5 0:19 131567:4 0:6 131567:4 0:61 131567:3 0:19 131567:1 0:11 131567:1 0:13 131567:1 0:7 131567:2 0:10 131567:1 0:26 131567:2 0:16 131567:1 0:48 131567:2 0:4 131567:5 0:2 131567:5 0:12 131567:5 0:1 131567:4 0:16 131567:5 0:6 131567:5 0:17 131567:8 0:1 131567:11 0:12 131567:3 0:33 544580:5 0:2 544580:5 0:4 544580:2 0:3 544580:1 0:19 131567:1 0:13 131567:1 0:70 131567:5 0:1 131567:5 0:4 131567:4 0:34
C	1495	569360	899	0:47 131567:1 147550:2 0:248 716545:1 0:18 498019:4 0:296 716546:3 0:4 131567:5 0:8 5125:5 0:2 5125:5 0:9 5144:2 0:185 569360:5 0:15
C	1497	544580	985	0:22 131567:1 0:59 131567:1 0:48 131567:4 0:4 131567:5 0:1 131567:5 0:103 544580:1 0:3 544580:2 0:4 544580:5 0:2 544580:5 0:33 131567:3 0:12 131567:11 0:1 131567:8 0:17 131567:5 0:6 131567:5 0:16 131567:4 0:1 131567:5 0:12 131567:5 0:2 131567:5 0:4 131567:5 0:46 131567:1 0:16 131567:2 0:26 131567:1 0:10 131567:2 0:7 131567:1 0:13 131567:1 0:11 131567:1 0:19 131567:4 0:63 131567:4 0:6 131567:4 0:19 131567:5 0:7 131567:8 0:19 131567:4 0:14 131567:4 0:7 131567:2 0:8 131567:5 0:64 131567:4 0:16 131567:4 0:88
C	1498	2	930	0:179 477697:2 0:55 477697:3 0:13 131567:1 0:18 131567:7 2:6 0:14 131567:5 0:15 2:3 0:22 2:1 0:125 3273430:5 0:60 227086:1 0:29 131567:5 0:3 2:5 0:319
C	1499	477697	1365	0:334 477697:5 0:34 477697:4 0:364 2:5 0:3 131567:5 0:29 227086:1 0:64 3273430:1 0:152 2:3 0:15 131567:5 0:14 2:6 131567:7 0:18 131567:1 0:13 477697:3 0:55 477697:2 0:188
C	1500	544580	857	0:47 131567:4 0:16 131567:4 0:63 131567:5 0:8 131567:2 0:7 131567:4 0:14 131567:4 0:19 131567:8 0:7 131567:5 0:19 131567:4 0:6 131567:4 0:64 131567:4 0:54 131567:2 0:10 131567:1 0:26 131567:2 0:16 131567:1 0:115 131567:5 0:98 544580:5 0:4 544580:2 0:3 544580:1 0:19 131567:1 0:13 131567:1 0:69 131567:5 0:1 131567:5 0:4 131567:4 0:38
C	1501	544580	853	0:51 131567:4 0:16 131567:4 0:63 131567:5 0:35 131567:4 0:19 131567:8 0:7 131567:5 0:19 131567:4 0:6 131567:4 0:19 296543:2 0:41 131567:4 0:19 131567:1 0:11 131567:1 0:13 131567:1 0:7 131567:2 0:36 131567:1 0:64 131567:5 0:4 131567:5 0:2 131567:5 0:49 131567:5 0:84 544580:5 0:2 544580:5 0:4 544580:2 0:3 544580:1 0:19 131567:1 0:13 131567:1 0:72 131567:5 0:1 131567:5 0:4 131567:4 0:37
C	1502	544580	1196	0:191 131567:5 0:38 131567:1 0:58 131567:2 0:48 131567:4 0:4 131567:5 0:1 131567:5 0:69 131567:1 0:13 131567:1 0:19 544580:1 0:3 544580:2 0:4 544580:5 0:2 544580:5 0:33 131567:3 0:12 131567:13 0:26 131567:5 0:6 131567:5 0:16 131567:4 0:1 131567:5 0:123 131567:1 0:10 131567:2 0:7 131567:1 0:13 131567:1 0:11 131567:1 0:85 131567:4 0:6 131567:4 0:19 131567:5 0:7 131567:8 0:48 131567:2 0:8 131567:5 0:63 131567:4 0:16 131567:4 0:54 131567:2 0:16 131567:1 0:15
C	1503	2	936	0:191 477697:2 0:55 477697:3 0:13 131567:1 0:20 40324:5 0:283 131567:5 0:3 2:5 0:316
C	1504	544580	840	0:45 131567:4 0:16 131567:4 0:63 131567:5 0:8 131567:2 0:7 131567:4 0:34 131567:7 0:7 131567:5 0:19 131567:4 0:6 131567:4 0:63 131567:4 0:19 131567:1 0:11 131567:1 0:13 131567:1 0:7 131567:2 0:10 131567:1 0:40 131567:1 0:46 131567:5 0:4 131567:5 0:2 131567:5 0:12 131567:5 0:1 131567:4 0:16 131567:5 0:6 131567:5 0:17 131567:8 0:1 131567:11 0:64 544580:2 0:3 544580:1 0:19 131567:1 0:13 131567:1 0:67 131567:5 0:1 131567:5 0:4 131567:4 0:40
C	1505	477697	929	0:231 477697:3 0:13 131567:1 0:18 131567:7 2:6 0:57 2:1 0:127 3273430:5 0:60 227086:1 0:29 131567:5 0:3 2:5 0:16 477697:5 0:5 477697:1 0:296
C	1506	40324	928	0:190 477697:2 0:55 477697:3 0:32 40324:5 0:270 40324:5 0:13 131567:5 0:3 2:5 0:306
C	1507	477697	858	0:188 477697:2 0:54 477697:3 0:13 131567:1 0:18 131567:7 2:6 0:14 131567:5 0:167 3273430:5 0:60 227086:1 0:29 131567:5 0:3 2:5 0:16 477697:5 0:5 477697:1 0:211
C	1508	544580	854	0:46 131567:5 0:16 131567:4 0:61 131567:5 0:8 131567:2 0:7 131567:4 0:14 131567:4 0:19 131567:8 0:7 131567:5 0:19 131567:4 0:6 131567:4 0:63 131567:4 0:19 131567:1 0:11 131567:1 0:13 131567:1 0:7 131567:2 0:102 131567:5 0:6 131567:2 0:3 131567:5 0:12 131567:5 0:1 131567:4 0:49 131567:8 0:1 131567:11 0:12 131567:5 0:32 544580:5 0:2 544580:5 0:4 544580:2 0:3 544580:1 0:19 131567:1 0:13 131567:1 0:70 131567:5 0:1 131567:5 0:4 131567:4 0:42
C	1509	181762	1065	0:8 181762:1 0:1 181762:5 0:228 131567:5 0:30 131567:5 0:26 131567:4 0:22 131567:5 0:8 131567:9 0:5 131567:5 0:58 5338:3 0:59 181124:1 0:62 4751:2 0:56 131567:1 0:10 131567:3 0:409
C	1510	477697	1000	0:354 477697:5 0:16 2:5 0:251 2:3 0:15 131567:5 0:14 2:6 131567:7 0:18 131567:1 0:13 477697:3 0:52 477697:2 0:196
C	1511	498019	965	0:77 131567:2 0:136 131567:1 0:13 131567:1 0:86 131567:11 0:1 131567:8 0:17 131567:5 0:6 131567:5 0:16 131567:4 0:1 131567:5 0:12 131567:5 0:63 131567:1 0:16 131567:2 0:166 498019:4 0:19 131567:5 0:7 131567:8 0:19 131567:4 0:14 131567:4 0:7 131567:2 0:8 131567:5 0:165
C	1512	544580	854	0:47 131567:5 0:16 131567:4 0:83 131567:4 0:14 131567:4 0:34 131567:4 0:19 131567:4 0:6 131567:4 0:63 131567:4 0:19 131567:1 0:11 131567:1 0:13 131567:1 0:7 131567:5 0:101 131567:5 0:4 131567:5 0:2 131567:5 0:12 131567:5 0:1 131567:4 0:16 131567:5 0:6 131567:5 0:17 131567:8 0:1 131567:11 0:12 131567:3 0:33 544580:5 0:2 544580:5 0:4 544580:2 0:3 544580:1 0:19 131567:1 0:13 131567:1 0:70 131567:5 0:1 131567:5 0:49
C	1513	544580	878	0:76 131567:4 0:16 131567:4 0:63 131567:5 0:8 131567:2 0:7 131567:4 0:14 131567:4 0:19 131567:8 0:7 131567:5 0:19 131567:4 0:6 131567:4 0:63 131567:4 0:19 131567:1 0:11 131567:1 0:13 131567:1 0:7 131567:2 0:10 131567:1 0:88 131567:5 0:4 131567:5 0:2 131567:5 0:31 131567:5 0:3 131567:5 0:6 131567:5 0:17 131567:8 0:1 131567:11 0:48 544580:5 0:2 544580:5 0:4 544580:2 0:3 544580:1 0:19 131567:1 0:13 131567:1 0:76 131567:5 0:4 131567:4 0:38
C	1514	544580	843	0:46 131567:4 0:16 131567:4 0:103 131567:4 0:34 131567:4 0:19 131567:4 0:6 131567:4 0:66 131567:2 0:19 131567:1 0:11 131567:1 0:74 131567:1 0:46 131567:5 0:4 131567:5 0:2 131567:5 0:12 131567:5 0:1 131567:4 0:16 131567:5 0:6 131567:5 0:17 131567:8 0:1 131567:11 0:12 131567:3 0:33 544580:5 0:34 131567:1 0:13 131567:1 0:69 131567:5 0:1 131567:5 0:4 131567:4 0:38
C	1515	2	1007	0:27 131567:5 0:236 477697:2 0:55 477697:3 0:13 131567:1 0:20 40324:5 0:20 131567:5 0:171 3273430:5 0:405
C	1516	715989	769	0:181 131567:2 0:13 131567:5 0:4 716546:3 0:34 716546:2 0:9 716546:1 0:49 131567:2 0:52 332648:5 0:103 5506:2 0:9 716546:5 0:1 131567:3 5144:5 0:28 131567:3 0:15 131567:5 0:7 131567:4 0:10 131567:2 0:5 716546:4 0:162
C	1517	544580	963	0:22 131567:1 0:58 131567:2 0:48 131567:4 0:4 131567:5 0:1 131567:5 0:98 544580:1 0:3 544580:2 0:4 544580:5 0:2 544580:5 0:7 226126:3 0:23 131567:3 0:12 131567:5 0:91 131567:5 0:4 131567:5 0:91 131567:1 0:10 131567:2 0:7 131567:1 0:13 131567:1 0:31 131567:4 0:111 131567:8 0:19 131567:4 0:198
C	1518	181762	879	0:104 181124:2 0:94 181762:5 0:3 181762:1 0:49 131567:5 0:90 131567:9 0:5 131567:5 0:231 131567:5 0:5 131567:1 0:10 131567:3 0:218
C	1519	544580	844	0:45 131567:4 0:16 131567:4 0:86 131567:4 0:14 131567:4 0:19 131567:8 0:7 131567:5 0:19 131567:4 0:6 131567:5 0:61 131567:3 0:19 131567:1 0:11 131567:1 0:33 131567:1 0:26 131567:2 0:16 131567:1 0:46 131567:5 0:4 131567:5 0:2 131567:5 0:12 131567:5 0:1 131567:4 0:16 131567:5 0:6 131567:5 0:17 131567:8 0:1 131567:11 0:12 131567:3 0:33 544580:5 0:2 544580:5 0:4 544580:2 0:3 544580:1 0:19 131567:1 0:84 131567:5 0:1 131567:5 0:4 131567:4 0:34
C	1520	40324	920	0:187 477697:2 0:55 477697:3 0:13 131567:1 0:20 40324:5 0:268 40324:5 0:13 131567:5 0:3 2:5 0:301
C	1521	45151	799	0:213 131567:5 0:13 131567:5 0:4 716546:3 0:34 716546:2 0:9 716546:1 0:43 131567:6 0:114 37727:1 0:113 45151:5 0:194
C	1522	477697	693	0:229 477697:3 0:13 131567:1 0:18 131567:7 2:6 0:14 131567:5 0:237 227086:1 0:29 131567:5 0:3 2:5 0:16 477697:5 0:5 477697:1 0:56
C	1523	181762	1156	0:93 1898749:4 0:412 131567:1 0:120 181124:1 0:59 5338:3 0:58 131567:5 0:5 131567:9 0:8 131567:5 0:22 131567:4 0:26 131567:5 0:30 131567:2 0:231 181762:5 0:1 181762:1 0:12
C	1524	5144	759	0:154 332648:2 0:2 716545:1 0:22 131567:2 0:13 131567:5 0:4 716546:3 0:34 716546:2 0:9 716546:1 0:220 716546:5 0:1 131567:3 5144:5 0:28 131567:1 0:16 131567:5 0:7 131567:4 0:10 131567:2 0:5 716546:4 0:155
C	1526	544580	976	0:22 131567:1 0:58 131567:2 0:48 131567:4 0:4 131567:5 0:1 131567:5 0:65 131567:1 0:37 544580:3 0:4 544580:5 0:2 544580:5 0:86 131567:5 0:6 131567:5 0:16 131567:4 0:1 131567:5 0:80 131567:1 0:16 131567:2 0:26 131567:1 0:10 131567:2 0:7 131567:1 0:13 131567:1 0:11 131567:1 0:19 131567:4 0:63 131567:4 0:6 131567:4 0:19 131567:5 0:7 131567:8 0:19 131567:4 0:14 131567:4 0:7 131567:2 0:8 131567:5 0:140 131567:2 0:16 131567:1 0:9
C	1527	544580	980	0:176 131567:4 0:16 131567:4 0:63 131567:5 0:8 131567:2 0:7 131567:4 0:14 131567:4 0:36 131567:4 0:19 131567:4 0:6 131567:4 0:63 131567:4 0:19 131567:1 0:11 131567:1 0:13 131567:1 0:7 131567:2 0:10 131567:1 0:26 131567:2 0:16 131567:1 0:46 131567:5 0:4 131567:5 0:2 131567:5 0:37 131567:5 0:6 131567:5 0:17 131567:8 0:1 131567:11 0:12 131567:3 0:33 544580:5 0:2 544580:5 0:4 544580:2 0:3 544580:1 0:19 131567:1 0:13 131567:1 0:71 131567:5 0:1 131567:5 0:4 131567:4 0:37
C	1528	544580	837	0:46 131567:4 0:16 131567:4 0:102 131567:4 0:34 131567:4 0:19 131567:4 0:6 131567:4 0:211 131567:5 0:4 131567:5 0:28 716545:3 0:15 131567:5 0:6 131567:5 0:87 544580:5 0:4 544580:2 0:3 544580:1 0:110 131567:3 0:1 131567:5 0:4 131567:4 0:40
C	1529	544580	1099	0:22 131567:1 0:58 131567:2 0:48 131567:4 0:4 131567:5 0:1 131567:5 0:65 131567:1 0:13 131567:1 0:19 544580:1 0:3 544580:2 0:4 544580:5 0:2 544580:5 0:33 131567:3 0:12 131567:11 0:1 131567:8 0:17 131567:5 0:6 131567:5 0:16 131567:4 0:1 131567:5 0:12 131567:5 0:2 131567:5 0:4 131567:5 0:63 131567:2 0:151 131567:4 0:6 131567:4 0:19 131567:5 0:7 131567:8 0:19 131567:4 0:14 131567:4 0:7 131567:2 0:8 131567:5 0:65 131567:4 0:70 131567:5 0:16 131567:1 0:19 131567:1 0:121
C	1530	544580	813	0:46 131567:4 0:16 131567:4 0:126 2916678:5 0:12 131567:4 0:6 131567:5 0:60 131567:4 0:19 131567:1 0:11 131567:1 0:13 131567:1 0:7 131567:2 0:10 131567:1 0:90 131567:5 0:4 131567:5 0:2 131567:5 0:68 131567:1 0:64 544580:5 0:2 544580:5 0:4 544580:2 0:3 544580:1 0:19 131567:1 0:13 131567:1 0:64 131567:5 0:1 131567:5 0:4 131567:4 0:38
C	1531	2	935	0:183 477697:2 0:55 477697:3 0:13 131567:1 0:20 40324:5 0:40 2:3 0:41 3273430:5 0:201 131567:5 0:3 2:5 0:316
C	1532	544580	842	0:42 131567:4 0:16 131567:4 0:63 131567:5 0:8 131567:2 0:7 131567:4 0:14 131567:4 0:19 131567:8 0:7 131567:5 0:19 131567:4 0:6 131567:4 0:63 131567:4 0:19 131567:1 0:11 131567:1 0:13 131567:1 0:7 131567:2 0:10 131567:1 0:26 131567:2 0:16 131567:1 0:101 131567:5 0:6 131567:5 0:17 131567:8 0:1 131567:11 0:12 131567:3 0:33 544580:5 0:2 544580:5 0:4 544580:2 0:3 544580:1 0:19 131567:1 0:13 131567:1 0:70 131567:5 0:1 131567:5 0:4 131567:4 0:38
C	1533	544580	849	0:46 131567:4 0:16 131567:4 0:103 131567:4 0:19 131567:8 0:7 131567:5 0:19 131567:4 0:6 131567:4 0:98 131567:1 0:13 131567:1 0:7 131567:2 0:10 131567:1 0:149 131567:5 0:6 131567:5 0:17 131567:8 0:1 131567:11 0:48 544580:5 0:2 544580:5 0:4 544580:2 0:3 544580:1 0:104 131567:5 0:1 131567:5 0:4 131567:4 0:38
C	1534	181762	1157	0:69 490731:1 0:493 4751:2 0:62 181124:1 0:59 5338:3 0:73 131567:5 0:8 131567:5 0:22 131567:4 0:297 181762:5 0:1 181762:1 0:12
C	1535	544580	848	0:136 131567:5 0:8 131567:2 0:7 131567:4 0:14 131567:4 0:19 131567:8 0:7 131567:5 0:19 131567:4 0:6 131567:4 0:96 131567:1 0:13 131567:1 0:7 131567:2 0:10 131567:1 0:26 131567:2 0:16 131567:1 0:46 131567:5 0:4 131567:5 0:2 131567:5 0:37 131567:5 0:6 131567:5 0:17 131567:8 0:1 131567:11 0:12 131567:3 0:33 544580:5 0:2 544580:5 0:4 544580:2 0:3 544580:1 0:19 131567:1 0:13 131567:1 0:74 131567:5 0:4 131567:4 0:38
C	1536	5338	1206	0:111 490731:1 0:427 131567:3 0:10 131567:1 0:56 4751:2 0:123 5338:3 0:68 131567:9 0:8 131567:5 0:53 131567:5 0:287
C	1537	131567	849	0:46 131567:4 0:16 131567:4 0:63 131567:5 0:8 131567:2 0:7 131567:4 0:14 131567:4 0:34 131567:4 0:19 131567:4 0:6 131567:4 0:63 131567:4 0:19 131567:1 0:11 131567:1 0:13 131567:1 0:7 131567:2 0:10 131567:1 0:26 131567:2 0:16 131567:1 0:46 131567:5 0:4 131567:5 0:2 131567:5 0:37 131567:5 0:6 131567:5 0:17 131567:8 0:1 131567:11 0:12 131567:3 0:160 131567:5 0:1 131567:5 0:4 131567:4 0:38
C	1538	544580	1014	0:61 131567:1 0:58 131567:2 0:48 131567:4 0:4 131567:5 0:1 131567:5 0:68 131567:1 0:13 131567:1 0:19 544580:1 0:3 544580:2 0:4 544580:5 0:2 544580:5 0:33 131567:3 0:12 131567:11 0:1 131567:8 0:17 131567:5 0:6 131567:5 0:16 131567:4 0:1 131567:5 0:79 131567:1 0:16 131567:2 0:26 131567:1 0:10 131567:2 0:7 131567:1 0:13 131567:1 0:11 131567:1 0:87 131567:4 0:6 131567:4 0:19 131567:5 0:7 131567:8 0:19 131567:4 0:14 131567:4 0:7 131567:2 0:8 131567:5 0:81 131567:4 0:71 131567:1 0:9
C	1539	40324	924	0:186 477697:2 0:55 477697:3 0:13 131567:1 0:20 40324:5 0:193 3273430:5 0:72 40324:5 0:13 131567:5 0:3 2:5 0:304
C	1540	477697	980	0:2 477697:4 0:346 2:5 0:3 131567:5 0:89 3273430:5 0:151 2:3 0:15 131567:5 0:118 477697:2 0:193
C	1541	5144	761	0:158 716545:1 0:22 131567:2 0:13 131567:5 0:4 716546:3 0:34 716546:2 0:9 716546:1 0:43 131567:6 0:169 716546:5 0:1 131567:3 5144:5 0:28 131567:1 0:16 131567:5 0:7 131567:4 0:10 131567:2 0:5 716546:4 0:159
C	1542	1224	871	0:300 477697:1 0:361 131567:5 0:13 40324:5 0:72 3273430:5 0:75
C	1543	4956	852	0:45 131567:4 0:16 131567:4 0:63 131567:5 0:8 131567:2 0:42 4956:2 0:6 131567:7 0:7 131567:5 0:19 131567:4 0:6 131567:4 0:63 131567:4 0:45 131567:5 0:39 131567:2 0:16 131567:1 0:103 131567:5 0:6 131567:5 0:17 131567:4 0:89 544580:1 0:19 131567:1 0:13 131567:1 0:76 131567:5 0:4 131567:4 0:41
C	1544	477697	1043	0:280 477697:2 0:58 477697:3 0:13 131567:1 0:216 3273430:5 0:61 227086:1 0:29 131567:5 0:3 2:5 0:16 477697:5 0:306
C	1545	544580	981	0:83 131567:2 0:48 131567:4 0:76 131567:1 0:13 131567:1 0:19 544580:1 0:3 544580:2 0:4 544580:5 0:41 131567:3 0:12 131567:6 0:150 131567:1 0:16 131567:2 0:26 131567:1 0:10 131567:2 0:7 131567:1 0:13 131567:1 0:11 131567:1 0:19 131567:4 0:63 131567:4 0:6 131567:4 0:19 131567:5 0:7 131567:8 0:19 131567:4 0:107 131567:4 0:16 131567:4 0:51 131567:5 0:16 131567:1 0:15
C	1546	181762	950	0:132 181124:2 0:93 181762:5 0:3 181762:1 0:48 131567:5 0:9 131567:2 0:12 131567:2 0:18 131567:4 0:40 498019:5 0:5 131567:5 0:58 5338:3 0:21 456999:2 0:142 131567:1 0:3 131567:5 0:3 131567:5 0:5 131567:1 0:10 131567:2 0:264
C	1547	36050	935	0:93 569360:5 0:184 5144:2 0:9 5125:5 0:2 5125:5 0:8 131567:5 0:4 716546:3 0:82 36050:5 0:171 716546:5 0:1 131567:3 5144:5 0:28 131567:1 0:16 131567:5 0:5 716545:1 0:248
C	1548	40324	984	0:2 477697:4 0:344 2:5 0:3 131567:5 0:13 40324:5 0:72 3273430:5 0:150 2:3 0:15 131567:5 0:20 40324:5 0:20 131567:1 0:13 477697:3 0:55 477697:2 0:200
C	1549	544580	973	0:22 131567:1 0:58 131567:2 0:48 131567:4 0:4 131567:5 0:1 131567:5 0:68 131567:1 0:13 131567:1 0:19 544580:1 0:3 544580:2 0:4 544580:5 0:2 544580:5 0:45 131567:11 0:1 131567:8 0:17 131567:5 0:6 131567:5 0:16 131567:4 0:1 131567:5 0:12 131567:5 0:2 131567:5 0:4 131567:5 0:45 131567:1 0:16 131567:2 0:26 131567:1 0:10 131567:2 0:7 131567:1 0:13 131567:1 0:11 131567:1 0:19 131567:4 0:63 131567:4 0:6 131567:4 0:19 131567:5 0:7 131567:8 0:19 131567:4 0:14 131567:4 0:7 131567:2 0:8 131567:5 0:63 131567:4 0:16 131567:4 0:82
C	1550	544580	1122	0:22 131567:1 0:109 131567:4 0:4 131567:5 0:1 131567:5 0:73 131567:1 0:13 131567:1 0:19 544580:1 0:3 544580:2 0:4 544580:5 0:2 544580:5 0:33 131567:3 0:12 131567:11 0:36 131567:5 0:16 131567:4 0:1 131567:5 0:12 131567:5 0:2 131567:5 0:4 131567:5 0:46 131567:1 0:16 131567:2 0:60 131567:1 0:11 131567:1 0:19 131567:4 0:63 131567:4 0:6 131567:4 0:19 131567:5 0:7 131567:8 0:19 131567:4 0:14 131567:4 0:7 131567:2 0:8 131567:5 0:82 131567:4 0:51 131567:5 0:16 131567:1 0:150
C	1551	544580	851	0:46 131567:4 0:16 131567:4 0:64 131567:5 0:8 131567:2 0:7 131567:4 0:14 131567:4 0:32 131567:1 0:101 131567:4 0:19 131567:1 0:11 131567:1 0:13 131567:1 0:7 131567:2 0:10 131567:1 0:45 131567:1 0:46 131567:5 0:4 131567:5 0:2 131567:5 0:12 131567:5 0:1 131567:4 0:16 131567:5 0:6 131567:5 0:17 131567:8 0:1 131567:11 0:12 131567:3 0:33 544580:5 0:2 544580:5 0:4 544580:2 0:3 544580:1 0:19 131567:1 0:13 131567:1 0:70 131567:5 0:1 131567:5 0:4 131567:4 0:38
C	1552	181762	866	0:217 131567:2 0:13 131567:5 0:23 131567:2 0:18 131567:4 0:48 131567:5 0:40 181762:3 0:40 456999:2 0:144 131567:5 0:5 131567:1 0:255
C	1553	5338	1162	0:494 131567:3 0:10 131567:1 0:56 4751:2 0:124 5338:3 0:176 131567:2 0:257
C	1554	5144	834	0:194 716545:1 0:22 131567:2 0:13 131567:5 0:4 716546:3 0:36 716546:1 0:9 716546:1 0:218 716546:2 0:1 131567:3 5144:5 0:28 131567:1 0:16 131567:5 0:7 131567:4 0:219
C	1555	544580	838	0:43 131567:4 0:16 131567:4 0:73 131567:2 0:7 131567:4 0:14 131567:4 0:56 131567:4 0:6 131567:5 0:63 131567:4 0:19 131567:1 0:11 131567:1 0:13 131567:1 0:8 508771:1 0:104 131567:5 0:2 131567:5 0:49 131567:5 0:17 131567:8 0:1 131567:3 0:65 544580:3 0:6 544580:2 0:3 544580:1 0:19 131567:1 0:13 131567:1 0:78 131567:5 0:4 131567:4 0:36
C	1556	544580	853	0:46 131567:4 0:16 131567:4 0:75 131567:2 0:7 131567:4 0:14 131567:4 0:19 131567:8 0:7 131567:5 0:19 131567:4 0:6 131567:4 0:63 131567:4 0:94 131567:2 0:16 131567:1 0:118 131567:5 0:17 131567:8 0:62 544580:5 0:2 544580:5 0:4 544580:2 0:3 544580:1 0:19 131567:1 0:13 131567:1 0:68 131567:5 0:1 131567:5 0:4 131567:4 0:38
C	1557	569360	940	0:39 1760811:4 0:74 147550:1 0:220 716545:1 0:5 131567:5 0:45 5144:5 131567:3 0:1 716546:5 0:202 716546:1 0:58 131567:5 0:8 5125:5 0:2 5125:5 0:191 569360:5 0:13 5144:2 0:1
C	1558	477697	952	0:182 477697:5 0:58 477697:3 0:13 131567:1 0:18 131567:7 2:6 0:190 3273430:5 0:90 131567:5 0:3 2:5 0:327
C	1559	477697	938	0:143 477697:5 0:39 477697:2 0:55 477697:3 0:13 131567:1 0:20 40324:5 0:40 2:3 0:41 3273430:5 0:203 131567:5 0:8 131567:3 0:310
C	1560	40324	934	0:188 477697:2 0:55 477697:3 0:13 131567:1 0:20 40324:5 0:20 131567:5 0:176 3273430:5 0:72 40324:5 0:13 131567:5 0:3 2:5 0:304
C	1561	477697	1276	0:266 477697:5 0:34 477697:4 0:345 2:5 0:3 131567:5 0:13 40324:5 0:72 3273430:5 0:150 2:3 0:15 131567:5 0:20 40324:5 0:20 131567:1 0:13 477697:3 0:55 477697:2 0:188
C	1562	544580	846	0:45 131567:4 0:16 131567:4 0:104 291208:4 0:19 131567:8 0:7 131567:5 0:19 131567:4 0:6 131567:5 0:63 131567:4 0:19 131567:1 0:11 131567:1 0:13 131567:1 0:7 131567:2 0:10 131567:1 0:26 131567:2 0:118 131567:5 0:6 131567:5 0:17 131567:8 0:1 131567:11 0:12 131567:3 0:33 544580:5 0:2 544580:5 0:4 544580:2 0:3 544580:1 0:19 131567:1 0:13 131567:1 0:69 131567:5 0:1 131567:5 0:4 131567:4 0:38
C	1563	131567	611	0:62 131567:4 0:16 131567:4 0:63 131567:5 0:89 131567:5 0:6 131567:4 0:64 131567:4 0:19 131567:1 0:11 131567:1 0:13 131567:1 0:7 131567:2 0:10 131567:1 0:26 131567:2 0:16 131567:1 0:45 131567:5 0:4 131567:5 0:2 131567:5 0:12 131567:5 0:1 131567:4 0:16 131567:5 0:6 131567:5 0:17 131567:3
C	1564	544580	845	0:46 131567:4 0:16 131567:4 0:63 131567:5 0:8 131567:2 0:7 131567:4 0:35 131567:7 0:7 131567:5 0:96 131567:4 0:93 131567:2 0:16 131567:1 0:46 131567:5 0:4 131567:5 0:2 131567:5 0:12 131567:5 0:1 131567:4 0:16 131567:5 0:6 131567:5 0:17 131567:8 0:1 131567:11 0:48 544580:5 0:2 544580:5 0:4 544580:2 0:3 544580:1 0:19 131567:1 0:13 131567:1 0:67 131567:5 0:1 131567:5 0:4 131567:4 0:38
C	1565	3273430	983	0:380 131567:5 0:29 227086:1 0:60 3273430:5 0:148 2:3 0:38 131567:7 0:18 131567:1 0:67 477697:2 0:185
C	1566	1423913	1069	0:238 1423913:5 0:6 131567:2 0:30 131567:5 0:68 131567:9 0:5 131567:5 0:58 5338:3 0:59 181124:1 0:119 131567:1 0:10 131567:3 0:408
C	1567	40324	929	0:192 477697:2 0:54 477697:3 0:13 131567:1 0:20 40324:5 0:268 40324:5 0:13 131567:5 0:3 2:5 0:306
C	1568	181762	1018	0:28 131567:7 0:318 131567:3 0:10 131567:1 0:5 131567:5 0:3 131567:5 0:3 131567:1 0:137 456999:2 0:21 5338:3 0:58 131567:5 0:5 131567:9 0:8 131567:5 0:22 131567:4 0:18 131567:2 0:12 131567:2 0:9 131567:5 0:49 181762:1 0:3 181762:5 0:93 181124:2 0:115
C	1569	147550	847	0:9 569360:5 0:213 131567:5 0:260 716546:5 0:1 131567:2 0:1 5144:5 0:46 131567:5 0:5 716545:1 0:250
C	1570	40324	971	0:349 2:5 0:3 131567:5 0:13 40324:5 0:226 2:3 0:15 131567:5 0:20 40324:5 0:20 131567:1 0:13 477697:3 0:246
C	1572	544580	984	0:22 131567:1 0:58 131567:2 0:48 131567:4 0:4 131567:5 0:1 131567:5 0:69 131567:1 0:13 131567:1 0:19 544580:1 0:3 544580:2 0:4 544580:5 0:2 544580:5 0:33 131567:3 0:12 131567:11 0:1 131567:8 0:17 131567:5 0:6 131567:5 0:16 131567:4 0:1 131567:5 0:79 131567:1 0:16 131567:2 0:26 131567:1 0:10 131567:2 0:7 131567:1 0:13 131567:1 0:11 131567:1 0:19 131567:4 0:63 131567:4 0:6 131567:4 0:75 131567:4 0:7 131567:2 0:8 131567:5 0:63 131567:4 0:16 131567:4 0:51 131567:5 0:16 131567:1 0:16
C	1573	544580	854	0:47 131567:4 0:16 131567:4 0:63 131567:5 0:8 131567:2 0:7 131567:4 0:37 131567:7 0:7 131567:5 0:19 131567:4 0:76 131567:4 0:19 131567:1 0:11 131567:1 0:13 131567:1 0:7 131567:2 0:10 131567:1 0:26 131567:2 0:16 131567:1 0:50 131567:2 0:4 131567:5 0:45 131567:5 0:6 131567:5 0:17 131567:8 0:1 131567:11 0:12 131567:3 0:33 544580:5 0:2 544580:5 0:4 544580:2 0:3 544580:1 0:19 131567:1 0:13 131567:1 0:70 131567:5 0:1 131567:5 0:4 131567:4 0:38
C	1574	477697	992	0:366 131567:3 0:8 131567:5 0:202 3273430:5 0:41 2:3 0:40 40324:5 0:20 131567:1 0:13 477697:3 0:51 477697:2 0:39 477697:5 0:146
C	1575	544580	983	0:22 131567:1 0:58 131567:2 0:48 131567:4 0:4 131567:5 0:1 131567:5 0:70 131567:1 0:13 131567:1 0:19 544580:1 0:3 544580:2 0:4 544580:5 0:2 544580:5 0:30 131567:5 0:12 131567:11 0:1 131567:8 0:17 131567:5 0:6 131567:5 0:39 131567:5 0:2 131567:5 0:4 131567:5 0:64 131567:1 0:26 131567:1 0:10 131567:2 0:7 131567:1 0:13 131567:1 0:11 131567:1 0:19 131567:4 0:64 131567:4 0:6 131567:4 0:19 131567:5 0:7 131567:8 0:19 131567:4 0:14 131567:4 0:7 131567:2 0:8 131567:5 0:63 131567:4 0:16 131567:4 0:51 131567:5 0:16 131567:1 0:12
C	1576	544580	844	0:46 131567:4 0:16 131567:4 0:63 131567:5 0:8 131567:2 0:7 131567:4 0:14 131567:4 0:19 131567:8 0:7 131567:5 0:19 131567:4 0:6 131567:4 0:63 131567:4 0:19 131567:1 0:11 131567:1 0:13 131567:1 0:7 131567:2 0:10 131567:1 0:95 131567:5 0:4 131567:5 0:45 131567:5 0:6 131567:5 0:84 544580:5 0:2 544580:5 0:4 544580:2 0:3 544580:1 0:19 131567:1 0:75 131567:5 0:1 131567:5 0:4 131567:4 0:38
C	1577	477697	999	0:9 477697:4 0:688 131567:1 0:13 477697:3 0:185 2708338:5 0:57
C	1578	181124	926	0:214 131567:1 0:51 131567:1 0:12 131567:2 0:41 181124:5 0:208 131567:5 0:36 131567:1 0:3 131567:5 0:3 131567:5 0:5 131567:1 0:293
C	1579	544580	848	0:46 131567:4 0:16 131567:4 0:63 131567:5 0:8 131567:2 0:7 131567:4 0:14 131567:4 0:19 131567:8 0:7 131567:5 0:19 131567:4 0:6 131567:4 0:85 131567:1 0:11 131567:1 0:13 131567:1 0:7 131567:2 0:10 131567:1 0:109 131567:5 0:12 131567:5 0:1 131567:4 0:47 131567:8 0:59 544580:5 0:2 544580:5 0:4 544580:2 0:3 544580:1 0:19 131567:1 0:13 131567:1 0:70 131567:5 0:1 131567:5 0:4 131567:4 0:38
C	1580	569360	900	0:312 716545:1 0:5 131567:5 0:16 131567:1 0:28 5144:5 0:173 147550:5 0:78 716546:3 0:4 131567:5 0:8 5125:5 0:2 5125:5 0:9 5144:2 0:180 569360:5 0:9
C	1581	544580	975	0:22 131567:1 0:56 131567:2 0:48 131567:4 0:4 131567:5 0:1 131567:5 0:83 131567:1 0:19 544580:1 0:3 544580:2 0:4 544580:5 0:53 131567:11 0:1 131567:8 0:17 131567:5 0:31 131567:5 0:12 131567:5 0:2 131567:5 0:4 131567:5 0:63 131567:2 0:38 131567:2 0:7 131567:1 0:13 131567:1 0:11 131567:1 0:88 131567:4 0:6 131567:4 0:19 131567:5 0:7 131567:8 0:46 131567:2 0:8 131567:5 0:63 131567:4 0:16 131567:4 0:83
C	1582	40324	962	0:346 131567:5 0:13 40324:5 0:72 3273430:5 0:150 2:3 0:15 131567:5 0:20 40324:5 0:20 131567:1 0:13 477697:3 0:247
C	1583	544580	975	0:22 131567:1 0:54 131567:2 0:48 131567:4 0:4 131567:5 0:1 131567:5 0:100 544580:1 0:3 544580:2 0:4 544580:5 0:2 544580:5 0:33 131567:3 0:12 131567:11 0:1 131567:5 0:30 131567:5 0:43 131567:5 0:56 131567:1 0:16 131567:2 0:26 131567:1 0:10 131567:2 0:7 131567:1 0:13 131567:1 0:11 131567:1 0:19 131567:4 0:71 498019:4 0:19 131567:5 0:7 131567:8 0:19 131567:4 0:14 131567:4 0:7 131567:2 0:8 131567:5 0:86 131567:4 0:51 131567:5 0:31
C	1584	569360	808	0:9 569360:5 0:183 5144:2 0:9 5125:5 0:2 5125:5 0:8 131567:5 0:4 716546:3 0:51 716546:1 0:246 131567:1 0:16 131567:5 0:5 716545:1 0:208
C	1585	1071382	846	0:67 1071382:5 0:58 131567:5 0:8 131567:2 0:7 131567:4 0:37 131567:7 0:7 131567:5 0:19 131567:4 0:6 131567:4 0:227 131567:5 0:80 131567:8 0:1 131567:5 0:107 131567:1 0:81 131567:5 0:4 131567:4 0:39
C	1586	544580	851	0:207 131567:8 0:7 131567:5 0:95 131567:4 0:19 131567:1 0:11 131567:1 0:13 131567:1 0:7 131567:2 0:125 131567:5 0:1 131567:4 0:49 131567:8 0:1 131567:11 0:57 544580:5 0:4 544580:2 0:3 544580:1 0:19 131567:1 0:97 131567:4 0:39
C	1587	5144	903	0:23 131567:3 0:227 716546:4 0:5 131567:2 0:10 131567:4 0:7 131567:5 0:16 131567:1 0:28 5144:5 131567:3 0:1 716546:5 0:56 37727:1 0:113 131567:6 0:43 716546:1 0:9 716546:2 0:34 716546:3 0:252
C	1588	544580	851	0:46 131567:4 0:16 131567:4 0:63 131567:5 0:8 131567:2 0:7 131567:4 0:14 131567:4 0:19 131567:8 0:7 131567:5 0:103 131567:2 0:54 131567:2 0:10 131567:1 0:26 131567:2 0:16 131567:1 0:46 131567:5 0:4 131567:5 0:2 131567:5 0:31 131567:5 0:36 131567:5 0:1 131567:11 0:66 544580:1 0:19 131567:1 0:13 131567:1 0:70 131567:5 0:1 131567:5 0:4 131567:4 0:38
C	1589	544580	846	0:46 131567:4 0:16 131567:4 0:63 131567:5 0:8 131567:2 0:7 131567:4 0:14 131567:4 0:19 131567:8 0:7 131567:5 0:19 131567:4 0:6 131567:4 0:63 131567:3 0:19 131567:1 0:11 131567:1 0:75 131567:1 0:78 131567:5 0:1 131567:4 0:16 131567:5 0:6 131567:5 0:17 131567:8 0:1 131567:11 0:12 131567:3 0:33 544580:5 0:2 544580:5 0:4 544580:2 0:3 544580:1 0:19 131567:1 0:13 131567:1 0:128
C	1590	544580	517	0:22 131567:1 0:107 131567:4 0:4 131567:5 0:1 131567:5 0:70 131567:1 0:13 131567:1 0:19 544580:1 0:3 544580:2 0:4 544580:5 0:2 544580:5 0:45 131567:11 0:1 131567:8 0:17 131567:5 0:6 131567:5 0:16 131567:4 0:1 131567:5 0:12 131567:5 0:2 131567:5 0:4 131567:5 0:46 131567:1 0:4
C	1591	544580	831	0:44 131567:4 0:16 131567:4 0:63 131567:5 0:8 131567:2 0:7 131567:4 0:14 131567:4 0:19 131567:8 0:7 131567:5 0:29 131567:4 0:63 131567:4 0:19 131567:1 0:190 131567:5 0:17 131567:8 0:1 131567:11 0:12 131567:3 0:33 544580:5 0:37 131567:1 0:13 131567:1 0:69 131567:5 0:1 131567:5 0:4 131567:4 0:38
C	1592	2	945	0:190 477697:2 0:55 477697:3 0:75 2:2 0:42 3273430:5 0:200 131567:5 0:332
C	1593	544580	849	0:46 131567:4 0:16 131567:4 0:67 131567:5 0:8 131567:2 0:7 131567:4 0:14 131567:4 0:34 131567:4 0:19 131567:4 0:6 131567:4 0:62 131567:3 0:19 131567:1 0:11 131567:1 0:13 131567:1 0:7 131567:2 0:10 131567:1 0:26 131567:2 0:16 131567:1 0:46 131567:5 0:4 131567:5 0:2 131567:5 0:12 131567:5 0:1 131567:4 0:16 131567:5 0:6 131567:5 0:17 131567:7 0:60 544580:5 0:2 544580:5 0:4 544580:2 0:3 544580:1 0:19 131567:1 0:13 131567:1 0:69 131567:5 0:1 131567:5 0:4 131567:4 0:38
C	1595	544580	848	0:46 131567:4 0:16 131567:4 0:63 131567:5 0:8 131567:2 0:7 131567:4 0:14 131567:4 0:19 131567:8 0:7 131567:5 0:19 131567:4 0:6 131567:4 0:63 131567:4 0:19 131567:1 0:11 131567:1 0:13 131567:1 0:7 131567:2 0:10 131567:1 0:26 131567:2 0:16 131567:1 0:46 131567:5 0:4 131567:5 0:19 131567:5 0:1 131567:4 0:16 131567:5 0:32 131567:3 0:60 544580:5 0:37 131567:1 0:13 131567:1 0:82 131567:5 0:38
C	1596	477697	972	0:2 477697:4 0:347 131567:5 0:13 40324:5 0:72 3273430:5 0:220 131567:1 0:13 477697:3 0:248
C	1597	544580	848	0:46 131567:4 0:16 131567:4 0:63 131567:5 0:8 131567:2 0:7 131567:4 0:14 131567:4 0:19 131567:8 0:7 131567:5 0:19 131567:4 0:6 131567:4 0:63 131567:4 0:19 131567:1 0:11 131567:1 0:124 131567:5 0:4 131567:5 0:2 131567:5 0:12 131567:5 0:1 131567:4 0:16 131567:5 0:6 131567:5 0:17 131567:8 0:1 131567:11 0:12 131567:3 0:33 544580:5 0:2 544580:5 0:4 544580:2 0:3 544580:1 0:19 131567:1 0:13 131567:1 0:69 131567:5 0:1 131567:5 0:4 131567:4 0:38
C	1598	477697	971	0:2 477697:4 0:342 2:5 0:3 131567:5 0:13 40324:5 0:72 3273430:5 0:151 2:3 0:65 131567:1 0:13 477697:3 0:55 477697:2 0:188
C	1599	544580	849	0:45 131567:4 0:16 131567:4 0:63 131567:5 0:8 131567:2 0:7 131567:4 0:14 131567:4 0:62 131567:4 0:6 131567:4 0:64 131567:4 0:19 131567:1 0:11 131567:1 0:13 131567:1 0:7 131567:2 0:10 131567:1 0:40 131567:1 0:46 131567:5 0:4 131567:5 0:2 131567:5 0:12 131567:5 0:1 131567:4 0:16 131567:5 0:6 131567:5 0:17 131567:8 0:1 131567:11 0:12 131567:5 0:46 544580:2 0:3 544580:1 0:19 131567:1 0:13 131567:1 0:70 131567:5 0:1 131567:5 0:4 131567:4 0:38
C	1600	477697	1275	0:301 477697:4 0:325 1760:5 0:41 40324:5 0:301 131567:1 0:66 477697:2 0:190
C	1601	544580	982	0:22 131567:1 0:58 131567:2 0:48 131567:4 0:4 131567:5 0:1 131567:5 0:105 544580:5 0:2 544580:5 0:50 131567:11 0:1 131567:8 0:17 131567:5 0:6 131567:5 0:17 131567:3 0:1 131567:5 0:19 131567:6 0:71 131567:1 0:26 131567:1 0:10 131567:2 0:7 131567:1 0:13 131567:1 0:11 131567:1 0:85 131567:4 0:6 131567:4 0:59 131567:4 0:128 131567:4 0:72 131567:1 0:15
C	1602	40324	920	0:188 477697:2 0:91 40324:5 0:194 3273430:3 0:71 40324:5 0:13 131567:5 0:3 2:5 0:301
C	1603	544580	886	0:123 131567:1 0:13 131567:1 0:19 544580:1 0:3 544580:2 0:4 544580:5 0:2 544580:5 0:33 131567:3 0:12 131567:5 0:43 131567:5 0:16 131567:4 0:1 131567:5 0:12 131567:5 0:2 131567:5 0:4 131567:5 0:64 131567:1 0:26 131567:1 0:10 131567:2 0:7 131567:1 0:13 131567:1 0:11 131567:1 0:84 131567:4 0:6 131567:4 0:19 131567:5 0:7 131567:8 0:19 131567:4 0:14 131567:4 0:7 131567:2 0:8 131567:5 0:63 131567:4 0:16 131567:4 0:88
C	1604	147550	543	0:12 569360:5 0:182 5144:2 0:9 5125:2 0:79 716546:1 0:32 147550:5 0:165 716546:5 0:1 131567:3 5144:5 0:1
C	1605	544580	982	0:22 131567:1 0:58 131567:2 0:48 131567:4 0:4 131567:5 0:1 131567:5 0:69 131567:1 0:13 131567:1 0:19 544580:1 0:3 544580:2 0:4 544580:5 0:2 544580:5 0:100 131567:5 0:16 131567:4 0:1 131567:5 0:12 131567:5 0:2 131567:5 0:4 131567:5 0:46 131567:1 0:43 131567:1 0:10 131567:2 0:119 131567:4 0:6 131567:4 0:19 131567:5 0:7 131567:8 0:19 131567:4 0:14 131567:4 0:7 131567:2 0:184
C	1606	544580	942	0:112 131567:4 0:4 131567:5 0:1 131567:5 0:92 544580:1 0:102 131567:5 0:16 131567:4 0:1 131567:5 0:12 131567:5 0:2 131567:5 0:4 131567:5 0:46 131567:1 0:16 131567:2 0:60 131567:1 0:11 131567:1 0:19 131567:4 0:76 131567:4 0:19 131567:4 0:36 131567:4 0:14 131567:4 0:7 131567:2 0:8 131567:5 0:63 131567:4 0:16 131567:4 0:51 131567:5 0:16 131567:1 0:14
C	1607	544580	978	0:145 131567:5 0:102 544580:1 0:3 544580:2 0:133 131567:4 0:1 131567:5 0:12 131567:5 0:2 131567:5 0:4 131567:5 0:199 296543:2 0:19 131567:4 0:6 131567:4 0:72 131567:4 0:7 131567:2 0:8 131567:5 0:164 131567:1 0:13
C	1608	477697	952	0:189 477697:2 0:55 477697:3 0:13 131567:1 0:18 131567:7 2:6 0:14 131567:5 0:15 2:3 0:22 2:1 0:49 3273430:2 0:76 3273430:5 0:60 227086:1 0:29 131567:5 0:3 2:5 0:16 477697:5 0:5 477697:1 0:302
C	1610	477697	949	0:243 477697:3 0:13 131567:1 0:18 131567:7 2:6 0:14 131567:5 0:15 2:3 0:22 2:1 0:127 3273430:5 0:60 227086:1 0:29 131567:5 0:3 2:5 0:16 477697:5 0:5 477697:1 0:302
C	1611	40324	922	0:280 40324:5 0:20 131567:5 0:15 2:3 0:226 40324:5 0:13 131567:5 0:3 2:5 0:303
C	1612	40324	963	0:228 477697:2 0:90 40324:5 0:20 131567:5 0:15 2:3 0:150 3273430:5 0:72 40324:5 0:13 131567:5 0:3 2:5 0:303
C	1613	544580	983	0:22 131567:1 0:58 131567:2 0:48 131567:4 0:4 131567:5 0:1 131567:5 0:70 131567:1 0:13 131567:1 0:19 544580:1 0:3 544580:2 0:4 544580:5 0:2 544580:5 0:33 131567:3 0:12 131567:11 0:1 131567:8 0:17 131567:5 0:6 131567:5 0:39 131567:5 0:2 131567:5 0:4 131567:5 0:46 131567:1 0:44 131567:1 0:10 131567:2 0:7 131567:1 0:13 131567:1 0:97 131567:4 0:6 131567:4 0:19 131567:5 0:7 131567:8 0:19 131567:4 0:14 131567:4 0:7 131567:2 0:8 131567:5 0:63 131567:4 0:16 131567:4 0:73 131567:1 0:12
C	1614	544580	845	0:66 131567:4 0:63 131567:5 0:8 131567:2 0:7 131567:4 0:14 131567:4 0:19 131567:8 0:7 131567:5 0:19 131567:4 0:6 131567:4 0:63 131567:4 0:19 131567:1 0:11 131567:1 0:13 131567:1 0:7 131567:2 0:10 131567:1 0:90 131567:5 0:4 131567:5 0:2 131567:5 0:49 131567:5 0:17 131567:8 0:1 131567:11 0:46 544580:5 0:2 544580:5 0:4 544580:2 0:3 544580:1 0:19 131567:1 0:13 131567:1 0:76 131567:5 0:4 131567:4 0:36
C	1615	4751	1174	0:351 131567:2 0:30 131567:5 0:26 131567:4 0:233 4751:2 0:56 131567:1 0:10 131567:2 0:418
C	1616	477697	1278	0:29 3450747:5 0:215 477697:5 0:72 1884633:1 0:652 131567:1 0:13 477697:3 0:55 477697:2 0:191
C	1617	76775	969	0:9 76775:5 0:14 76775:2 0:10 76775:5 0:1 76775:1 0:107 76775:4 0:84 55193:4 0:29 131567:2 0:12 131567:2 0:47 55193:2 0:18 131567:4 0:126 76775:2 0:94 131567:1 0:3 131567:5 0:3 131567:5 0:16 55193:3 0:14 55193:5 0:296
C	1618	5144	910	0:23 131567:3 0:225 716546:4 0:5 131567:2 0:10 131567:4 0:7 131567:5 0:16 131567:1 0:28 5144:5 131567:3 0:1 716546:5 0:56 37727:1 0:114 131567:4 0:43 716546:1 0:9 716546:2 0:34 716546:3 0:4 131567:5 0:13 131567:2 0:22 716545:1 0:2 332648:2 0:198 131567:2 0:11
C	1619	544580	841	0:62 131567:4 0:74 131567:2 0:7 131567:4 0:14 131567:4 0:34 131567:4 0:19 131567:4 0:6 131567:4 0:19 181124:5 0:39 131567:4 0:19 131567:1 0:11 131567:1 0:13 131567:1 0:7 131567:2 0:10 131567:1 0:26 131567:2 0:16 131567:1 0:46 131567:5 0:4 131567:5 0:2 131567:5 0:37 131567:5 0:6 131567:5 0:17 131567:8 0:1 131567:11 0:12 131567:3 0:33 544580:5 0:2 544580:5 0:4 544580:2 0:3 544580:1 0:19 131567:1 0:13 131567:1 0:69 131567:5 0:1 131567:5 0:4 131567:4 0:38
C	1620	40324	944	0:247 477697:3 0:13 131567:1 0:20 40324:5 0:40 2:3 0:250 131567:5 0:3 2:5 0:315
C	1621	544580	978	0:77 131567:2 0:62 131567:5 0:70 131567:1 0:13 131567:1 0:19 544580:1 0:3 544580:2 0:4 544580:5 0:2 544580:5 0:58 131567:8 0:17 131567:5 0:6 131567:5 0:153 131567:1 0:44 131567:1 0:85 131567:4 0:6 131567:4 0:19 131567:4 0:53 131567:4 0:7 131567:2 0:8 131567:5 0:62 131567:4 0:70 131567:5 0:16 131567:1 0:15
C	1622	477697	608	0:2 477697:4 0:345 477697:1 0:5 477697:5 0:16 2:5 0:3 131567:5 0:29 227086:1 0:60 3273430:5 0:88
C	1623	544580	993	0:10 4956:5 0:5 131567:1 0:108 131567:4 0:4 131567:5 0:1 131567:5 0:69 131567:1 0:13 131567:1 0:19 544580:1 0:3 544580:2 0:4 544580:5 0:2 544580:5 0:33 131567:3 0:12 131567:11 0:1 131567:8 0:17 131567:5 0:6 131567:5 0:16 131567:4 0:1 131567:5 0:162 131567:1 0:11 131567:1 0:85 131567:4 0:6 131567:4 0:19 131567:5 0:7 131567:8 0:19 131567:4 0:14 131567:4 0:7 131567:2 0:8 131567:5 0:183
C	1624	544580	986	0:22 131567:1 0:58 131567:2 0:48 131567:4 0:4 131567:5 0:1 131567:5 0:82 131567:2 0:19 544580:1 0:3 544580:2 0:4 544580:5 0:2 544580:5 0:61 131567:8 0:17 131567:5 0:6 131567:5 0:16 131567:4 0:1 131567:5 0:79 131567:1 0:47 131567:1 0:10 131567:2 0:7 131567:1 0:44 131567:4 0:63 131567:4 0:6 131567:4 0:19 131567:5 0:7 131567:8 0:19 131567:4 0:14 131567:4 0:7 131567:2 0:8 131567:5 0:63 131567:4 0:107
C	1625	477697	1006	0:390 131567:5 0:246 2:3 0:15 131567:5 0:14 2:6 131567:7 0:18 131567:1 0:13 477697:3 0:246
C	1627	5454	944	0:22 131567:1 0:46 5454:3 0:57 131567:4 0:4 131567:5 0:1 131567:5 0:166 131567:3 0:1 131567:8 0:17 131567:5 0:6 131567:5 0:44 131567:5 0:114 131567:1 0:13 131567:1 0:11 131567:1 0:19 131567:4 0:141 131567:5 0:7 131567:2 0:8 131567:5 0:84 131567:4 0:82
C	1628	3273430	936	0:188 477697:2 0:55 477697:3 0:13 131567:1 0:20 40324:5 0:84 3273430:5 0:104 3273430:5 0:93 131567:5 0:3 2:5 0:311
C	1629	4751	1074	0:254 131567:2 0:60 131567:4 0:236 4751:2 0:57 131567:1 0:10 131567:3 0:411
C	1630	181762	1067	0:8 181762:1 0:1 181762:5 0:229 131567:2 0:30 131567:5 0:26 131567:4 0:22 131567:5 0:8 131567:9 0:5 131567:5 0:119 181124:1 0:62 4751:2 0:56 131567:1 0:10 131567:3 0:414
C	1631	28985	940	0:47 451864:5 0:2 4893:10 0:15 147537:1 0:2 147537:5 0:18 4910:4 0:43 28985:5 0:2 28985:5 0:22 4910:2 0:38 4910:5 0:2 4910:3 0:142 131567:5 0:16 131567:4 0:1 131567:5 0:12 131567:5 0:2 131567:5 0:4 131567:5 0:29 147537:1 0:61 131567:1 0:10 131567:2 0:7 131567:1 0:1 4893:7 4910:5 0:19 4910:4 0:78 131567:4 0:6 131567:4 0:57 131567:4 0:14 131567:3 0:5 4893:1 0:6 4910:4 0:130
C	1632	569360	806	0:9 569360:5 0:184 5144:2 0:9 5125:5 0:2 5125:5 0:8 131567:5 0:4 716546:3 0:51 716546:1 0:32 147550:5 0:208 131567:1 0:16 131567:5 0:5 716545:1 0:206
C	1634	131567	962	0:22 131567:1 0:109 131567:4 0:4 131567:5 0:1 131567:5 0:67 131567:1 0:13 131567:1 0:133 131567:5 0:16 131567:4 0:1 131567:5 0:12 131567:5 0:2 131567:5 0:4 131567:5 0:46 131567:1 0:102 131567:4 0:95 131567:5 0:7 131567:8 0:47 131567:2 0:8 131567:5 0:83 131567:5 0:49 131567:5 0:16 131567:1 0:9
C	1635	490731	1166	0:43 490731:3 0:7 490731:5 0:13 490731:1 0:432 131567:3 0:10 131567:1 0:56 4751:2 0:62 181124:1 0:120 131567:5 0:5 131567:9 0:8 131567:5 0:53 131567:5 0:30 131567:2 0:231 181762:5 0:1 181762:1 0:13
C	1636	5144	888	0:23 131567:3 0:225 716546:4 0:5 131567:2 0:10 131567:4 0:7 131567:5 0:16 131567:1 0:28 5144:5 131567:3 0:1 716546:5 0:167 131567:6 0:43 716546:1 0:9 716546:2 0:34 716546:3 0:4 131567:5 0:13 131567:2 0:22 716545:1 0:2 332648:2 0:49 237609:5 0:137
C	1637	477697	908	0:234 477697:3 0:13 131567:1 0:18 131567:7 2:6 0:267 131567:5 0:3 2:5 0:312
C	1638	477697	1300	0:264 477697:5 0:407 131567:5 0:294 40324:5 0:20 131567:1 0:13 477697:3 0:52 477697:2 0:195
C	1639	5144	897	0:23 131567:3 0:227 716546:4 0:5 131567:2 0:10 131567:4 0:7 131567:5 0:46 5144:5 0:1 131567:2 0:1 716546:5 0:56 37727:1 0:109 131567:6 0:87 716546:3 0:4 131567:5 0:13 131567:2 0:22 716545:1 0:2 332648:2 0:200
C	1640	40324	1294	0:681 40324:5 0:72 3273430:4 0:292 477697:2 0:204
C	1641	544580	852	0:47 131567:4 0:16 131567:4 0:63 131567:5 0:8 131567:2 0:51 131567:8 0:7 131567:5 0:19 131567:4 0:6 131567:4 0:63 131567:3 0:217 131567:5 0:6 131567:5 0:17 131567:7 0:60 544580:5 0:121 131567:5 0:1 131567:5 0:4 131567:4 0:37
C	1642	544580	841	0:46 131567:4 0:16 131567:4 0:61 131567:5 0:8 131567:2 0:7 131567:4 0:14 131567:4 0:19 131567:8 0:7 131567:5 0:19 131567:4 0:6 131567:4 0:63 131567:4 0:19 131567:1 0:11 131567:1 0:13 131567:1 0:7 131567:2 0:10 131567:1 0:26 131567:2 0:16 131567:1 0:54 131567:5 0:2 131567:5 0:69 131567:7 0:60 544580:5 0:2 544580:5 0:4 544580:2 0:3 544580:1 0:19 131567:1 0:13 131567:1 0:124
C	1643	544580	850	0:46 131567:4 0:16 131567:4 0:63 131567:5 0:8 131567:2 0:7 131567:4 0:14 131567:4 0:19 131567:8 0:7 131567:5 0:19 131567:4 0:6 131567:4 0:63 131567:4 0:19 131567:1 0:11 131567:1 0:13 131567:1 0:7 131567:2 0:10 131567:1 0:44 131567:1 0:46 131567:5 0:33 131567:5 0:16 131567:5 0:6 131567:5 0:17 131567:7 0:69 544580:5 0:4 544580:2 0:3 544580:1 0:19 131567:1 0:83 131567:5 0:1 131567:5 0:4 131567:4 0:38
C	1644	5125	829	0:24 147550:2 0:69 72144:5 0:360 1328300:2 0:5 5125:1 0:1 232080:1 5125:5 0:4 5125:2 0:3 131567:2 0:28 2231603:3 0:11 716546:5 0:1 131567:5 0:2 716545:1 0:7 131567:1 0:4 131567:4 0:9 131567:5 0:223
C	1645	544580	988	0:80 131567:2 0:135 131567:1 0:13 131567:1 0:19 544580:1 0:3 544580:2 0:4 544580:5 0:2 544580:5 0:33 131567:3 0:12 131567:11 0:1 131567:8 0:17 131567:5 0:6 131567:5 0:16 131567:4 0:1 131567:5 0:98 131567:1 0:191 131567:5 0:7 131567:5 0:40 131567:4 0:7 131567:2 0:8 131567:5 0:181
C	1646	569360	804	0:9 569360:5 0:181 5144:2 0:9 5125:5 0:2 5125:5 0:8 131567:5 0:4 716546:3 0:51 716546:1 0:203 716546:5 0:1 131567:3 5144:5 0:28 131567:1 0:16 131567:5 0:5 716545:1 0:207
C	1647	131567	1124	0:226 131567:4 0:29 131567:5 0:320 131567:1 0:10 131567:3 0:492
C	1648	477697	987	0:406 227086:1 0:192 2:1 0:22 2:3 0:15 131567:5 0:14 2:6 131567:7 0:18 131567:1 0:13 477697:3 0:55 477697:2 0:189
C	1649	4751	1061	0:245 131567:2 0:61 131567:4 0:34 131567:9 0:5 131567:5 0:181 4751:2 0:56 131567:1 0:422
C	1650	544580	526	0:22 131567:1 0:58 131567:2 0:48 131567:4 0:4 131567:5 0:1 131567:5 0:103 544580:1 0:3 544580:2 0:4 544580:5 0:2 544580:5 0:33 131567:3 0:12 131567:11 0:1 131567:8 0:17 131567:5 0:6 131567:5 0:16 131567:4 0:1 131567:5 0:12 131567:5 0:2 131567:5 0:4 131567:5 0:57
C	1651	5144	848	0:492 716546:5 0:1 131567:3 5144:5 0:28 131567:1 0:16 131567:5 0:5 716545:1 0:252
C	1652	40324	936	0:284 40324:5 0:20 131567:5 0:15 2:3 0:150 3273430:5 0:73 40324:5 0:13 131567:5 0:3 2:5 0:311
C	1653	131567	976	0:262 131567:5 0:8 131567:2 0:7 131567:4 0:14 131567:4 0:19 131567:8 0:7 131567:5 0:19 131567:4 0:6 131567:4 0:63 131567:4 0:19 131567:1 0:11 131567:1 0:59 131567:2 0:16 131567:1 0:48 131567:2 0:4 131567:5 0:2 131567:5 0:39 131567:5 0:6 131567:5 0:17 131567:8 0:1 131567:11 0:12 131567:3 0:73 131567:1 0:13 131567:1 0:69 131567:5 0:1 131567:5 0:4 131567:4 0:38
C	1654	40324	979	0:2 477697:4 0:349 2:5 0:3 131567:5 0:13 40324:5 0:243 131567:5 0:20 40324:5 0:20 131567:1 0:13 477697:3 0:55 477697:2 0:192
C	1655	477697	950	0:189 477697:2 0:54 477697:3 0:13 131567:1 0:18 131567:7 0:1 2:5 0:35 2:3 0:22 2:1 0:215 131567:5 0:3 2:5 0:16 477697:5 0:5 477697:1 0:307
C	1656	544580	981	0:22 131567:1 0:58 131567:2 0:138 131567:1 0:13 131567:1 0:19 544580:1 0:3 544580:2 0:4 544580:5 0:2 544580:5 0:61 131567:8 0:17 131567:5 0:6 131567:5 0:105 131567:1 0:16 131567:2 0:26 131567:1 0:10 131567:2 0:7 131567:1 0:13 131567:1 0:11 131567:1 0:94 498019:4 0:19 131567:5 0:7 131567:8 0:19 131567:4 0:14 131567:4 0:7 131567:2 0:8 131567:5 0:63 131567:4 0:16 131567:4 0:84
C	1657	181762	1057	0:9 181762:1 0:1 181762:5 0:232 131567:2 0:30 131567:5 0:26 131567:5 0:162 181124:1 0:63 4751:2 0:56 131567:1 0:10 131567:3 0:409
C	1658	477697	978	0:2 477697:4 0:450 3273430:5 0:150 2:1 0:65 131567:1 0:13 477697:3 0:55 477697:2 0:193
C	1659	3273430	944	0:241 477697:3 0:13 131567:1 0:18 131567:7 2:6 0:59 2:1 0:124 3273430:5 0:61 227086:1 0:370
C	1660	544580	861	0:63 131567:4 0:63 131567:5 0:8 131567:2 0:7 131567:4 0:14 131567:4 0:19 131567:8 0:7 131567:5 0:19 131567:4 0:6 131567:4 0:63 131567:4 0:19 131567:1 0:11 131567:1 0:13 131567:1 0:7 131567:2 0:10 131567:1 0:93 131567:5 0:4 131567:5 0:2 131567:5 0:75 131567:6 0:61 544580:5 0:129 131567:5 0:1 131567:5 0:4 131567:4 0:39
C	1661	477697	684	0:2 477697:4 0:407 227086:1 0:218 2:2 0:16
C	1662	544580	853	0:66 131567:4 0:63 131567:5 0:8 131567:2 0:7 131567:4 0:14 131567:4 0:19 131567:8 0:7 131567:5 0:19 131567:4 0:6 131567:4 0:63 131567:4 0:19 131567:1 0:11 131567:1 0:13 131567:1 0:7 131567:2 0:10 131567:1 0:109 131567:5 0:38 131567:5 0:6 131567:5 0:17 131567:8 0:1 131567:11 0:50 544580:5 0:2 544580:5 0:4 544580:2 0:3 544580:1 0:19 131567:1 0:13 131567:1 0:70 131567:5 0:10 131567:4 0:37
C	1663	5125	897	0:111 1279085:1 0:178 716545:1 0:46 131567:1 0:10 131567:5 0:1 716546:5 0:11 2231603:3 0:28 131567:2 0:3 5125:2 0:4 5125:5 232080:1 0:1 5125:1 0:45 5125:1 232080:2 0:53 147550:1 0:15 5125:5 0:28 716546:1 0:9 716546:1 0:67 4751:4 5125:1 0:6 147550:2 0:5 147550:2 0:193 147550:2
C	1664	544580	846	0:45 131567:4 0:16 131567:4 0:63 131567:5 0:8 131567:2 0:7 131567:4 0:14 131567:4 0:19 131567:8 0:7 131567:5 0:19 131567:4 0:6 131567:4 0:63 131567:4 0:19 131567:1 0:43 131567:1 0:91 131567:5 0:4 131567:5 0:2 131567:5 0:18 131567:4 0:16 131567:5 0:6 131567:5 0:17 131567:8 0:1 131567:11 0:12 131567:3 0:33 544580:5 0:2 544580:5 0:4 544580:2 0:3 544580:1 0:160
C	1665	569360	807	0:9 569360:5 0:181 5144:2 0:9 5125:5 0:2 5125:5 0:8 131567:5 0:4 716546:3 0:51 716546:1 0:205 716546:5 0:1 131567:3 5144:5 0:28 131567:1 0:16 131567:5 0:5 716545:1 0:208
C	1666	544580	992	0:22 131567:1 0:107 131567:4 0:4 131567:5 0:1 131567:5 0:70 131567:1 0:13 131567:1 0:19 544580:1 0:3 544580:2 0:4 544580:5 0:2 544580:5 0:33 131567:3 0:12 131567:11 0:1 131567:8 0:17 131567:5 0:31 131567:5 0:80 131567:1 0:16 131567:2 0:26 131567:1 0:10 131567:2 0:7 131567:1 0:13 131567:1 0:11 131567:1 0:87 131567:4 0:6 131567:4 0:19 131567:5 0:7 131567:8 0:19 131567:4 0:14 131567:4 0:7 131567:2 0:8 131567:5 0:63 131567:4 0:16 131567:4 0:51 131567:5 0:16 131567:1 0:22
C	1667	131567	852	0:48 131567:4 0:16 131567:4 0:128 131567:8 0:7 131567:5 0:19 131567:4 0:6 131567:4 0:62 131567:4 0:19 131567:1 0:11 131567:1 0:13 131567:1 0:7 131567:2 0:10 131567:1 0:162 131567:5 0:17 131567:8 0:1 131567:11 0:12 131567:3 0:73 131567:1 0:13 131567:1 0:69 131567:5 0:1 131567:5 0:4 131567:4 0:38
C	1668	5144	912	0:23 131567:3 0:232 131567:3 0:10 131567:4 0:7 131567:5 0:16 131567:1 0:28 5144:5 131567:3 0:1 716546:5 0:176 131567:6 0:43 716546:1 0:66 451864:4 131567:2 0:224 131567:2 0:8
C	1669	131567	850	0:46 131567:4 0:16 131567:4 0:63 131567:5 0:8 131567:2 0:7 131567:4 0:14 131567:4 0:19 131567:8 0:7 131567:5 0:19 131567:4 0:6 131567:4 0:63 131567:4 0:19 131567:1 0:11 131567:1 0:61 131567:2 0:16 131567:1 0:79 131567:5 0:1 131567:4 0:51 131567:6 0:1 131567:11 0:12 131567:3 0:73 131567:1 0:13 131567:1 0:70 131567:5 0:1 131567:5 0:4 131567:4 0:38
C	1670	181762	1071	0:7 181762:1 0:1 181762:5 0:232 131567:2 0:64 131567:4 0:112 5338:3 0:126 4751:2 0:56 131567:1 0:10 131567:3 0:408
C	1671	5144	753	0:152 332648:2 0:2 716545:1 0:22 131567:2 0:13 131567:5 0:4 716546:3 0:34 716546:2 0:9 716546:1 0:43 131567:6 0:113 37727:1 0:56 716546:5 0:1 131567:3 5144:5 0:28 131567:1 0:16 131567:5 0:7 131567:4 0:10 131567:2 0:5 716546:4 0:152
C	1672	544580	975	0:22 131567:1 0:115 131567:5 0:1 131567:5 0:69 131567:1 0:13 131567:1 0:19 544580:1 0:3 544580:2 0:4 544580:5 0:2 544580:5 0:58 131567:8 0:17 131567:5 0:6 131567:5 0:16 131567:4 0:1 131567:5 0:12 131567:5 0:2 131567:5 0:4 131567:5 0:90 131567:1 0:10 131567:2 0:7 131567:1 0:13 131567:1 0:11 131567:1 0:19 131567:4 0:95 131567:5 0:7 131567:8 0:19 131567:4 0:14 131567:4 0:7 131567:2 0:8 131567:5 0:48 284811:5 0:9 131567:4 0:16 131567:4 0:51 131567:5 0:16 131567:1 0:12
C	1673	569360	798	0:10 569360:5 0:193 5125:5 0:8 131567:5 0:4 716546:3 0:258 716546:5 0:1 131567:3 5144:5 0:28 131567:1 0:16 131567:5 0:5 716545:1 0:203
C	1674	1224	919	0:186 477697:2 0:93 40324:5 0:20 131567:4 0:166 3273430:5 0:89 131567:5 0:3 2:5 0:302
C	1675	2	947	0:182 477697:2 0:54 477697:3 0:13 131567:1 0:18 131567:7 0:64 2:1 0:132 3273430:5 0:89 131567:5 0:3 2:5 0:329
C	1676	477697	920	0:243 477697:3 0:13 131567:1 0:626
C	1677	544580	1020	0:306 131567:5 0:8 131567:2 0:7 131567:4 0:14 131567:4 0:34 131567:4 0:19 131567:4 0:6 131567:4 0:63 131567:4 0:19 131567:1 0:11 131567:1 0:13 131567:1 0:7 131567:2 0:10 131567:1 0:26 131567:2 0:16 131567:1 0:60 131567:5 0:49 131567:5 0:17 131567:8 0:1 131567:11 0:12 131567:3 0:33 544580:5 0:2 544580:5 0:4 544580:2 0:3 544580:1 0:104 131567:5 0:1 131567:5 0:4 131567:4 0:38
C	1678	544580	845	0:46 131567:4 0:16 131567:4 0:63 131567:5 0:8 131567:2 0:7 131567:4 0:14 131567:4 0:19 131567:8 0:7 131567:5 0:19 131567:4 0:6 131567:4 0:63 131567:4 0:19 131567:1 0:11 131567:1 0:13 131567:1 0:7 131567:2 0:10 131567:1 0:42 131567:1 0:54 131567:5 0:42 131567:5 0:6 131567:5 0:85 544580:5 0:2 544580:5 0:4 544580:2 0:3 544580:1 0:19 131567:1 0:13 131567:1 0:70 131567:5 0:1 131567:5 0:4 131567:4 0:39
C	1679	477697	972	0:2 477697:4 0:369 40324:5 0:72 3273430:5 0:219 131567:1 0:13 477697:3 0:55 477697:2 0:188
C	1680	181762	1180	0:21 131567:5 0:547 181124:5 0:198 131567:5 0:5 131567:9 0:8 131567:5 0:22 131567:4 0:296 181762:5 0:1 181762:1 0:9
U	1681	0	851	0:817
C	1682	544580	1013	0:112 131567:2 0:63 131567:5 0:86 131567:1 0:19 544580:1 0:55 131567:3 0:12 131567:11 0:1 131567:8 0:50 131567:5 0:171 131567:1 0:80 131567:4 0:6 131567:4 0:19 131567:5 0:74 131567:5 0:176
C	1683	181762	965	0:23 131567:3 0:5 5204:2 0:292 131567:1 0:5 131567:5 0:3 131567:5 0:3 131567:1 0:137 456999:2 0:77 131567:5 0:5 131567:9 0:8 131567:5 0:22 131567:4 0:18 131567:2 0:12 131567:2 0:9 131567:5 0:49 181762:1 0:3 181762:5 0:93 181124:2 0:108
C	1684	131567	840	0:131 131567:5 0:8 131567:2 0:49 131567:8 0:7 131567:5 0:19 131567:4 0:6 131567:4 0:119 131567:2 0:10 131567:1 0:85 131567:5 0:4 131567:5 0:2 131567:5 0:68 131567:8 0:1 131567:3 0:178 131567:5 0:1 131567:5 0:51
C	1685	40324	984	0:352 2:5 0:3 131567:5 0:13 40324:5 0:72 3273430:5 0:168 131567:4 0:20 40324:5 0:20 131567:1 0:13 477697:3 0:256
C	1686	544580	976	0:130 131567:4 0:4 131567:5 0:1 131567:5 0:69 131567:1 0:13 131567:1 0:19 544580:1 0:3 544580:2 0:4 544580:5 0:2 544580:5 0:92 131567:5 0:16 131567:1 0:12 131567:4 0:5 131567:5 0:2 131567:5 0:4 131567:5 0:90 131567:1 0:10 131567:2 0:7 131567:1 0:13 131567:1 0:11 131567:1 0:19 131567:4 0:63 131567:4 0:6 131567:4 0:19 131567:5 0:7 131567:8 0:19 131567:4 0:14 131567:4 0:7 131567:2 0:8 131567:5 0:63 131567:4 0:18 131567:3 0:52 131567:5 0:16 131567:1 0:11
C	1687	477697	950	0:190 477697:2 0:55 477697:3 0:13 131567:1 0:18 131567:7 2:6 0:251 227086:1 0:29 131567:5 0:3 2:5 0:16 477697:5 0:5 477697:1 0:300
C	1688	3273430	943	0:191 477697:2 0:173 3273430:5 0:107 3273430:1 0:93 352472:5 0:332
C	1689	2	526	0:187 477697:2 0:55 477697:3 0:13 131567:1 0:18 131567:7 2:6 0:56 2:1 0:127 3273430:5 0:11
C	1690	477697	1302	0:265 477697:5 0:401 2:5 0:3 131567:5 0:90 3273430:5 0:151 2:3 0:40 40324:5 0:20 131567:1 0:74 477697:2 0:193
C	1691	131567	852	0:46 131567:4 0:16 131567:4 0:63 131567:5 0:8 131567:2 0:64 131567:4 0:19 131567:4 0:6 131567:4 0:63 131567:4 0:19 131567:1 0:11 131567:1 0:13 131567:1 0:7 131567:2 0:10 131567:1 0:93 131567:5 0:4 131567:5 0:2 131567:5 0:38 131567:5 0:6 131567:5 0:17 131567:8 0:1 131567:11 0:12 131567:3 0:73 131567:1 0:13 131567:1 0:70 131567:5 0:1 131567:5 0:4 131567:4 0:39
C	1692	544580	970	0:22 131567:1 0:59 131567:2 0:48 131567:4 0:93 131567:1 0:19 544580:1 0:3 544580:2 0:4 544580:5 0:2 544580:5 0:47 131567:11 0:1 131567:8 0:17 131567:5 0:6 131567:5 0:44 131567:5 0:4 131567:5 0:46 131567:1 0:16 131567:2 0:26 131567:1 0:10 131567:2 0:7 131567:1 0:13 131567:1 0:11 131567:1 0:19 131567:4 0:96 131567:5 0:70 131567:5 0:170
C	1693	3273430	1030	0:459 3273430:5 0:26 3273430:2 0:174 131567:5 0:3 2:5 0:317
C	1695	544580	975	0:19 131567:1 0:59 131567:1 0:48 131567:4 0:4 131567:5 0:1 131567:5 0:67 131567:1 0:13 131567:1 0:19 544580:1 0:3 544580:2 0:4 544580:5 0:2 544580:5 0:46 131567:11 0:1 131567:8 0:17 131567:5 0:6 131567:5 0:47 131567:5 0:4 131567:5 0:46 131567:1 0:16 131567:2 0:152 131567:4 0:6 131567:4 0:19 131567:5 0:7 131567:8 0:19 131567:4 0:14 131567:4 0:7 131567:2 0:8 131567:5 0:63 131567:4 0:104 131567:1 0:6
C	1697	544580	1013	0:245 131567:1 0:13 131567:1 0:23 544580:2 0:49 131567:3 0:12 131567:6 0:45 131567:5 0:16 131567:2 0:87 131567:1 0:16 131567:2 0:26 131567:1 0:10 131567:2 0:7 131567:1 0:13 131567:1 0:11 131567:1 0:118 131567:5 0:7 131567:8 0:19 131567:4 0:14 131567:4 0:7 131567:2 0:81 131567:4 0:104
C	1698	477697	1393	0:341 477697:5 0:34 477697:4 0:473 3273430:5 0:497
C	1699	544580	848	0:46 131567:4 0:16 131567:4 0:126 131567:8 0:7 131567:5 0:19 131567:4 0:6 131567:4 0:63 131567:4 0:19 131567:1 0:11 131567:1 0:13 131567:1 0:7 131567:2 0:10 131567:1 0:45 131567:1 0:46 131567:5 0:4 131567:5 0:2 131567:5 0:82 131567:7 0:12 131567:3 0:33 544580:5 0:2 544580:5 0:4 544580:2 0:3 544580:1 0:19 131567:1 0:13 131567:1 0:69 131567:5 0:1 131567:5 0:4 131567:4 0:38
C	1700	1268659	912	0:213 1268659:5 0:41 131567:5 0:9 131567:2 0:74 131567:2 0:9 131567:5 0:220 131567:1 0:3 131567:5 0:3 131567:5 0:5 131567:1 0:270
C	1701	2	996	0:471 3273430:5 0:128 2:1 0:104 477697:3 0:55 477697:2 0:193
C	1702	544580	975	0:214 131567:1 0:13 131567:1 0:19 544580:1 0:3 544580:2 0:4 544580:5 0:40 131567:3 0:12 131567:11 0:1 131567:6 0:79 131567:5 0:4 131567:5 0:124 131567:1 0:11 131567:1 0:19 131567:4 0:12 3239874:1 0:49 131567:4 0:6 131567:4 0:19 131567:5 0:7 131567:8 0:48 131567:2 0:8 131567:5 0:62 131567:4 0:108
C	1703	544580	994	0:22 131567:1 0:58 131567:2 0:48 131567:4 0:4 131567:5 0:1 131567:5 0:65 131567:1 0:13 131567:1 0:19 544580:1 0:3 544580:2 0:4 544580:5 0:2 544580:5 0:33 131567:3 0:12 131567:11 0:1 131567:8 0:17 131567:5 0:6 131567:5 0:16 131567:4 0:1 131567:5 0:12 131567:5 0:2 131567:5 0:4 131567:5 0:46 131567:1 0:16 131567:2 0:26 131567:1 0:10 131567:2 0:7 131567:1 0:13 131567:1 0:103 131567:4 0:6 131567:4 0:19 131567:5 0:7 131567:8 0:19 131567:4 0:14 131567:4 0:7 131567:2 0:8 131567:5 0:63 131567:4 0:16 131567:4 0:92 131567:1 0:4
C	1704	131567	829	0:46 131567:4 0:16 131567:4 0:63 131567:5 0:8 131567:2 0:7 131567:4 0:14 131567:4 0:19 131567:8 0:7 131567:5 0:19 131567:4 0:6 131567:4 0:63 131567:4 0:19 131567:1 0:43 131567:1 0:93 131567:5 0:4 131567:5 0:45 131567:5 0:6 131567:5 0:17 131567:8 0:1 131567:11 0:150 131567:5 0:1 131567:5 0:4 131567:4 0:41
C	1705	544580	982	0:81 131567:2 0:59 131567:5 0:1 131567:5 0:69 131567:1 0:13 131567:1 0:19 544580:1 0:3 544580:2 0:4 544580:5 0:2 544580:5 0:44 131567:11 0:1 131567:8 0:159 131567:2 0:230 131567:5 0:14 131567:4 0:7 131567:2 0:8 131567:5 0:63 131567:4 0:93 131567:1 0:9
C	1706	544580	848	0:47 131567:4 0:94 131567:2 0:7 131567:4 0:14 131567:4 0:19 131567:8 0:7 131567:5 0:19 131567:4 0:6 131567:4 0:63 131567:4 0:19 131567:1 0:11 131567:1 0:13 131567:1 0:47 131567:2 0:16 131567:1 0:46 131567:5 0:4 131567:5 0:2 131567:5 0:12 131567:5 0:1 131567:4 0:16 131567:5 0:6 131567:5 0:17 131567:8 0:1 131567:11 0:12 131567:3 0:33 544580:5 0:2 544580:5 0:4 544580:2 0:3 544580:1 0:19 131567:1 0:13 131567:1 0:69 131567:5 0:1 131567:5 0:4 131567:4 0:37
C	1707	477697	1021	0:348 477697:1 0:5 477697:5 0:122 3273430:5 0:190 2:6 131567:7 0:34 477697:3 0:261
C	1708	544580	978	0:22 131567:1 0:58 131567:2 0:48 131567:4 0:4 131567:5 0:73 131567:1 0:13 131567:1 0:19 544580:1 0:3 544580:2 0:4 544580:5 0:2 544580:5 0:48 131567:11 0:1 131567:8 0:17 131567:5 0:6 131567:5 0:101 131567:1 0:16 131567:2 0:26 131567:1 0:10 131567:2 0:7 131567:1 0:13 131567:1 0:11 131567:1 0:19 131567:4 0:63 131567:4 0:6 131567:4 0:19 131567:5 0:7 131567:8 0:19 131567:4 0:14 131567:4 0:7 131567:2 0:8 131567:5 0:62 131567:4 0:16 131567:4 0:73 131567:1 0:15
C	1709	544580	847	0:64 131567:4 0:63 131567:5 0:59 131567:8 0:7 131567:5 0:19 131567:4 0:6 131567:4 0:63 131567:4 0:19 131567:1 0:11 131567:1 0:13 131567:1 0:108 131567:5 0:56 131567:5 0:6 131567:5 0:17 131567:8 0:1 131567:5 0:54 544580:5 0:2 544580:5 0:4 544580:2 0:3 544580:1 0:160
C	1710	131567	735	0:108 131567:5 0:6 131567:5 0:16 131567:4 0:1 131567:5 0:12 131567:5 0:62 131567:1 0:16 131567:2 0:26 131567:1 0:10 131567:2 0:7 131567:1 0:13 131567:1 0:11 131567:1 0:87 131567:4 0:6 131567:4 0:19 131567:5 0:7 131567:8 0:19 131567:4 0:14 131567:4 0:7 131567:2 0:8 131567:5 0:63 131567:4 0:110
C	1711	2916678	848	0:46 131567:4 0:16 131567:4 0:63 131567:5 0:77 2916678:5 0:12 131567:4 0:6 131567:4 0:98 131567:1 0:13 131567:1 0:7 131567:2 0:10 131567:1 0:150 131567:5 0:6 131567:5 0:17 131567:4 0:120 131567:1 0:127
C	1713	716546	824	0:247 131567:2 0:13 131567:5 0:4 716546:3 0:34 716546:2 0:9 716546:1 0:306 716546:4 0:160
C	1714	477697	1268	0:247 477697:3 0:13 131567:1 0:304 131567:5 0:3 2:5 0:653
C	1715	544580	848	0:46 131567:5 0:16 131567:4 0:63 131567:5 0:72 131567:4 0:19 131567:4 0:6 131567:4 0:61 131567:4 0:19 131567:1 0:11 131567:1 0:13 131567:1 0:7 131567:2 0:10 131567:1 0:91 131567:5 0:4 131567:5 0:2 131567:5 0:12 131567:5 0:1 131567:4 0:16 131567:5 0:6 131567:5 0:17 131567:8 0:1 131567:1 0:60 544580:5 0:2 544580:5 0:4 544580:2 0:3 544580:1 0:19 131567:1 0:13 131567:1 0:126
C	1716	181124	1107	0:320 131567:5 0:26 131567:4 0:22 131567:5 0:8 131567:9 0:5 131567:5 0:58 5338:3 0:59 181124:1 0:118 131567:1 0:10 131567:3 0:411
C	1717	544580	849	0:46 131567:4 0:16 131567:4 0:102 131567:4 0:36 131567:4 0:96 131567:4 0:19 131567:1 0:11 131567:1 0:13 131567:1 0:7 131567:2 0:167 131567:5 0:17 131567:4 0:3 131567:1 0:55 544580:5 0:37 131567:1 0:82 131567:5 0:1 131567:5 0:4 131567:4 0:48
C	1718	544580	845	0:48 131567:4 0:16 131567:4 0:63 131567:5 0:8 131567:2 0:7 131567:4 0:36 131567:7 0:7 131567:5 0:38 716546:1 0:57 131567:4 0:169 131567:5 0:2 131567:5 0:12 131567:5 0:1 131567:4 0:16 131567:5 0:6 131567:5 0:17 131567:4 0:3 131567:1 0:57 544580:5 0:2 544580:5 0:4 544580:2 0:3 544580:1 0:19 131567:1 0:13 131567:1 0:67 131567:5 0:1 131567:5 0:4 131567:4 0:36
C	1719	544580	874	0:9 131567:1 0:16 131567:5 0:51 131567:4 0:16 131567:4 0:63 131567:5 0:8 131567:2 0:47 131567:8 0:7 131567:5 0:19 131567:4 0:6 131567:4 0:85 131567:1 0:11 131567:1 0:13 131567:1 0:7 131567:2 0:10 131567:1 0:11 42260:1 0:78 131567:5 0:4 131567:5 0:2 131567:5 0:18 131567:4 0:16 131567:5 0:6 131567:5 0:17 131567:8 0:1 131567:11 0:12 131567:3 0:33 544580:5 0:2 544580:5 0:4 544580:2 0:3 544580:1 0:19 131567:1 0:13 131567:1 0:66 131567:5 0:1 131567:5 0:4 131567:4 0:33
C	1720	544580	973	0:81 131567:2 0:167 544580:1 0:3 544580:2 0:4 544580:5 0:2 544580:5 0:33 131567:3 0:12 131567:13 0:26 131567:5 0:6 131567:5 0:16 131567:4 0:1 131567:5 0:123 131567:1 0:10 131567:2 0:7 131567:1 0:13 131567:1 0:11 131567:1 0:19 131567:4 0:131 131567:4 0:14 131567:4 0:7 131567:2 0:8 131567:5 0:161 131567:1 0:8
C	1721	477697	986	0:273 131567:7 2:6 0:14 131567:5 0:15 2:3 0:22 2:1 0:189 227086:1 0:29 131567:5 0:3 2:5 0:16 477697:5 0:5 477697:1 0:347
C	1722	5144	910	0:2 1760811:4 0:73 147550:1 0:194 5144:1 0:28 716545:1 0:5 131567:5 0:16 131567:1 0:28 5144:5 131567:3 0:1 716546:5 0:165 147550:5 0:32 716546:1 0:51 716546:3 0:4 131567:5 0:216 569360:5 0:13 5144:2 0:1
C	1723	477697	1282	0:186 477697:2 0:54 477697:3 0:13 131567:1 0:20 40324:5 0:40 2:3 0:41 3273430:5 0:200 131567:5 0:3 2:5 0:390 477697:5 0:265 168172:2
C	1724	131567	852	0:46 131567:4 0:16 131567:4 0:63 131567:5 0:8 131567:2 0:7 131567:4 0:14 131567:4 0:19 131567:8 0:7 131567:5 0:19 131567:4 0:6 131567:4 0:63 131567:4 0:19 131567:1 0:11 131567:1 0:13 131567:1 0:7 131567:2 0:10 131567:1 0:43 131567:1 0:108 131567:5 0:6 131567:5 0:17 131567:8 0:1 131567:11 0:12 131567:3 0:73 131567:1 0:85 131567:5 0:1 131567:5 0:4 131567:4 0:38
C	1725	544580	993	0:78 42260:5 131567:1 0:62 131567:5 0:87 131567:1 0:19 544580:1 0:3 544580:2 0:4 544580:5 0:2 544580:5 0:48 131567:5 0:86 131567:5 0:2 131567:5 0:4 131567:5 0:113 131567:1 0:13 131567:1 0:11 131567:1 0:19 131567:3 0:96 131567:5 0:7 131567:8 0:19 131567:4 0:14 131567:4 0:7 131567:2 0:8 131567:5 0:66 131567:4 0:16 131567:4 0:88
C	1726	1268659	905	0:210 1268659:5 0:41 131567:5 0:9 131567:2 0:14 2951104:1 0:56 131567:9 0:1 131567:9 0:230 131567:5 0:5 131567:1 0:268
C	1727	544580	838	0:44 131567:5 0:16 131567:4 0:74 131567:2 0:61 131567:5 0:19 131567:4 0:6 131567:4 0:62 131567:4 0:19 131567:1 0:11 131567:1 0:13 131567:1 0:7 131567:2 0:10 131567:1 0:208 131567:3 0:33 544580:5 0:122 131567:5 0:1 131567:5 0:4 131567:4 0:38
C	1728	40324	1296	0:305 477697:1 0:622 2:3 0:40 40324:5 0:90 477697:2 0:194
C	1729	477697	1250	0:195 543:5 0:30 131567:5 0:18 477697:4 0:345 477697:1 0:5 477697:5 0:16 2:5 0:3 131567:5 0:29 227086:1 0:60 3273430:5 0:127 2:1 0:40 131567:5 0:14 2:6 131567:7 0:18 131567:1 0:70 477697:2 0:188
C	1730	181762	1057	0:8 181762:1 0:1 181762:5 0:230 131567:2 0:30 131567:5 0:51 131567:5 0:85 5338:3 0:54 181124:1 0:119 131567:1 0:10 131567:3 0:409
C	1731	569360	915	0:2 1760811:4 0:532 147550:5 0:32 716546:1 0:76 5125:5 0:2 5125:5 0:9 5144:2 0:185 569360:5 0:13 5144:2 0:1
C	1733	2	720	0:187 477697:2 0:55 477697:3 0:13 131567:1 0:18 131567:7 2:6 0:14 131567:5 0:172 3273430:5 0:61 227086:1 0:35 2:5 0:96
C	1734	544580	1068	0:22 131567:1 0:192 131567:1 0:13 131567:1 0:19 544580:1 0:3 544580:2 0:4 544580:5 0:2 544580:5 0:33 131567:1 0:51 131567:5 0:6 131567:5 0:16 131567:4 0:1 131567:5 0:12 131567:5 0:2 131567:5 0:4 131567:5 0:152 131567:4 0:74 131567:4 0:58 131567:4 0:14 131567:4 0:7 131567:2 0:171 131567:1 0:19 131567:1 0:88
C	1735	544580	835	0:46 131567:4 0:93 131567:2 0:47 131567:8 0:7 131567:5 0:19 131567:4 0:6 131567:4 0:86 131567:1 0:11 131567:1 0:13 131567:1 0:47 131567:2 0:16 131567:1 0:53 131567:5 0:2 131567:5 0:33 131567:5 0:5 716545:1 0:10 716545:3 147537:4 0:71 544580:5 0:2 544580:5 0:4 544580:2 0:3 544580:1 0:19 131567:1 0:13 131567:1 0:67 131567:5 0:1 131567:5 0:4 131567:4 0:38
C	1736	4751	1082	0:320 131567:5 0:242 4751:2 0:56 131567:1 0:10 131567:3 0:409
U	1737	0	936	0:274 40324:5 0:623
C	1738	5144	761	0:181 131567:2 0:13 131567:5 0:4 716546:3 0:34 716546:2 0:9 716546:1 0:44 131567:6 0:114 37727:1 0:59 131567:3 5144:5 0:28 131567:1 0:16 131567:5 0:7 131567:4 0:10 131567:2 0:5 716546:4 0:159
C	1739	5338	1058	0:237 131567:2 0:30 131567:4 0:50 131567:5 0:8 131567:9 0:5 131567:5 0:61 5338:3 0:121 4751:2 0:67 131567:2 0:413
C	1740	544580	841	0:43 131567:4 0:84 131567:5 0:8 131567:2 0:7 131567:4 0:14 131567:4 0:36 131567:4 0:19 131567:4 0:6 131567:4 0:61 131567:4 0:19 131567:1 0:11 131567:1 0:13 131567:1 0:7 131567:2 0:10 131567:1 0:91 131567:2 0:4 131567:5 0:45 131567:5 0:6 131567:5 0:83 544580:5 0:2 544580:5 0:4 544580:2 0:3 544580:1 0:19 131567:1 0:13 131567:1 0:70 131567:5 0:1 131567:5 0:4 131567:4 0:37
C	1741	544580	977	0:22 131567:1 0:58 131567:2 0:61 131567:5 0:69 131567:1 0:13 131567:1 0:19 544580:1 0:3 544580:2 0:4 544580:5 0:2 544580:5 0:33 131567:3 0:12 131567:11 0:1 131567:8 0:17 131567:5 0:6 131567:5 0:16 131567:4 0:1 131567:5 0:12 131567:5 0:2 131567:5 0:4 131567:5 0:46 131567:1 0:16 131567:2 0:26 131567:1 0:10 131567:2 0:7 131567:1 0:13 131567:1 0:11 131567:1 0:85 131567:4 0:6 131567:4 0:19 131567:5 0:7 131567:8 0:19 131567:4 0:14 131567:4 0:7 131567:2 0:8 131567:5 0:63 131567:4 0:16 131567:4 0:83
C	1742	4893	853	0:44 131567:4 0:16 131567:4 0:59 4893:1 0:80 131567:5 0:30 131567:4 0:63 131567:4 0:197 131567:5 0:1 131567:4 0:16 131567:5 0:36 131567:11 0:12 131567:3 0:70 131567:3 0:13 131567:1 0:69 131567:5 0:1 131567:5 0:4 131567:4 0:40
C	1743	544580	976	0:80 131567:2 0:58 131567:5 0:64 131567:1 0:38 544580:3 0:4 544580:5 0:2 544580:5 0:31 131567:5 0:59 131567:5 0:16 131567:4 0:1 131567:5 0:160 131567:1 0:11 131567:1 0:92 498019:4 0:57 131567:4 0:14 131567:4 0:7 131567:2 0:98 131567:4 0:51 131567:5 0:16 131567:1 0:17
C	1744	131567	847	0:47 131567:4 0:16 131567:4 0:100 131567:4 0:57 131567:4 0:6 131567:4 0:63 131567:4 0:19 131567:1 0:11 131567:1 0:213 131567:7 0:24 131567:5 0:70 131567:3 0:13 131567:1 0:69 131567:5 0:1 131567:5 0:52
C	1745	181124	850	0:47 131567:4 0:16 131567:4 0:164 131567:4 0:6 131567:4 0:50 181124:5 0:62 443226:3 332648:1 0:2 131567:2 0:10 131567:1 0:98 131567:2 0:4 131567:5 0:2 131567:5 0:67 131567:8 0:1 131567:11 0:12 131567:3 0:156 131567:5 0:1 131567:5 0:4 131567:4 0:38
C	1746	181124	963	0:317 131567:1 0:5 131567:5 0:3 131567:5 0:237 131567:5 0:62 131567:2 0:176 181124:2 0:109
C	1747	40324	926	0:189 477697:2 0:92 40324:5 0:270 40324:5 0:13 131567:5 0:3 2:5 0:303
C	1748	544580	980	0:22 131567:1 0:57 131567:2 0:136 131567:1 0:13 131567:1 0:19 544580:1 0:3 544580:2 0:4 544580:5 0:40 131567:3 0:12 131567:11 0:1 131567:5 0:30 131567:5 0:16 131567:4 0:1 131567:5 0:12 131567:5 0:2 131567:5 0:4 131567:5 0:46 131567:1 0:16 131567:2 0:26 131567:1 0:10 131567:2 0:7 131567:1 0:13 131567:1 0:11 131567:1 0:19 131567:4 0:73 131567:4 0:19 131567:5 0:7 131567:8 0:19 131567:4 0:14 131567:4 0:7 131567:2 0:8 131567:5 0:173
C	1749	131567	847	0:44 131567:5 0:16 131567:4 0:64 131567:5 0:8 131567:2 0:7 131567:4 0:51 131567:4 0:19 131567:4 0:6 131567:4 0:63 131567:4 0:19 131567:1 0:11 131567:1 0:13 131567:1 0:7 131567:2 0:10 131567:1 0:26 131567:2 0:16 131567:1 0:46 131567:5 0:4 131567:5 0:2 131567:5 0:12 131567:5 0:1 131567:4 0:16 131567:5 0:6 131567:5 0:17 131567:8 0:1 131567:11 0:12 131567:3 0:158 131567:5 0:1 131567:5 0:4 131567:4 0:38
C	1750	1296122	1140	0:37 1296122:1 0:9 490731:5 0:499 4751:2 0:298 131567:2 0:253
C	1751	131567	983	0:147 131567:5 0:162 131567:3 0:58 131567:5 0:16 131567:4 0:1 131567:5 0:125 131567:1 0:10 131567:2 0:7 131567:1 0:13 131567:1 0:11 131567:1 0:158 131567:4 0:14 131567:4 0:7 131567:2 0:182
C	1752	477697	944	0:243 477697:3 0:13 131567:1 0:18 131567:7 2:4 0:34 2:3 0:22 2:1 0:125 3273430:5 0:61 227086:1 0:29 131567:5 0:3 2:5 0:16 477697:5 0:5 477697:1 0:300
C	1753	544580	844	0:62 131567:4 0:63 131567:5 0:8 131567:2 0:7 131567:4 0:14 131567:4 0:19 131567:8 0:7 131567:5 0:19 131567:4 0:6 131567:4 0:63 131567:4 0:65 131567:1 0:26 131567:2 0:16 131567:1 0:107 131567:5 0:6 131567:5 0:17 131567:8 0:1 131567:11 0:12 131567:3 0:33 544580:5 0:2 544580:5 0:4 544580:2 0:3 544580:1 0:19 131567:1 0:13 131567:1 0:74 131567:5 0:4 131567:4 0:36
C	1754	131567	949	0:343 2:1 0:192 227086:1 0:29 131567:5 0:344
C	1755	544580	853	0:46 131567:4 0:16 131567:4 0:77 131567:2 0:7 131567:4 0:14 131567:4 0:54 131567:5 0:6 131567:4 0:63 131567:4 0:19 131567:1 0:11 131567:1 0:13 131567:1 0:7 131567:2 0:10 131567:1 0:26 131567:2 0:16 131567:1 0:46 131567:5 0:4 131567:5 0:2 131567:5 0:37 131567:5 0:6 131567:5 0:33 131567:5 0:12 131567:3 0:33 544580:5 0:123 131567:5 0:1 131567:5 0:4 131567:4 0:41
C	1756	477697	925	0:186 477697:2 0:159 2:1 0:543
C	1757	544580	983	0:22 131567:1 0:229 544580:1 0:3 544580:2 0:4 544580:5 0:98 131567:5 0:16 131567:4 0:1 131567:5 0:79 131567:1 0:57 131567:2 0:34 131567:1 0:118 131567:5 0:7 131567:7 0:38 131567:4 0:7 131567:2 0:98 131567:4 0:89
C	1758	544580	847	0:64 131567:4 0:63 131567:5 0:8 131567:2 0:7 131567:4 0:14 131567:4 0:34 131567:4 0:19 131567:4 0:6 131567:4 0:63 131567:4 0:45 131567:5 0:3 131567:2 0:161 131567:5 0:6 131567:5 0:17 131567:4 0:70 544580:5 0:4 544580:2 0:3 544580:1 0:19 131567:1 0:13 131567:1 0:69 131567:5 0:54
C	1759	544580	972	0:130 131567:4 0:4 131567:5 0:84 131567:1 0:23 544580:4 0:44 131567:5 0:24 131567:8 0:17 131567:5 0:53 131567:5 0:4 131567:5 0:260 131567:5 0:7 131567:8 0:19 131567:4 0:14 131567:4 0:7 131567:2 0:8 131567:5 0:63 131567:4 0:16 131567:4 0:83
C	1760	477697	936	0:278 2:7 0:187 3273430:5 0:84 131567:5 0:3 2:5 0:16 477697:5 0:5 477697:1 0:301
C	1761	544580	884	0:28 131567:5 0:202 131567:7 0:7 131567:5 0:19 498019:4 0:72 131567:4 0:19 131567:1 0:11 131567:1 0:13 131567:1 0:19 131567:1 0:155 131567:5 0:34 131567:6 0:46 544580:5 0:2 544580:5 0:4 544580:2 0:3 544580:1 0:19 131567:1 0:13 131567:1 0:129
C	1762	544580	1007	0:175 131567:5 0:1 131567:3 0:66 131567:1 0:13 131567:1 0:19 544580:1 0:3 544580:2 0:4 544580:5 0:2 544580:5 0:45 131567:11 0:1 131567:8 0:17 131567:5 0:6 131567:5 0:16 131567:4 0:1 131567:5 0:12 131567:5 0:144 131567:1 0:11 131567:1 0:91 131567:4 0:57 131567:4 0:14 131567:4 0:195
C	1763	544580	852	0:44 131567:5 0:16 131567:4 0:63 131567:5 0:8 131567:2 0:7 131567:4 0:37 131567:7 0:7 131567:5 0:19 131567:4 0:73 131567:4 0:19 131567:1 0:11 131567:1 0:140 131567:5 0:82 131567:9 0:48 544580:5 0:2 544580:5 0:118 131567:5 0:1 131567:5 0:4 131567:4 0:39
C	1764	477697	945	0:247 477697:2 0:33 131567:5 2:4 0:308 477697:5 0:5 477697:1 0:301
C	1765	716545	850	0:132 131567:5 0:8 131567:2 0:87 131567:4 0:6 131567:4 0:63 131567:4 0:19 131567:1 0:11 131567:1 0:13 131567:1 0:7 131567:2 0:103 131567:5 0:38 716545:2 0:50 131567:6 0:1 131567:11 0:12 131567:3 0:72 131567:3 0:13 131567:1 0:126
C	1766	5794	1057	0:278 131567:5 0:9 5794:5 0:124 5338:3 0:58 181124:1 0:119 131567:1 0:10 131567:3 500148:4 0:403
C	1767	5144	843	0:218 131567:2 0:13 131567:5 0:4 716546:3 0:34 716546:2 0:9 716546:1 0:43 131567:6 0:167 716546:5 0:1 131567:3 5144:5 0:28 131567:1 0:16 131567:5 0:7 131567:4 0:10 131567:2 0:5 716546:4 0:206
C	1768	5125	802	0:194 5144:2 0:9 5125:5 0:2 5125:5 0:8 131567:5 0:4 716546:3 0:51 716546:1 0:32 147550:5 0:171 2072407:1 0:36 131567:1 0:16 131567:5 0:5 716545:1 0:206
C	1769	544580	843	0:46 131567:4 0:16 131567:4 0:74 131567:2 0:187 131567:1 0:11 131567:1 0:13 131567:1 0:19 131567:1 0:90 131567:5 0:4 131567:5 0:2 131567:5 0:35 131567:5 0:6 131567:5 0:32 131567:7 0:12 131567:3 0:33 544580:5 0:2 544580:5 0:4 544580:2 0:3 544580:1 0:19 131567:1 0:13 131567:1 0:67 131567:5 0:1 131567:5 0:4 131567:4 0:38
C	1770	544580	964	0:22 131567:1 0:58 131567:2 0:48 131567:4 0:4 131567:5 0:1 131567:5 0:64 131567:1 0:13 131567:1 0:19 544580:1 0:3 544580:4 0:46 131567:3 0:12 131567:11 0:1 131567:8 0:17 131567:5 0:6 131567:5 0:16 131567:4 0:1 131567:5 0:12 131567:5 0:2 131567:5 0:4 131567:5 0:116 131567:1 0:11 131567:1 0:19 131567:4 0:93 131567:5 0:7 131567:8 0:19 131567:4 0:14 131567:4 0:7 131567:2 0:8 131567:5 0:63 131567:4 0:16 131567:4 0:66 131567:1 0:19
C	1771	131567	596	0:172 131567:2 0:48 131567:4 0:4 131567:5 0:1 131567:5 0:159 131567:3 0:54 131567:5 0:49 131567:5 0:2 131567:5 0:4 131567:5 0:30
C	1772	544580	843	0:46 131567:4 0:16 131567:4 0:65 131567:5 0:8 131567:2 0:85 131567:4 0:6 131567:4 0:62 131567:4 0:19 131567:1 0:11 131567:1 0:13 131567:1 0:7 131567:2 0:10 131567:1 0:26 131567:1 0:128 131567:5 0:86 544580:5 0:2 544580:5 0:4 544580:2 0:3 544580:1 0:19 131567:1 0:13 131567:1 0:68 131567:5 0:1 131567:5 0:47
C	1773	477697	988	0:2 477697:2 0:36 1884633:1 0:323 2:5 0:3 131567:5 0:93 3273430:5 0:188 40324:5 0:20 131567:1 0:13 477697:3 0:53 477697:2 0:194
C	1774	40324	501	0:362 477697:3 0:13 131567:1 0:20 40324:5 0:63
C	1775	3273430	942	0:278 40324:5 0:88 3273430:5 0:104 3273430:5 0:93 131567:5 0:3 2:5 0:317
C	1776	1224	914	0:302 131567:5 0:15 2:3 0:144 3273430:5 0:72 40324:5 0:13 131567:5 0:3 2:5 0:303
C	1777	544580	1074	0:120 131567:1 0:106 131567:4 0:4 131567:5 0:1 131567:5 0:61 131567:1 0:13 131567:1 0:19 544580:1 0:71 131567:11 0:1 131567:8 0:17 131567:5 0:6 131567:5 0:105 131567:1 0:16 131567:2 0:59 131567:1 0:11 131567:1 0:121 131567:5 0:7 131567:8 0:124 131567:4 0:16 131567:4 0:89
C	1778	477697	1279	0:267 477697:5 0:12 131567:4 0:389 40324:5 0:372 477697:2 0:189
C	1779	1071382	844	0:44 131567:4 0:20 1071382:5 0:57 131567:5 0:8 131567:2 0:7 131567:4 0:14 131567:4 0:34 131567:4 0:19 131567:3 0:95 131567:1 0:11 131567:1 0:13 131567:1 0:7 131567:2 0:10 131567:1 0:106 131567:5 0:179 131567:3 0:13 131567:1 0:127
C	1780	477697	1090	0:33 477697:4 0:372 2:5 0:233 2:1 0:40 131567:4 0:16 2:4 131567:7 0:88 477697:2 0:247
C	1781	544580	849	0:45 131567:4 0:16 131567:4 0:65 131567:5 0:8 131567:2 0:7 131567:4 0:14 131567:4 0:19 131567:8 0:7 131567:5 0:19 131567:4 0:6 131567:4 0:62 131567:4 0:156 131567:5 0:4 131567:5 0:2 131567:5 0:37 131567:5 0:6 131567:5 0:17 131567:4 0:59 544580:5 0:2 544580:5 0:4 544580:2 0:3 544580:1 0:19 131567:1 0:13 131567:1 0:71 131567:5 0:1 131567:5 0:4 131567:4 0:43
C	1782	5338	1070	0:248 131567:2 0:29 131567:5 0:26 131567:4 0:111 5338:3 0:122 4751:2 0:56 131567:1 0:10 131567:3 0:414
C	1783	477697	932	0:187 477697:2 0:88 131567:7 2:4 0:58 2:1 0:224 131567:5 0:3 2:5 0:16 477697:5 0:5 477697:1 0:287
C	1784	544580	1263	0:224 562:2 0:82 131567:1 0:122 131567:5 0:102 544580:1 0:3 544580:2 0:50 131567:3 0:12 131567:11 0:1 131567:5 0:30 131567:5 0:16 131567:4 0:1 131567:5 0:12 131567:5 0:2 131567:5 0:4 131567:5 0:125 131567:4 0:95 131567:4 0:6 131567:4 0:19 131567:5 0:7 131567:8 0:19 131567:4 0:35 131567:5 0:63 131567:4 0:16 131567:4 0:82
C	1785	544580	853	0:46 131567:4 0:16 131567:4 0:103 131567:4 0:19 131567:8 0:42 131567:4 0:63 131567:4 0:19 131567:1 0:11 131567:1 0:13 131567:1 0:8 508771:1 0:37 131567:2 0:124 131567:5 0:6 131567:5 0:17 131567:8 0:1 131567:11 0:12 131567:3 0:33 544580:5 0:2 544580:5 0:4 544580:2 0:3 544580:1 0:19 131567:1 0:13 131567:1 0:70 131567:5 0:1 131567:5 0:4 131567:4 0:38
C	1786	477697	1009	0:357 477697:1 0:5 477697:5 0:275 2:3 0:15 131567:5 0:14 2:6 131567:7 0:18 131567:1 0:13 477697:3 0:247
C	1787	40324	928	0:206 9606:5 0:62 40324:5 0:20 131567:5 0:15 2:3 0:263 2:5 0:305
C	1788	544580	974	0:131 131567:4 0:4 131567:5 0:1 131567:5 0:101 544580:1 0:3 544580:2 0:51 131567:3 0:58 131567:5 0:214 131567:4 0:60 131567:4 0:6 131567:4 0:19 131567:5 0:64 131567:2 0:8 131567:5 0:171
C	1789	477697	1032	0:271 477697:2 0:89 131567:7 2:6 0:623
C	1790	477697	1005	0:2 477697:4 0:347 477697:1 0:5 477697:5 0:16 2:5 0:3 131567:5 0:29 227086:1 0:60 3273430:5 0:165 131567:5 0:14 2:6 131567:7 0:18 131567:1 0:13 477697:3 0:55 477697:2 0:194
C	1791	5338	969	0:330 131567:1 0:179 5338:3 0:86 131567:3 0:22 131567:4 0:18 131567:2 0:12 131567:2 0:9 131567:5 0:259
C	1792	544580	980	0:22 131567:1 0:59 131567:1 0:182 544580:4 0:287 131567:1 0:11 131567:1 0:19 131567:4 0:62 131567:4 0:6 131567:4 0:57 131567:4 0:14 131567:4 0:7 131567:2 0:8 131567:5 0:64 131567:4 0:16 131567:4 0:51 131567:5 0:16 131567:1 0:16
C	1793	477697	1113	0:88 131567:3 0:57 477697:4 0:345 131567:5 0:90 3273430:5 0:172 131567:4 0:56 477697:3 0:57 477697:2 0:188
C	1794	544580	855	0:63 131567:4 0:61 131567:5 0:8 131567:2 0:173 131567:3 0:19 131567:1 0:11 131567:1 0:13 131567:1 0:7 131567:2 0:10 131567:1 0:26 131567:1 0:139 131567:5 0:17 131567:4 0:61 544580:5 0:178
C	1795	2	998	0:479 3273430:5 0:148 2:3 0:77 477697:3 0:54 477697:2 0:193
C	1796	477697	940	0:188 477697:2 0:55 477697:3 0:13 131567:1 0:18 131567:7 2:3 0:59 2:1 0:187 227086:1 0:57 477697:5 0:5 477697:1 0:300
C	1797	181762	1063	0:7 181762:1 0:1 181762:5 0:228 131567:2 0:30 131567:5 0:66 131567:9 0:5 131567:5 0:185 4751:2 0:478
C	1798	147550	940	0:83 131567:1 147550:2 0:28 147550:1 0:450 147550:5 0:336
C	1799	40324	744	0:283 477697:3 0:13 131567:1 0:20 40324:5 0:292 2:5 0:88
C	1800	544580	976	0:78 131567:2 0:48 131567:4 0:4 131567:5 0:1 131567:5 0:68 131567:1 0:13 131567:1 0:19 544580:1 0:3 544580:2 0:4 544580:5 0:2 544580:5 0:33 131567:3 0:12 131567:11 0:1 131567:8 0:49 131567:4 0:1 131567:5 0:12 131567:5 0:2 131567:5 0:56 131567:1 0:16 131567:2 0:26 131567:1 0:10 131567:2 0:7 131567:1 0:13 131567:1 0:11 131567:1 0:92 498019:4 0:19 131567:5 0:7 131567:8 0:19 131567:4 0:14 131567:4 0:7 131567:2 0:8 131567:5 0:63 131567:4 0:107
U	1801	0	917	0:318 2:3 0:562
C	1802	5338	890	0:424 5338:3 0:173 131567:5 0:3 131567:5 0:5 131567:1 0:10 131567:3 0:224
C	1803	42260	901	0:45 131567:4 0:95 131567:2 0:7 131567:4 0:14 131567:4 0:19 131567:8 0:7 131567:5 0:19 131567:3 0:77 131567:4 0:19 131567:1 0:11 131567:1 0:13 131567:1 0:7 131567:2 0:10 131567:1 0:105 131567:5 0:12 131567:5 0:1 131567:4 0:16 131567:5 0:6 131567:5 0:17 131567:4 0:87 544580:1 0:19 131567:1 0:153 131567:1 42260:5 0:32
C	1805	181762	1068	0:8 181762:1 0:1 181762:5 0:227 131567:2 0:30 131567:5 0:26 131567:4 0:22 131567:5 0:8 131567:9 0:5 131567:5 0:58 5338:3 0:59 181124:1 0:62 4751:2 0:69 131567:3 0:414
C	1806	2	980	0:351 2:5 0:3 131567:5 0:13 40324:5 0:72 3273430:5 0:150 2:3 0:15 131567:5 0:55 477697:3 0:55 477697:2 0:199
C	1807	181762	1066	0:8 181762:1 0:1 181762:5 0:232 131567:2 0:60 131567:4 0:22 131567:5 0:8 131567:9 0:5 131567:5 0:58 5338:3 0:59 181124:1 0:119 131567:1 0:424
C	1808	131567	855	0:241 131567:5 0:9 131567:2 0:12 131567:2 0:18 131567:4 0:22 131567:5 0:8 131567:9 0:228 131567:1 0:3 131567:5 0:24 131567:3 0:220
C	1809	544580	844	0:46 131567:4 0:16 131567:4 0:63 131567:5 0:8 131567:2 0:7 131567:4 0:37 131567:7 0:7 131567:5 0:19 131567:4 0:6 131567:4 0:63 131567:4 0:19 131567:1 0:11 131567:1 0:13 131567:1 0:7 131567:2 0:10 131567:1 0:26 131567:2 0:16 131567:1 0:46 131567:5 0:4 131567:5 0:2 131567:5 0:12 131567:5 0:1 131567:4 0:16 131567:5 0:6 131567:5 0:80 544580:5 0:2 544580:5 0:4 544580:2 0:3 544580:1 0:19 131567:1 0:13 131567:1 0:70 131567:5 0:1 131567:5 0:4 131567:4 0:38
C	1810	223818	882	0:217 131567:4 0:19 131567:1 0:34 131567:4 0:6 131567:4 0:53 131567:2 0:72 223818:5 0:138 131567:1 0:16 131567:5 0:5 131567:1 0:10 131567:3 0:248
C	1811	3273430	972	0:448 3273430:5 0:150 2:3 0:77 477697:3 0:252
C	1812	5302	1163	0:41 490731:3 0:7 490731:5 0:13 490731:1 0:428 131567:3 0:10 131567:1 0:55 4751:2 0:62 181124:1 0:59 5338:3 0:58 131567:5 0:50 131567:4 0:60 131567:2 0:232 181762:5 0:1 181762:1 0:17
C	1813	2	928	0:188 477697:2 0:55 477697:3 0:13 131567:1 0:45 131567:5 0:15 2:3 0:228 40324:5 0:13 131567:5 0:3 2:5 0:305
C	1814	477697	672	0:296 477697:4 0:336 2:2
C	1815	477697	1373	0:337 477697:5 0:34 477697:4 0:343 477697:1 0:5 477697:5 0:16 2:5 0:3 131567:5 0:29 227086:1 0:60 3273430:5 0:164 131567:5 0:14 2:6 131567:7 0:18 131567:1 0:13 477697:3 0:56 477697:2 0:192
C	1816	5338	1062	0:279 131567:5 0:26 131567:4 0:110 5338:3 0:121 4751:2 0:56 131567:1 0:10 131567:3 0:408
C	1817	2916678	838	0:43 131567:4 0:16 131567:4 0:65 131567:5 0:8 131567:2 0:67 2916678:5 0:153 131567:1 0:92 131567:5 0:4 131567:5 0:2 131567:5 0:12 131567:5 0:1 131567:4 0:49 131567:4 0:100 131567:1 0:13 131567:1 0:70 131567:5 0:1 131567:5 0:4 131567:4 0:39
C	1818	5144	782	0:188 332648:2 0:87 716546:2 0:9 716546:1 0:213 716546:5 0:1 131567:3 5144:5 0:28 131567:1 0:16 131567:5 0:7 131567:4 0:10 131567:2 0:159
C	1820	2	959	0:274 131567:7 2:6 0:14 131567:5 0:15 2:2 0:248 131567:3 0:351
C	1821	544580	989	0:22 131567:1 0:60 131567:2 0:48 131567:4 0:4 131567:5 0:1 131567:5 0:70 131567:1 0:13 131567:1 0:19 544580:1 0:3 544580:2 0:4 544580:5 0:2 544580:5 0:49 131567:11 0:1 131567:5 0:30 131567:5 0:16 131567:4 0:1 131567:5 0:12 131567:5 0:2 131567:5 0:4 131567:5 0:134 131567:1 0:98 131567:4 0:19 131567:5 0:7 131567:8 0:19 131567:4 0:14 131567:4 0:7 131567:2 0:8 131567:5 0:64 131567:4 0:16 131567:4 0:90
C	1822	544580	851	0:46 131567:4 0:16 131567:4 0:63 131567:5 0:8 131567:2 0:7 131567:4 0:37 131567:8 0:7 131567:5 0:19 131567:4 0:6 131567:4 0:63 131567:4 0:19 131567:1 0:11 131567:1 0:13 131567:1 0:8 508771:1 0:55 131567:1 0:48 131567:2 0:4 131567:5 0:46 131567:5 0:6 131567:5 0:17 131567:4 0:65 544580:5 0:2 544580:5 0:4 544580:2 0:3 544580:1 0:19 131567:1 0:13 131567:1 0:69 131567:5 0:1 131567:5 0:47
C	1823	544580	846	0:130 131567:5 0:8 131567:2 0:7 131567:4 0:14 131567:4 0:34 131567:4 0:19 131567:4 0:6 131567:4 0:63 131567:4 0:19 131567:1 0:32 131567:2 0:10 131567:1 0:26 131567:2 0:16 131567:1 0:46 131567:5 0:4 131567:5 0:2 131567:5 0:12 131567:5 0:1 131567:4 0:16 131567:5 0:6 131567:5 0:17 131567:8 0:1 131567:11 0:12 131567:3 0:33 544580:5 0:2 544580:5 0:4 544580:2 0:3 544580:1 0:19 131567:1 0:13 131567:1 0:128
C	1825	544580	977	0:22 131567:1 0:107 131567:4 0:4 131567:5 0:1 131567:5 0:68 131567:1 0:13 131567:1 0:19 544580:1 0:3 544580:2 0:4 544580:5 0:2 544580:5 0:33 131567:3 0:12 131567:11 0:1 131567:8 0:17 131567:5 0:6 131567:5 0:16 131567:4 0:1 131567:5 0:12 131567:5 0:2 131567:5 0:4 131567:5 0:46 131567:1 0:16 131567:2 0:26 131567:1 0:66 131567:4 0:96 131567:5 0:7 131567:8 0:19 131567:4 0:14 131567:4 0:7 131567:2 0:8 131567:5 0:63 131567:4 0:16 131567:4 0:51 131567:5 0:16 131567:1 0:9
C	1826	544580	690	0:96 131567:1 0:58 131567:2 0:48 131567:4 0:4 131567:5 0:1 131567:5 0:69 131567:1 0:13 131567:1 0:19 544580:1 0:3 544580:2 0:4 544580:5 0:2 544580:5 0:61 131567:8 0:17 131567:5 0:6 131567:5 0:16 131567:4 0:1 131567:5 0:12 131567:5 0:2 131567:5 0:4 131567:5 0:46 131567:1 0:16 131567:2 0:71 131567:1 0:9
C	1827	544580	849	0:46 131567:5 0:16 131567:4 0:63 131567:5 0:8 131567:2 0:7 131567:4 0:38 131567:7 0:7 131567:5 0:19 131567:4 0:6 131567:4 0:111 131567:1 0:7 131567:2 0:10 131567:1 0:91 131567:5 0:4 131567:5 0:2 131567:5 0:71 131567:9 0:1 131567:11 0:12 131567:3 0:33 544580:5 0:2 544580:5 0:4 544580:2 0:3 544580:1 0:19 131567:3 0:137
C	1828	544580	841	0:46 131567:4 0:16 131567:4 0:161 131567:4 0:6 131567:4 0:88 131567:1 0:11 131567:1 0:123 131567:2 0:4 131567:5 0:2 131567:5 0:12 131567:5 0:1 131567:4 0:51 131567:6 0:1 131567:11 0:48 544580:5 0:2 544580:5 0:4 544580:2 0:3 544580:1 0:19 131567:1 0:13 131567:1 0:125
C	1830	477697	951	0:187 477697:2 0:55 477697:3 0:13 131567:1 0:18 131567:7 2:6 0:14 131567:5 0:15 2:3 0:22 2:1 0:131 3273430:1 0:61 227086:1 0:29 131567:5 0:3 2:5 0:16 477697:5 0:5 477697:1 0:302
C	1832	477697	949	0:185 477697:2 0:54 477697:3 0:13 131567:1 0:18 131567:7 2:6 0:14 131567:5 0:41 2:1 0:128 3273430:5 0:60 227086:1 0:29 131567:5 0:3 2:5 0:16 477697:5 0:5 477697:1 0:302
C	1833	544580	980	0:22 131567:4 0:55 131567:2 0:48 131567:4 0:4 131567:5 0:1 131567:5 0:66 131567:1 0:13 131567:1 0:19 544580:1 0:3 544580:2 0:4 544580:5 0:2 544580:5 0:33 131567:3 0:12 131567:7 0:29 131567:5 0:6 131567:5 0:16 131567:4 0:1 131567:5 0:12 131567:5 0:2 131567:5 0:56 131567:1 0:16 131567:2 0:26 131567:1 0:10 131567:2 0:7 131567:1 0:13 131567:1 0:11 131567:1 0:19 131567:4 0:63 131567:4 0:6 131567:4 0:57 131567:4 0:14 131567:4 0:7 131567:2 0:8 131567:5 0:63 131567:4 0:70 131567:5 0:16 131567:1 0:16
C	1835	544580	848	0:46 131567:4 0:16 131567:4 0:63 131567:5 0:8 131567:2 0:7 131567:4 0:14 131567:4 0:19 131567:8 0:7 131567:5 0:19 131567:4 0:6 131567:4 0:85 131567:1 0:11 131567:1 0:13 131567:1 0:7 131567:2 0:10 131567:1 0:26 131567:2 0:16 131567:1 0:138 131567:6 0:1 131567:11 0:12 131567:3 0:33 544580:5 0:2 544580:5 0:4 544580:2 0:3 544580:1 0:19 131567:1 0:13 131567:1 0:71 131567:5 0:1 131567:5 0:4 131567:4 0:38
C	1836	544580	843	0:46 131567:4 0:16 131567:4 0:63 131567:5 0:8 131567:2 0:7 131567:4 0:14 131567:4 0:32 131567:5 0:19 131567:4 0:6 131567:4 0:61 131567:4 0:54 131567:2 0:10 131567:1 0:44 131567:1 0:55 131567:5 0:2 131567:5 0:38 131567:5 0:6 131567:5 0:17 131567:8 0:1 131567:11 0:47 544580:5 0:2 544580:5 0:4 544580:2 0:3 544580:1 0:115 131567:3 0:40
C	1837	544580	1116	0:83 131567:2 0:132 131567:1 0:13 131567:1 0:19 544580:1 0:3 544580:2 0:4 544580:5 0:2 544580:5 0:33 131567:3 0:12 131567:5 0:41 131567:5 0:16 131567:4 0:1 131567:5 0:12 131567:5 0:2 131567:5 0:4 131567:5 0:46 131567:1 0:16 131567:2 0:26 131567:1 0:10 131567:2 0:7 131567:1 0:13 131567:1 0:11 131567:1 0:19 131567:4 0:63 131567:4 0:6 131567:4 0:19 131567:5 0:7 131567:8 0:19 131567:4 0:14 131567:4 0:7 131567:2 0:8 131567:5 0:63 131567:4 0:16 131567:4 0:51 131567:5 0:16 131567:1 0:146 2:3 0:2
C	1838	544580	893	0:46 131567:4 0:16 131567:4 0:63 131567:5 0:8 131567:2 0:7 131567:4 0:14 131567:4 0:19 131567:8 0:7 131567:5 0:118 131567:1 0:11 131567:1 0:13 131567:1 0:7 131567:2 0:10 131567:1 0:90 131567:5 0:4 131567:5 0:2 131567:5 0:48 131567:5 0:17 131567:8 0:1 131567:11 0:12 131567:3 0:33 544580:5 0:2 544580:5 0:4 544580:2 0:3 544580:1 0:19 131567:1 0:13 131567:1 0:69 131567:5 0:1 131567:5 0:4 131567:4 0:85
C	1840	40324	965	0:2 477697:4 0:342 2:5 0:3 131567:5 0:13 40324:5 0:226 2:3 0:15 131567:5 0:20 40324:5 0:20 131567:1 0:13 477697:3 0:51 477697:2 0:188
C	1841	544580	849	0:46 131567:4 0:16 131567:4 0:64 131567:5 0:8 131567:2 0:47 131567:7 0:7 131567:5 0:19 131567:4 0:6 131567:4 0:63 131567:4 0:47 131567:1 0:7 131567:2 0:10 131567:1 0:150 131567:5 0:6 131567:5 0:17 131567:8 0:1 131567:11 0:12 131567:3 0:33 544580:5 0:2 544580:5 0:4 544580:2 0:3 544580:1 0:105 131567:5 0:1 131567:5 0:4 131567:4 0:35
C	1842	544580	844	0:46 131567:4 0:16 131567:4 0:63 131567:5 0:35 131567:4 0:19 131567:8 0:7 131567:5 0:19 131567:4 0:69 131567:5 0:19 131567:1 0:11 131567:1 0:13 131567:1 0:47 131567:2 0:63 131567:5 0:4 131567:5 0:2 131567:5 0:12 131567:5 0:1 131567:4 0:16 131567:5 0:6 131567:5 0:17 131567:8 0:1 131567:11 0:12 131567:3 0:33 544580:5 0:2 544580:5 0:4 544580:2 0:3 544580:1 0:19 131567:1 0:13 131567:1 0:65 131567:5 0:53
C	1843	508771	834	0:63 131567:4 0:167 131567:4 0:112 131567:5 0:4 508771:1 0:105 131567:2 0:4 131567:5 0:185 131567:1 0:13 131567:1 0:68 131567:5 0:1 131567:5 0:4 131567:4 0:37
C	1844	544580	848	0:50 131567:4 0:16 131567:4 0:72 131567:2 0:7 131567:4 0:14 131567:4 0:34 131567:4 0:19 131567:4 0:72 131567:4 0:19 131567:1 0:11 131567:1 0:13 131567:1 0:7 131567:2 0:10 131567:1 0:89 131567:5 0:4 131567:5 0:2 131567:5 0:12 131567:5 0:1 131567:4 0:16 131567:5 0:6 131567:5 0:17 131567:8 0:1 131567:11 0:50 544580:5 0:2 544580:5 0:4 544580:2 0:3 544580:1 0:19 131567:1 0:13 131567:1 0:70 131567:5 0:1 131567:5 0:4 131567:4 0:38
C	1845	544580	976	0:22 131567:1 0:58 131567:2 0:135 131567:1 0:13 131567:1 0:19 544580:1 0:3 544580:2 0:4 544580:5 0:2 544580:5 0:33 131567:3 0:12 131567:11 0:1 131567:8 0:17 131567:5 0:6 131567:5 0:16 131567:4 0:1 131567:5 0:12 131567:5 0:62 131567:1 0:16 131567:2 0:26 131567:1 0:10 131567:2 0:7 131567:1 0:13 131567:1 0:11 131567:1 0:19 131567:4 0:63 131567:4 0:6 131567:4 0:19 131567:5 0:7 131567:8 0:19 131567:4 0:14 131567:4 0:7 131567:2 0:8 131567:5 0:48 284811:5 0:9 131567:4 0:16 131567:4 0:82
C	1846	544580	850	0:46 131567:4 0:16 131567:4 0:63 131567:5 0:8 131567:2 0:7 131567:4 0:14 131567:4 0:19 131567:8 0:7 131567:5 0:19 131567:4 0:6 131567:4 0:63 131567:4 0:19 131567:1 0:11 131567:1 0:13 131567:1 0:7 131567:2 0:10 131567:1 0:92 131567:5 0:4 131567:5 0:2 131567:5 0:48 131567:5 0:17 131567:4 0:64 544580:5 0:2 544580:5 0:4 544580:2 0:3 544580:1 0:19 131567:1 0:13 131567:1 0:70 131567:5 0:1 131567:5 0:4 131567:4 0:38
C	1847	76775	1053	0:11 55193:1 0:10 131567:1 0:8 5204:2 0:43 76775:1 0:3 76775:5 0:3 76775:5 0:89 76775:3 0:35 76775:1 0:45 76775:5 0:30 76775:5 0:19 76775:1 0:12 76775:2 0:5 76775:4 0:9 76775:2 0:13 76775:2 55193:5 0:14 55193:3 0:16 131567:5 0:3 131567:5 0:3 131567:1 0:24 55193:1 0:44 452284:7 0:19 76775:2 0:39 76775:1 0:5 76775:5 0:11 55193:5 0:11 76775:1 0:17 76775:1 0:46 76775:2 0:53 131567:2 0:12 131567:2 0:29 55193:4 0:73 76775:1 0:6 76775:6 0:19 76775:2 0:6 76775:1 0:9 76775:1 0:6 76775:6 0:56 76775:1 0:1 76775:5 0:10 76775:2 0:14 76775:5 0:16
C	1848	181124	989	0:171 131567:2 0:30 131567:5 0:26 131567:4 0:22 131567:5 0:8 131567:9 0:5 131567:5 0:58 5338:3 0:59 181124:1 0:63 4751:2 0:56 131567:1 0:10 131567:3 0:407
C	1849	40324	1004	0:34 477697:4 0:344 2:5 0:3 131567:5 0:13 40324:5 0:72 3273430:5 0:167 131567:5 0:20 40324:5 0:20 131567:1 0:13 477697:3 0:55 477697:2 0:189
C	1850	544580	847	0:44 131567:4 0:16 131567:4 0:63 131567:5 0:8 131567:2 0:7 131567:4 0:14 131567:4 0:19 131567:8 0:7 131567:5 0:19 131567:4 0:6 131567:4 0:62 131567:4 0:19 131567:1 0:11 131567:1 0:13 131567:1 0:7 131567:2 0:10 131567:1 0:26 131567:2 0:16 131567:1 0:46 131567:5 0:4 131567:5 0:2 131567:5 0:12 131567:5 0:1 131567:4 0:16 131567:5 0:6 131567:5 0:17 131567:8 0:1 131567:11 0:12 131567:3 0:33 544580:5 0:2 544580:5 0:4 544580:2 0:3 544580:1 0:19 131567:1 0:13 131567:1 0:69 131567:5 0:1 131567:5 0:4 131567:4 0:39
C	1851	40324	968	0:2 477697:4 0:341 2:5 0:3 131567:5 0:13 40324:5 0:72 3273430:5 0:149 2:3 0:15 131567:5 0:20 40324:5 0:20 131567:1 0:13 477697:3 0:55 477697:2 0:188
C	1852	544580	848	0:46 131567:4 0:16 131567:4 0:63 131567:5 0:8 131567:2 0:7 131567:4 0:14 131567:4 0:36 131567:4 0:19 131567:4 0:6 131567:4 0:63 131567:4 0:19 131567:1 0:11 131567:1 0:59 131567:2 0:16 131567:1 0:115 131567:5 0:17 131567:7 0:60 544580:5 0:2 544580:5 0:4 544580:2 0:3 544580:1 0:19 131567:1 0:13 131567:1 0:70 131567:5 0:1 131567:5 0:4 131567:4 0:38
C	1853	544580	845	0:44 131567:5 0:16 131567:4 0:63 131567:5 0:8 131567:2 0:7 131567:4 0:14 131567:4 0:32 131567:5 0:29 131567:4 0:112 131567:1 0:7 131567:2 0:10 131567:1 0:26 131567:2 0:63 131567:5 0:4 131567:5 0:2 131567:5 0:12 131567:5 0:1 131567:4 0:16 131567:5 0:6 131567:5 0:17 131567:8 0:1 131567:11 0:12 131567:3 0:33 544580:5 0:2 544580:5 0:4 544580:2 0:3 544580:1 0:19 131567:1 0:13 131567:1 0:69 131567:5 0:1 131567:5 0:4 131567:4 0:37
C	1854	181762	1077	0:8 181762:1 0:1 181762:5 0:232 131567:2 0:27 168172:2 0:80 131567:9 0:5 131567:5 0:58 5338:3 0:179 131567:1 0:10 131567:3 0:412
C	1856	477697	1281	0:267 477697:5 0:34 477697:4 0:443 3273430:5 0:150 2:3 0:15 131567:5 0:20 40324:5 0:20 131567:1 0:71 477697:2 0:197
C	1857	28985	1044	0:12 4893:5 0:5 4910:1 0:25 451864:5 0:2 4893:10 0:15 147537:1 0:2 147537:5 0:18 4910:4 0:43 28985:5 0:2 28985:5 0:64 4910:5 0:2 4910:3 0:54 4910:5 0:55 131567:4 0:17 131567:5 0:6 131567:5 0:16 131567:4 0:1 131567:5 0:12 131567:5 0:2 131567:5 0:4 131567:5 0:15 147537:5 0:9 147537:6 0:56 131567:1 0:10 131567:2 0:7 131567:1 0:1 4893:7 4910:5 0:19 4910:4 0:21 131567:2 0:53 131567:4 0:6 131567:4 0:19 131567:5 0:7 131567:8 0:19 131567:4 0:14 131567:3 0:5 4893:1 0:6 4910:4 0:93 4910:5 0:6 4910:2 0:45 4910:3 0:4 4910:1 0:48 470:1 0:5 470:1 0:14
C	1858	544580	888	0:46 131567:4 0:16 131567:4 0:63 131567:5 0:8 131567:2 0:7 131567:4 0:14 131567:4 0:34 131567:4 0:23 588596:5 0:68 131567:4 0:19 131567:1 0:11 131567:1 0:13 131567:1 0:7 131567:2 0:10 131567:1 0:91 131567:2 0:4 131567:5 0:2 131567:5 0:12 131567:5 0:1 131567:4 0:16 131567:5 0:6 131567:5 0:17 131567:8 0:1 131567:11 0:12 131567:3 0:33 544580:5 0:2 544580:5 0:4 544580:2 0:3 544580:1 0:19 131567:1 0:13 131567:1 0:70 131567:5 0:1 131567:5 0:4 131567:4 0:48 131567:2 0:30
C	1859	544580	983	0:2 1760811:4 0:16 131567:1 0:196 131567:1 0:13 131567:1 0:19 544580:1 0:3 544580:2 0:4 544580:5 0:2 544580:5 0:57 131567:3 0:1 131567:8 0:17 131567:5 0:6 131567:5 0:38 131567:5 0:2 131567:5 0:4 131567:5 0:64 131567:1 0:26 131567:1 0:10 131567:2 0:7 131567:1 0:13 131567:1 0:11 131567:1 0:19 131567:4 0:63 131567:4 0:6 131567:4 0:55 131567:4 0:14 131567:4 0:7 131567:2 0:8 131567:5 0:63 131567:4 0:16 131567:4 0:89
C	1860	544580	853	0:48 131567:4 0:16 131567:4 0:84 131567:4 0:14 131567:4 0:19 131567:8 0:7 131567:5 0:19 131567:4 0:6 131567:4 0:63 131567:4 0:19 131567:1 0:11 131567:1 0:13 131567:1 0:7 131567:2 0:10 131567:1 0:26 131567:2 0:16 131567:1 0:46 131567:5 0:4 131567:5 0:2 131567:5 0:39 131567:5 0:6 131567:5 0:17 131567:8 0:59 544580:5 0:2 544580:5 0:4 544580:2 0:3 544580:1 0:19 131567:1 0:13 131567:1 0:70 131567:5 0:1 131567:5 0:4 131567:4 0:40
C	1861	1296100	1058	0:232 1296100:2 0:9 131567:2 0:30 131567:5 0:264 4751:2 0:56 131567:1 0:10 131567:3 0:408
C	1862	5144	852	0:9 569360:5 0:182 5144:2 0:39 716546:3 0:51 716546:1 0:203 716546:5 0:1 131567:3 5144:5 0:28 131567:1 0:16 131567:5 0:5 716545:1 0:219 147550:1 0:33
C	1864	569360	800	0:6 569360:5 0:179 5144:2 0:9 5125:5 0:2 5125:5 0:8 131567:5 0:4 716546:3 0:51 716546:1 0:32 147550:5 0:166 716546:5 0:1 131567:3 5144:5 0:28 131567:1 0:16 131567:5 0:5 716545:1 0:208
C	1866	544580	979	0:22 131567:1 0:58 131567:2 0:48 131567:5 0:82 131567:1 0:13 131567:1 0:37 544580:5 0:45 131567:11 0:1 131567:8 0:17 131567:5 0:6 131567:5 0:16 131567:4 0:1 131567:5 0:12 131567:5 0:2 131567:5 0:4 131567:5 0:64 131567:1 0:26 131567:1 0:10 131567:2 0:7 131567:1 0:13 131567:1 0:11 131567:1 0:19 131567:4 0:63 131567:4 0:6 131567:4 0:19 131567:5 0:7 131567:8 0:19 131567:4 0:14 131567:4 0:7 131567:2 0:77 131567:4 0:16 131567:4 0:51 131567:5 0:16 131567:1 0:12
C	1867	544580	849	0:46 131567:4 0:16 131567:4 0:78 131567:2 0:7 131567:4 0:14 131567:4 0:25 131567:2 0:7 131567:1 0:23 131567:4 0:6 131567:4 0:63 131567:4 0:19 131567:1 0:11 131567:1 0:13 131567:1 0:7 131567:2 0:10 131567:1 0:104 131567:5 0:12 131567:5 0:1 131567:4 0:16 131567:5 0:6 131567:5 0:17 131567:8 0:1 131567:11 0:12 131567:3 0:33 544580:5 0:2 544580:5 0:4 544580:2 0:3 544580:1 0:104 131567:5 0:1 131567:5 0:4 131567:4 0:38
C	1868	1224	922	0:187 477697:2 0:116 131567:5 0:15 2:3 0:147 3273430:5 0:72 40324:5 0:13 131567:5 0:3 2:5 0:305
C	1869	2	541	0:212 40324:5 0:20 131567:1 0:13 477697:3 0:54 477697:2 0:197
C	1870	544580	984	0:75 131567:1 0:182 544580:5 0:2 544580:5 0:33 131567:3 0:12 131567:11 0:1 131567:8 0:17 131567:5 0:49 131567:5 0:4 131567:5 0:123 131567:1 0:11 131567:1 0:107 4895:1 0:49 131567:4 0:14 131567:4 0:212
C	1871	4751	572	0:57 4751:2 0:56 131567:1 0:10 131567:3 0:409
C	1872	544580	671	0:16 131567:8 0:7 131567:5 0:19 131567:4 0:6 131567:5 0:63 131567:4 0:19 131567:1 0:11 131567:1 0:13 131567:1 0:7 131567:2 0:10 131567:1 0:92 131567:2 0:4 131567:5 0:2 131567:5 0:12 131567:5 0:1 131567:4 0:16 131567:5 0:6 131567:5 0:17 131567:8 0:1 131567:11 0:50 544580:5 0:2 544580:5 0:4 544580:2 0:3 544580:1 0:19 131567:1 0:13 131567:1 0:70 131567:5 0:1 131567:5 0:4 131567:4 0:38
C	1873	40324	814	0:210 2:5 0:261 131567:5 0:20 40324:5 0:20 131567:1 0:253
C	1874	40324	790	0:56 477697:2 0:55 477697:3 0:13 131567:1 0:20 40324:5 0:190 3273430:5 0:72 40324:5 0:13 131567:5 0:3 2:5 0:303
C	1875	544580	770	0:6 131567:1 0:13 131567:1 0:34 544580:5 0:33 131567:3 0:12 131567:11 0:1 131567:8 0:17 131567:5 0:6 131567:5 0:16 131567:4 0:1 131567:5 0:12 131567:5 0:2 131567:5 0:4 131567:5 0:92 131567:1 0:10 131567:2 0:7 131567:1 0:13 131567:1 0:11 131567:1 0:19 131567:4 0:63 131567:4 0:6 131567:4 0:19 131567:5 0:7 131567:8 0:19 131567:4 0:14 131567:4 0:7 131567:2 0:8 131567:5 0:63 131567:4 0:16 131567:4 0:51 131567:5 0:16 131567:1 0:15
C	1876	131567	707	0:29 131567:3 0:12 131567:11 0:1 131567:8 0:17 131567:5 0:6 131567:5 0:16 131567:4 0:1 131567:5 0:12 131567:5 0:2 131567:5 0:4 131567:5 0:46 131567:1 0:16 131567:2 0:26 131567:1 0:10 131567:2 0:7 131567:1 0:13 131567:1 0:11 131567:1 0:19 131567:4 0:63 131567:4 0:6 131567:4 0:38 131567:1 0:49 131567:2 0:8 131567:5 0:63 131567:4 0:16 131567:4 0:89
C	1877	477697	1216	0:199 477697:5 0:34 477697:4 0:353 131567:5 0:13 40324:5 0:72 3273430:5 0:150 2:3 0:15 131567:5 0:20 40324:5 0:20 131567:1 0:13 477697:3 0:55 477697:2 0:195
C	1878	477697	1282	0:266 477697:5 0:34 477697:4 0:349 2:5 0:3 131567:5 0:13 40324:5 0:72 3273430:5 0:151 2:3 0:63 131567:1 0:13 477697:3 0:55 477697:2 0:191
C	1879	40324	927	0:188 477697:2 0:54 477697:3 0:13 131567:1 0:20 40324:5 0:20 131567:5 0:15 2:3 0:150 3273430:5 0:73 40324:5 0:13 131567:5 0:3 2:5 0:305
C	1880	544580	846	0:45 131567:5 0:16 131567:4 0:72 131567:2 0:7 131567:4 0:14 131567:4 0:19 131567:8 0:7 131567:5 0:19 131567:4 0:6 131567:4 0:63 131567:4 0:19 131567:1 0:11 131567:1 0:13 131567:1 0:7 131567:2 0:10 131567:1 0:93 131567:2 0:4 131567:5 0:2 131567:5 0:12 131567:5 0:1 131567:4 0:16 131567:5 0:6 131567:5 0:17 131567:8 0:1 131567:11 0:12 131567:3 0:33 544580:5 0:2 544580:5 0:4 544580:2 0:3 544580:1 0:19 131567:1 0:13 131567:1 0:70 131567:5 0:53
C	1881	4895	1033	0:406 131567:2 0:7 131567:2 0:18 131567:4 0:12 4895:2 0:25 131567:5 0:1 131567:9 0:175 131567:5 0:326
C	1882	131567	522	0:63 131567:4 0:64 131567:5 0:8 131567:2 0:7 131567:4 0:14 131567:4 0:19 131567:8 0:7 131567:5 0:19 131567:4 0:6 131567:4 0:63 131567:4 0:19 131567:1 0:11 131567:1 0:13 131567:1 0:7 131567:2 0:10 131567:1 0:26 131567:2 0:16 131567:1 0:46 131567:5 0:4 131567:5 0:3
C	1883	544580	717	0:14 131567:5 0:8 131567:2 0:7 131567:4 0:14 131567:4 0:19 131567:8 0:7 131567:5 0:19 131567:4 0:6 131567:4 0:63 131567:4 0:19 131567:1 0:11 131567:1 0:13 131567:1 0:7 131567:2 0:10 131567:1 0:26 131567:2 0:16 131567:1 0:46 131567:5 0:4 131567:5 0:2 131567:5 0:38 131567:5 0:6 131567:5 0:17 131567:8 0:1 131567:11 0:12 131567:3 0:33 544580:5 0:2 544580:5 0:4 544580:2 0:3 544580:1 0:19 131567:1 0:13 131567:1 0:70 131567:5 0:1 131567:5 0:4 131567:4 0:24
C	1884	3273430	960	0:191 477697:2 0:117 131567:5 0:15 2:3 0:22 2:1 0:126 3273430:5 0:60 227086:1 0:29 131567:5 0:3 2:5 0:16 477697:2 0:318
C	1885	544580	720	0:16 131567:5 0:8 131567:2 0:7 131567:4 0:37 131567:8 0:7 131567:5 0:19 131567:4 0:6 131567:4 0:86 131567:1 0:11 131567:1 0:13 131567:1 0:7 131567:2 0:10 131567:1 0:26 131567:2 0:65 131567:5 0:4 131567:5 0:2 131567:5 0:12 131567:5 0:1 131567:4 0:16 131567:5 0:6 131567:5 0:17 131567:8 0:1 131567:11 0:48 544580:5 0:2 544580:5 0:4 544580:2 0:3 544580:1 0:19 131567:1 0:13 131567:1 0:70 131567:5 0:1 131567:5 0:4 131567:4 0:23
C	1886	181124	1148	0:91 181762:5 0:225 131567:4 0:30 131567:5 0:26 131567:4 0:22 131567:5 0:8 131567:9 0:5 131567:5 0:57 5338:3 0:59 181124:1 0:79 181124:5 0:36 131567:1 0:10 131567:3 0:416
C	1887	544580	845	0:60 131567:4 0:75 131567:2 0:86 131567:4 0:95 131567:1 0:11 131567:1 0:13 131567:1 0:7 131567:2 0:10 131567:2 0:108 131567:5 0:41 131567:5 0:6 131567:5 0:17 131567:8 0:1 131567:11 0:12 131567:5 0:52 544580:1 0:19 131567:1 0:13 131567:1 0:69 131567:5 0:1 131567:5 0:4 131567:4 0:38
C	1888	477697	1023	0:318 477697:1 0:230 3273430:4 0:60 227086:1 0:29 131567:5 0:3 2:5 0:16 477697:5 0:5 477697:1 0:306
C	1889	3273430	1020	0:267 477697:2 0:91 40324:5 0:40 2:3 0:41 3273430:5 0:104 3273430:5 0:93 131567:5 0:3 2:5 0:317
C	1890	40324	973	0:324 40324:5 0:196 3273430:5 0:71 40324:5 0:333
C	1893	544580	848	0:48 131567:4 0:16 131567:4 0:87 131567:1 0:14 131567:4 0:19 131567:8 0:7 131567:5 0:29 131567:4 0:65 131567:2 0:19 131567:1 0:11 131567:1 0:13 131567:1 0:7 131567:2 0:10 131567:1 0:44 131567:1 0:48 131567:2 0:4 131567:5 0:2 131567:5 0:49 131567:5 0:17 131567:8 0:1 131567:11 0:12 131567:3 0:33 544580:5 0:2 544580:5 0:4 544580:2 0:3 544580:1 0:19 131567:1 0:82 131567:5 0:1 131567:5 0:4 131567:4 0:38
C	1894	544580	853	0:47 131567:4 0:16 131567:4 0:63 131567:5 0:8 131567:2 0:7 131567:4 0:14 131567:4 0:34 131567:4 0:19 131567:4 0:6 131567:4 0:117 131567:2 0:10 131567:1 0:26 131567:1 0:88 131567:5 0:12 131567:5 0:1 131567:4 0:16 131567:5 0:6 131567:5 0:17 131567:8 0:1 131567:11 0:48 544580:5 0:2 544580:5 0:4 544580:2 0:3 544580:1 0:19 131567:1 0:13 131567:1 0:87 131567:2 0:36
C	1896	544580	829	0:82 131567:2 0:48 131567:4 0:4 131567:5 0:1 131567:5 0:69 131567:1 0:13 131567:1 0:19 544580:1 0:3 544580:2 0:4 544580:5 0:2 544580:5 0:33 131567:3 0:12 131567:11 0:1 131567:8 0:17 131567:5 0:6 131567:5 0:16 131567:4 0:1 131567:5 0:12 131567:5 0:110 131567:1 0:10 131567:2 0:7 131567:1 0:13 131567:4 0:95 131567:4 0:6 131567:4 0:19 131567:5 0:7 131567:8 0:19 131567:4 0:14 131567:4 0:7 131567:2 0:8 131567:5 0:16
C	1897	544580	857	0:46 131567:4 0:16 131567:4 0:63 131567:5 0:8 131567:2 0:7 131567:4 0:14 131567:4 0:34 131567:4 0:19 131567:4 0:6 131567:4 0:63 131567:4 0:19 131567:1 0:11 131567:1 0:13 131567:1 0:7 131567:2 0:10 131567:1 0:26 131567:2 0:16 131567:1 0:51 131567:5 0:4 131567:5 0:2 131567:5 0:40 131567:5 0:63 131567:1 0:33 544580:5 0:2 544580:5 0:4 544580:2 0:3 544580:1 0:19 131567:1 0:13 131567:1 0:70 131567:5 0:1 131567:5 0:4 131567:4 0:38
C	1898	40324	924	0:189 477697:2 0:89 40324:5 0:20 131567:5 0:15 2:3 0:150 3273430:5 0:72 40324:5 0:13 131567:5 0:3 2:5 0:304
C	1900	544580	849	0:46 131567:4 0:16 131567:4 0:63 131567:5 0:8 131567:2 0:7 131567:4 0:14 131567:4 0:34 131567:4 0:19 131567:4 0:6 131567:4 0:63 131567:4 0:19 131567:1 0:11 131567:1 0:13 131567:1 0:7 131567:2 0:10 131567:1 0:26 131567:2 0:16 131567:1 0:115 131567:5 0:17 131567:8 0:61 544580:5 0:2 544580:5 0:4 544580:2 0:3 544580:1 0:19 131567:1 0:13 131567:1 0:70 131567:5 0:1 131567:5 0:4 131567:4 0:38
C	1903	181762	545	0:138 131567:5 0:5 131567:9 0:8 131567:5 0:50 131567:5 0:30 131567:2 0:231 181762:5 0:1 181762:1 0:16
C	1904	40324	998	0:359 40324:5 0:268 40324:5 0:13 131567:5 0:3 2:5 0:301
C	1905	40324	972	0:2 477697:4 0:344 2:5 0:3 131567:5 0:13 40324:5 0:72 3273430:5 0:150 2:3 0:15 131567:5 0:20 40324:5 0:20 131567:1 0:13 477697:3 0:55 477697:2 0:188
C	1906	544580	975	0:22 131567:1 0:109 131567:4 0:4 131567:5 0:1 131567:5 0:102 544580:1 0:3 544580:2 0:4 544580:5 0:2 544580:5 0:33 131567:3 0:12 131567:11 0:1 131567:8 0:17 131567:5 0:6 131567:5 0:16 131567:4 0:1 131567:5 0:12 131567:5 0:2 131567:5 0:4 131567:5 0:46 131567:1 0:16 131567:2 0:33 131567:5 0:7 131567:1 0:13 131567:1 0:11 131567:1 0:85 131567:4 0:6 131567:4 0:19 131567:5 0:51 131567:4 0:7 131567:2 0:8 131567:5 0:48 284811:5 0:9 131567:4 0:16 131567:4 0:83
C	1907	477697	999	0:2 477697:4 0:342 477697:1 0:5 477697:5 0:16 2:5 0:3 131567:5 0:90 3273430:5 0:124 2:1 0:22 2:3 0:15 131567:5 0:14 2:6 131567:7 0:18 131567:1 0:13 477697:3 0:55 477697:2 0:193
C	1908	2	1373	0:404 477697:4 0:56 2903710:5 0:378 3273430:5 0:165 131567:5 0:20 40324:5 0:20 131567:1 0:271
C	1909	131567	500	0:10 131567:2 0:26 131567:1 0:10 131567:2 0:7 131567:1 0:13 131567:1 0:11 131567:1 0:19 131567:4 0:63 131567:4 0:6 131567:4 0:19 131567:5 0:7 131567:8 0:19 131567:4 0:14 131567:4 0:7 131567:2 0:8 131567:5 0:63 131567:4 0:16 131567:4 0:51 131567:5 0:16 131567:1 0:19
C	1910	569360	850	0:8 569360:5 0:182 5144:2 0:9 5125:5 0:2 5125:5 0:8 131567:5 0:4 716546:3 0:253 716546:5 0:1 131567:3 5144:5 0:28 131567:1 0:16 131567:5 0:5 716545:1 0:222 147550:1 0:32
C	1911	544580	849	0:48 131567:4 0:16 131567:4 0:60 131567:5 0:8 131567:2 0:7 131567:4 0:76 131567:4 0:6 131567:4 0:111 131567:5 0:3 131567:2 0:10 131567:1 0:26 131567:2 0:125 131567:5 0:6 131567:5 0:17 131567:4 0:64 544580:5 0:2 544580:5 0:4 544580:2 0:3 544580:1 0:19 131567:1 0:82 131567:5 0:1 131567:5 0:4 131567:4 0:38
C	1912	544580	1049	0:22 131567:1 0:58 131567:2 0:48 131567:4 0:4 131567:5 0:1 131567:5 0:70 131567:1 0:13 131567:1 0:19 544580:1 0:3 544580:2 0:4 544580:5 0:2 544580:5 0:33 131567:3 0:12 131567:11 0:1 131567:8 0:17 131567:5 0:116 131567:1 0:16 131567:2 0:26 131567:1 0:10 131567:2 0:7 131567:1 0:13 131567:1 0:101 131567:4 0:6 131567:4 0:19 131567:5 0:7 131567:8 0:19 131567:4 0:14 131567:4 0:7 131567:2 0:8 131567:5 0:63 131567:4 0:16 131567:4 0:51 131567:5 0:13 131567:4 0:76
C	1913	477697	975	0:258 477697:5 0:34 477697:4 0:164 2592654:5 0:273 3273430:5 0:193
C	1916	544580	851	0:46 131567:4 0:16 131567:4 0:63 131567:5 0:8 131567:2 0:7 131567:4 0:14 131567:4 0:19 131567:8 0:7 131567:5 0:19 131567:4 0:6 131567:4 0:63 131567:4 0:19 131567:1 0:11 131567:1 0:13 131567:1 0:7 131567:2 0:10 131567:1 0:107 131567:5 0:39 131567:5 0:6 131567:5 0:17 131567:8 0:1 131567:11 0:12 131567:3 0:33 544580:5 0:2 544580:5 0:4 544580:2 0:3 544580:1 0:104 131567:5 0:1 131567:5 0:4 131567:4 0:38
C	1917	490731	1144	0:42 490731:3 0:454 131567:3 0:69 4751:2 0:233 131567:4 0:26 131567:5 0:30 131567:2 0:226 181762:1 0:10
C	1918	544580	829	0:25 131567:4 0:16 131567:4 0:63 131567:5 0:8 131567:2 0:7 131567:4 0:14 131567:4 0:19 131567:8 0:30 131567:4 0:6 131567:4 0:63 131567:4 0:19 131567:1 0:11 131567:1 0:13 131567:1 0:7 131567:2 0:10 131567:1 0:111 131567:5 0:12 131567:5 0:1 131567:4 0:16 131567:5 0:6 131567:5 0:17 131567:8 0:1 131567:11 0:12 131567:3 0:33 544580:5 0:37 131567:1 0:13 131567:1 0:66 131567:5 0:1 131567:5 0:4 131567:4 0:38
C	1919	544580	840	0:132 131567:5 0:8 131567:2 0:49 131567:8 0:7 131567:5 0:19 131567:4 0:6 131567:4 0:61 131567:4 0:19 131567:1 0:11 131567:1 0:13 131567:1 0:7 131567:2 0:10 131567:1 0:95 131567:5 0:48 131567:5 0:6 131567:5 0:17 131567:8 0:1 131567:11 0:12 131567:3 0:33 544580:5 0:2 544580:5 0:4 544580:2 0:3 544580:1 0:19 131567:1 0:13 131567:1 0:64 131567:5 0:1 131567:5 0:4 131567:4 0:38
C	1920	131567	589	0:130 131567:5 0:8 131567:2 0:7 131567:4 0:52 131567:4 0:19 131567:4 0:6 131567:4 0:113 131567:4 0:7 131567:2 0:8 131567:5 0:63 131567:4 0:104
C	1922	544580	836	0:43 131567:4 0:16 131567:4 0:73 131567:2 0:7 131567:4 0:14 131567:4 0:19 131567:1 0:34 131567:4 0:72 131567:4 0:19 131567:1 0:11 131567:1 0:13 131567:1 0:7 131567:2 0:10 131567:1 0:26 131567:2 0:16 131567:1 0:136 131567:8 0:1 131567:11 0:12 131567:3 0:57 544580:1 0:19 131567:1 0:82 131567:5 0:1 131567:5 0:4 131567:4 0:36
C	1923	348837	1025	0:272 131567:1 0:122 131567:5 0:6 348837:5 0:21 131567:5 0:12 131567:5 0:2 131567:5 0:4 131567:5 0:64 131567:1 0:26 131567:1 0:34 131567:2 0:11 131567:1 0:19 131567:4 0:62 131567:4 0:6 131567:4 0:19 131567:5 0:7 131567:8 0:49 131567:2 0:8 131567:5 0:63 131567:4 0:16 131567:4 0:92
C	1924	477697	937	0:280 131567:7 0:292 2:5 0:16 477697:5 0:5 477697:1 0:292
C	1925	544580	842	0:46 131567:4 0:16 131567:4 0:64 131567:5 0:8 131567:2 0:7 131567:5 0:49 131567:4 0:19 131567:4 0:6 131567:4 0:63 131567:4 0:19 131567:1 0:11 131567:1 0:13 131567:1 0:7 131567:2 0:10 131567:1 0:26 131567:2 0:16 131567:1 0:54 131567:5 0:2 131567:5 0:48 131567:5 0:17 131567:8 0:1 131567:11 0:12 131567:3 0:33 544580:5 0:2 544580:5 0:4 544580:2 0:3 544580:1 0:19 131567:1 0:13 131567:1 0:69 131567:5 0:49
C	1926	544580	847	0:46 131567:4 0:16 131567:4 0:63 131567:5 0:34 131567:4 0:19 131567:8 0:7 131567:5 0:19 131567:4 0:6 131567:4 0:63 131567:4 0:19 131567:1 0:11 131567:1 0:13 131567:1 0:7 131567:2 0:10 131567:1 0:26 131567:2 0:77 131567:5 0:12 131567:5 0:1 131567:4 0:16 131567:5 0:6 131567:5 0:17 131567:8 0:1 131567:11 0:12 131567:3 0:33 544580:5 0:2 544580:5 0:4 544580:2 0:3 544580:1 0:19 131567:1 0:13 131567:1 0:70 131567:5 0:1 131567:5 0:4 131567:4 0:38
C	1927	544580	856	0:51 131567:4 0:16 131567:4 0:63 131567:5 0:58 131567:8 0:7 131567:5 0:19 131567:4 0:6 131567:4 0:86 131567:1 0:11 131567:1 0:59 131567:2 0:16 131567:1 0:46 131567:5 0:4 131567:5 0:2 131567:5 0:38 131567:5 0:6 131567:5 0:17 131567:8 0:1 131567:11 0:12 131567:3 0:33 544580:5 0:123 131567:5 0:1 131567:5 0:4 131567:4 0:38
C	1929	544580	983	0:22 131567:1 0:58 131567:2 0:48 131567:4 0:4 131567:5 0:1 131567:5 0:70 131567:1 0:13 131567:1 0:19 544580:1 0:3 544580:2 0:4 544580:5 0:2 544580:5 0:33 131567:3 0:12 131567:11 0:1 131567:8 0:17 131567:5 0:48 131567:5 0:2 131567:5 0:4 131567:5 0:46 131567:1 0:16 131567:2 0:26 131567:1 0:10 131567:2 0:7 131567:1 0:13 131567:1 0:11 131567:1 0:19 131567:4 0:63 131567:4 0:6 131567:4 0:19 131567:5 0:7 131567:8 0:19 131567:4 0:14 131567:4 0:7 131567:2 0:8 131567:5 0:62 131567:4 0:16 131567:4 0:51 131567:5 0:16 131567:1 0:15
C	1930	544580	857	0:48 131567:4 0:16 131567:4 0:88 131567:4 0:14 131567:4 0:19 131567:8 0:7 131567:5 0:19 131567:4 0:6 131567:4 0:65 131567:3 0:19 131567:1 0:11 131567:1 0:13 131567:1 0:7 131567:2 0:10 131567:1 0:26 131567:2 0:16 131567:1 0:46 131567:5 0:4 131567:5 0:55 131567:5 0:17 131567:8 0:1 131567:11 0:12 131567:5 0:34 544580:5 0:2 544580:5 0:4 544580:2 0:3 544580:1 0:103 131567:5 0:1 131567:5 0:4 131567:4 0:38
C	1931	131567	841	0:46 131567:4 0:16 131567:4 0:62 131567:5 0:8 131567:2 0:7 131567:4 0:14 131567:4 0:34 131567:4 0:19 131567:4 0:6 131567:4 0:97 131567:1 0:13 131567:1 0:7 131567:2 0:10 131567:1 0:103 131567:5 0:39 131567:5 0:6 131567:5 0:17 131567:8 0:1 131567:11 0:12 131567:3 0:73 131567:1 0:13 131567:1 0:70 131567:5 0:1 131567:5 0:4 131567:4 0:36
C	1932	1224	929	0:245 477697:3 0:234 3273430:5 0:72 40324:5 0:13 131567:5 0:3 2:5 0:305
C	1933	40324	946	0:187 477697:2 0:55 477697:3 0:34 40324:5 0:189 3273430:5 0:72 40324:5 0:13 131567:5 0:3 2:5 0:329
C	1934	544580	846	0:46 131567:4 0:16 131567:4 0:63 131567:5 0:8 131567:2 0:7 131567:4 0:14 131567:4 0:19 131567:8 0:7 131567:5 0:19 131567:4 0:6 131567:4 0:63 131567:4 0:19 131567:1 0:11 131567:1 0:13 131567:1 0:7 131567:2 0:10 131567:1 0:26 131567:2 0:131 131567:5 0:17 131567:8 0:1 131567:11 0:12 131567:3 0:33 544580:5 0:2 544580:5 0:4 544580:2 0:3 544580:1 0:19 131567:1 0:13 131567:1 0:69 131567:5 0:1 131567:5 0:4 131567:4 0:37
C	1935	544580	970	0:22 131567:1 0:58 131567:2 0:59 131567:5 0:64 131567:1 0:13 131567:1 0:19 544580:1 0:3 544580:2 0:4 544580:5 0:2 544580:5 0:45 131567:11 0:1 131567:8 0:17 131567:5 0:6 131567:5 0:16 131567:4 0:1 131567:5 0:12 131567:5 0:2 131567:5 0:4 131567:5 0:62 131567:2 0:26 131567:1 0:10 131567:2 0:7 131567:1 0:13 131567:1 0:11 131567:1 0:85 131567:4 0:6 131567:4 0:19 131567:5 0:7 131567:8 0:19 131567:4 0:214
C	1936	2	938	0:188 477697:2 0:55 477697:3 0:13 131567:1 0:20 40324:5 0:40 2:3 0:41 3273430:5 0:203 131567:5 0:3 2:5 0:312
C	1937	477697	535	0:262 477697:5 0:71 1884633:1 0:162
C	1938	477697	954	0:189 477697:2 0:55 477697:3 0:13 131567:1 0:18 131567:7 2:6 0:14 131567:5 0:15 2:3 0:22 2:1 0:190 227086:1 0:29 131567:5 0:341
C	1940	477697	949	0:242 477697:3 0:13 131567:1 0:18 131567:7 2:6 0:14 131567:5 0:41 2:1 0:126 3273430:5 0:61 227086:1 0:29 131567:5 0:3 2:5 0:16 477697:5 0:5 477697:1 0:302
C	1941	544580	927	0:61 131567:5 0:71 131567:4 0:63 131567:5 0:34 131567:4 0:57 131567:4 0:6 131567:4 0:62 131567:4 0:29 131567:4 0:13 131567:1 0:7 131567:2 0:10 131567:1 0:26 131567:2 0:16 131567:1 0:46 131567:5 0:4 131567:5 0:2 131567:5 0:40 131567:5 0:6 131567:5 0:17 131567:4 0:69 544580:5 0:37 131567:1 0:13 131567:1 0:70 131567:5 0:1 131567:5 0:4 131567:4 0:38
C	1942	3273430	1319	0:326 477697:2 0:36 1884633:1 0:428 3273430:5 0:104 3273430:5 0:41 2:3 0:40 40324:5 0:20 131567:1 0:13 477697:3 0:55 477697:2 0:195
C	1943	76775	997	0:9 76775:5 0:137 76775:4 0:79 55193:4 0:29 131567:2 0:12 131567:2 0:102 76775:1 0:17 76775:1 0:11 55193:5 0:11 76775:5 0:5 76775:1 0:39 76775:2 0:68 55193:1 0:24 131567:1 0:3 131567:5 0:3 131567:5 0:16 55193:3 0:14 55193:5 0:252 76775:1 0:48 76775:1 0:30
C	1944	181762	1154	0:70 490731:1 0:431 131567:3 0:10 131567:1 0:56 4751:2 0:62 181124:1 0:59 5338:3 0:58 131567:5 0:5 131567:9 0:8 131567:5 0:49 131567:5 0:30 131567:2 0:230 181762:5 0:1 181762:1 0:8
C	1946	477697	948	0:242 477697:3 0:13 131567:1 0:18 131567:7 2:5 0:62 2:1 0:126 3273430:5 0:60 227086:1 0:29 131567:5 0:3 2:5 0:16 477697:5 0:5 477697:1 0:301
C	1947	544580	881	0:76 131567:4 0:16 131567:4 0:76 131567:2 0:7 131567:4 0:14 131567:4 0:19 131567:8 0:7 131567:5 0:19 131567:4 0:6 131567:4 0:40 498019:5 0:5 131567:5 0:9 131567:4 0:19 131567:1 0:11 131567:1 0:13 131567:1 0:7 131567:2 0:10 131567:1 0:26 131567:2 0:16 131567:1 0:46 131567:5 0:4 131567:5 0:2 131567:5 0:37 131567:5 0:6 131567:5 0:17 131567:8 0:1 131567:7 0:54 544580:5 0:2 544580:5 0:4 544580:2 0:3 544580:1 0:19 131567:1 0:13 131567:1 0:69 131567:5 0:1 131567:5 0:4 131567:4 0:38
C	1948	2	931	0:571 131567:5 0:3 2:5 0:313
C	1949	5144	797	0:189 332648:2 0:2 716545:1 0:22 131567:2 0:13 131567:5 0:4 716546:3 0:263 716546:5 0:1 131567:3 5144:5 0:28 131567:1 0:16 131567:5 0:7 131567:4 0:10 131567:2 0:5 716546:4 0:161
C	1950	544580	984	0:150 131567:5 0:99 544580:1 0:3 544580:2 0:4 544580:5 0:2 544580:5 0:33 131567:3 0:12 131567:11 0:74 131567:5 0:2 131567:5 0:4 131567:5 0:95 223818:5 0:28 131567:1 0:104 131567:4 0:19 131567:5 0:7 131567:8 0:49 131567:2 0:8 131567:5 0:64 131567:4 0:16 131567:4 0:72 131567:1 0:19
C	1951	544580	975	0:22 131567:1 0:58 131567:2 0:48 131567:4 0:4 131567:5 0:1 131567:5 0:103 544580:1 0:3 544580:2 0:4 544580:5 0:2 544580:5 0:33 131567:3 0:12 131567:11 0:1 131567:8 0:17 131567:5 0:6 131567:5 0:16 131567:4 0:1 131567:5 0:12 131567:5 0:2 131567:5 0:4 131567:5 0:63 131567:1 0:27 131567:1 0:10 131567:2 0:7 131567:1 0:13 131567:1 0:11 131567:1 0:19 131567:4 0:63 131567:4 0:6 131567:4 0:19 131567:5 0:7 131567:8 0:19 131567:4 0:14 131567:4 0:82 131567:4 0:16 131567:4 0:51 131567:5 0:16 131567:1 0:9
C	1952	76775	1500	0:11 55193:1 0:10 131567:1 0:8 5204:2 0:43 76775:1 0:251 76775:1 0:47 55193:5 0:14 55193:3 0:16 131567:5 0:3 131567:5 0:3 131567:1 0:24 55193:2 0:71 76775:2 0:39 76775:1 0:5 76775:5 0:27 76775:1 0:17 76775:1 0:46 76775:2 0:53 131567:2 0:12 131567:2 0:29 55193:4 0:73 76775:1 0:6 76775:6 0:37 76775:1 0:8 76775:4 0:56 76775:1 0:1 76775:5 0:10 76775:2 0:14 76775:5 0:16 76775:2 0:7 55193:2 0:433
C	1953	131567	851	0:46 131567:4 0:16 131567:4 0:63 131567:5 0:8 131567:2 0:7 131567:4 0:14 131567:4 0:19 131567:1 0:40 131567:4 0:6 131567:4 0:63 131567:4 0:19 131567:1 0:43 131567:1 0:27 131567:1 0:63 131567:5 0:4 131567:5 0:2 131567:5 0:12 131567:5 0:1 131567:4 0:16 131567:5 0:6 131567:5 0:17 131567:8 0:1 131567:11 0:12 131567:3 0:75 131567:1 0:13 131567:1 0:127
C	1955	477697	955	0:246 477697:3 0:13 131567:1 0:18 131567:7 2:6 0:62 2:1 0:127 3273430:5 0:60 227086:1 0:29 131567:5 0:3 2:5 0:16 477697:5 0:5 477697:1 0:302
C	1956	5144	910	0:48 131567:1 147550:2 0:28 147550:1 0:220 716545:1 0:5 131567:5 0:16 131567:1 0:28 5144:5 131567:3 0:1 716546:5 0:201 716546:1 0:51 716546:3 0:4 131567:5 0:44 332648:2 0:195
C	1957	477697	947	0:188 477697:2 0:89 131567:7 2:6 0:14 131567:5 0:15 2:3 0:22 2:1 0:127 3273430:1 0:64 227086:1 0:29 131567:5 0:3 2:5 0:326
C	1958	181762	1059	0:8 181762:1 0:1 181762:5 0:221 1423913:5 0:6 131567:2 0:61 131567:4 0:22 131567:3 0:209 4751:2 0:56 131567:1 0:10 131567:3 0:405
C	1959	477697	726	0:184 477697:2 0:55 477697:3 0:13 131567:1 0:18 131567:7 2:6 0:14 131567:5 0:15 2:3 0:22 2:1 0:126 3273430:5 0:60 227086:1 0:29 131567:5 0:3 2:5 0:16 477697:5 0:5 477697:1 0:82
C	1960	544580	1034	0:98 131567:1 0:123 131567:5 0:65 131567:1 0:13 131567:1 0:19 544580:1 0:3 544580:4 0:2 544580:5 0:40 131567:3 0:60 131567:5 0:16 131567:4 0:1 131567:5 0:12 131567:5 0:2 131567:5 0:4 131567:5 0:86 131567:1 0:10 131567:2 0:7 131567:1 0:13 131567:1 0:11 131567:1 0:166 131567:4 0:7 131567:2 0:8 131567:5 0:63 131567:4 0:16 131567:4 0:80
C	1961	544580	1014	0:59 131567:1 0:58 131567:2 0:48 131567:4 0:4 131567:5 0:1 131567:5 0:69 131567:1 0:13 131567:1 0:19 544580:1 0:3 544580:2 0:4 544580:5 0:2 544580:5 0:33 131567:3 0:12 131567:7 0:29 131567:5 0:46 131567:5 0:61 131567:1 0:16 131567:2 0:26 131567:1 0:10 131567:2 0:7 131567:1 0:13 131567:4 0:126 131567:5 0:7 131567:8 0:19 131567:4 0:14 131567:4 0:7 131567:2 0:8 131567:5 0:63 131567:4 0:16 131567:4 0:51 131567:5 0:16 131567:1 0:15
C	1962	181124	1062	0:306 131567:4 0:22 131567:5 0:8 131567:9 0:5 131567:5 0:121 181124:1 0:121 131567:1 0:10 131567:3 0:407
C	1964	477697	942	0:146 477697:5 0:39 477697:2 0:55 477697:3 0:79 2:3 0:41 3273430:5 0:201 131567:5 0:8 131567:3 0:313
C	1965	131567	523	0:46 131567:5 0:16 131567:5 0:84 131567:4 0:14 131567:4 0:19 131567:8 0:7 131567:5 0:19 131567:4 0:6 131567:4 0:63 131567:4 0:19 131567:1 0:11 131567:1 0:13 131567:1 0:7 131567:2 0:10 131567:1 0:44 131567:1 0:61
C	1966	544580	977	0:22 131567:1 0:58 131567:2 0:48 131567:4 0:4 131567:5 0:1 131567:5 0:69 131567:1 0:13 131567:1 0:19 544580:1 0:3 544580:2 0:4 544580:5 0:2 544580:5 0:33 131567:3 0:12 131567:11 0:1 131567:8 0:17 131567:5 0:6 131567:5 0:16 131567:4 0:1 131567:5 0:12 131567:5 0:2 131567:5 0:4 131567:5 0:91 131567:1 0:10 131567:2 0:7 131567:1 0:13 131567:1 0:11 131567:1 0:19 131567:4 0:63 131567:4 0:6 131567:4 0:19 131567:5 0:7 131567:8 0:19 131567:4 0:14 131567:4 0:7 131567:2 0:8 131567:5 0:63 131567:4 0:16 131567:4 0:81
C	1967	544580	970	0:166 131567:4 0:16 131567:4 0:63 131567:5 0:34 131567:4 0:19 131567:8 0:7 131567:5 0:19 131567:4 0:6 131567:4 0:63 131567:4 0:19 131567:1 0:11 131567:1 0:13 131567:1 0:7 131567:2 0:10 131567:1 0:26 131567:2 0:63 131567:5 0:4 131567:5 0:2 131567:5 0:31 131567:5 0:3 131567:5 0:40 131567:9 0:12 131567:3 0:33 544580:5 0:2 544580:5 0:4 544580:2 0:3 544580:1 0:19 131567:1 0:13 131567:1 0:69 131567:5 0:1 131567:5 0:4 131567:4 0:38
C	1969	544580	1015	0:22 131567:1 0:107 131567:5 0:68 131567:1 0:13 131567:1 0:19 544580:1 0:3 544580:2 0:4 544580:5 0:2 544580:5 0:33 131567:3 0:16 131567:7 0:1 131567:8 0:17 131567:5 0:6 2093779:5 0:35 131567:5 0:2 131567:5 0:4 131567:5 0:46 131567:1 0:16 131567:2 0:26 131567:1 0:10 131567:2 0:7 131567:1 0:13 131567:1 0:11 131567:1 0:19 131567:4 0:63 131567:4 0:6 131567:4 0:19 131567:5 0:7 131567:8 0:19 131567:4 0:14 131567:1 0:3 1071381:5 0:73 131567:3 0:16 131567:4 0:146
C	1970	131567	846	0:46 131567:4 0:16 131567:4 0:63 131567:5 0:8 131567:2 0:7 131567:4 0:14 131567:4 0:19 131567:8 0:7 131567:5 0:29 131567:4 0:63 131567:4 0:19 131567:1 0:11 131567:1 0:13 131567:1 0:7 131567:2 0:10 131567:1 0:44 131567:1 0:46 131567:5 0:4 131567:5 0:2 131567:5 0:12 131567:5 0:1 131567:4 0:16 131567:5 0:6 131567:5 0:17 131567:8 0:1 131567:11 0:12 131567:3 0:70 131567:1 0:13 131567:1 0:70 131567:5 0:1 131567:5 0:4 131567:4 0:38
C	1971	544580	837	0:46 131567:4 0:16 131567:4 0:124 131567:8 0:7 131567:5 0:19 131567:4 0:6 131567:5 0:61 131567:4 0:42 131567:1 0:7 131567:2 0:10 131567:1 0:26 131567:2 0:16 131567:1 0:46 131567:5 0:4 131567:5 0:2 131567:5 0:48 131567:5 0:17 131567:7 0:72 544580:2 0:3 544580:1 0:19 131567:1 0:13 131567:1 0:70 131567:5 0:1 131567:5 0:4 131567:4 0:37
C	1973	562	1022	0:16 562:1 0:201 131567:4 0:16 131567:4 0:63 131567:5 0:8 131567:2 0:7 131567:4 0:14 131567:4 0:19 131567:8 0:7 131567:5 0:19 131567:4 0:6 131567:4 0:63 131567:4 0:19 131567:1 0:11 131567:1 0:13 131567:1 0:7 131567:2 0:10 131567:1 0:26 131567:2 0:16 131567:1 0:46 131567:5 0:4 131567:5 0:2 131567:5 0:12 131567:5 0:1 131567:4 0:16 131567:5 0:6 131567:5 0:17 131567:8 0:1 131567:11 0:12 131567:3 0:74 131567:1 0:13 131567:1 0:70 131567:5 0:1 131567:5 0:4 131567:4 0:38
C	1974	544580	846	0:46 131567:4 0:16 131567:4 0:164 131567:4 0:6 131567:4 0:63 131567:4 0:19 131567:1 0:71 131567:2 0:77 131567:5 0:12 131567:5 0:1 131567:4 0:16 131567:5 0:6 131567:5 0:85 544580:5 0:51 131567:1 0:69 131567:5 0:1 131567:5 0:4 131567:4 0:38
C	1975	181762	1066	0:8 181762:1 0:1 181762:5 0:232 131567:2 0:30 131567:3 0:54 131567:5 0:87 5338:3 0:59 181124:1 0:62 4751:2 0:56 131567:1 0:10 131567:3 0:407
C	1976	5144	894	0:23 131567:3 0:225 716546:4 0:5 131567:2 0:10 131567:4 0:7 131567:5 0:16 131567:1 0:28 5144:5 131567:3 0:1 716546:5 0:56 37727:1 0:92 284811:3 0:17 131567:6 0:43 716546:1 0:9 716546:2 0:34 716546:3 0:4 131567:5 0:13 131567:2 0:22 716545:1 0:2 332648:2 0:195
C	1978	5144	797	0:190 332648:2 0:2 716545:1 0:22 131567:2 0:13 131567:5 0:4 716546:3 0:34 716546:2 0:9 716546:1 0:43 131567:6 0:113 37727:1 0:56 716546:5 0:1 131567:3 5144:5 0:28 131567:1 0:16 131567:5 0:7 131567:4 0:10 131567:2 0:5 716546:4 0:158
C	1979	40324	929	0:190 477697:2 0:55 477697:3 0:13 131567:1 0:20 40324:5 0:20 131567:5 0:15 2:3 0:150 3273430:5 0:72 40324:5 0:13 131567:5 0:3 2:5 0:305
C	1980	544580	976	0:79 131567:2 0:48 131567:4 0:81 131567:1 0:13 131567:1 0:19 544580:1 0:3 544580:2 0:4 544580:5 0:2 544580:5 0:33 131567:3 0:12 131567:11 0:1 131567:8 0:17 131567:5 0:6 131567:5 0:16 131567:4 0:1 131567:5 0:12 131567:5 0:2 131567:5 0:4 131567:5 0:46 131567:1 0:16 131567:2 0:26 131567:1 0:10 131567:2 0:7 131567:1 0:46 131567:4 0:76 131567:4 0:57 131567:4 0:14 131567:4 0:7 131567:2 0:8 131567:5 0:63 131567:4 0:16 131567:4 0:82
C	1981	544580	1002	0:22 131567:1 0:58 131567:2 0:48 131567:4 0:4 131567:5 0:1 131567:5 0:70 131567:1 0:13 131567:1 0:19 544580:1 0:3 544580:2 0:4 544580:5 0:2 544580:5 0:33 131567:3 0:12 131567:11 0:1 131567:8 0:17 131567:5 0:6 131567:5 0:16 131567:4 0:1 131567:5 0:12 131567:5 0:2 131567:5 0:4 131567:5 0:46 131567:1 0:16 131567:2 0:26 131567:1 0:10 131567:2 0:7 131567:1 0:13 131567:1 0:11 131567:1 0:19 131567:4 0:63 131567:4 0:6 131567:4 0:19 131567:5 0:7 131567:8 0:19 131567:4 0:14 131567:4 0:7 131567:2 0:8 131567:5 0:63 131567:4 0:71 131567:5 0:16 131567:1 0:19 131567:1 0:12
C	1982	131567	820	0:45 131567:4 0:16 131567:4 0:133 131567:4 0:19 131567:4 0:6 131567:4 0:50 131567:5 0:159 131567:5 0:4 131567:5 0:2 131567:5 0:48 131567:5 0:17 131567:8 0:1 131567:11 0:84 131567:1 0:13 131567:1 0:123
C	1983	544580	849	0:46 131567:4 0:16 131567:4 0:75 131567:2 0:7 131567:4 0:14 131567:4 0:19 131567:8 0:7 131567:5 0:19 131567:4 0:6 131567:4 0:63 131567:4 0:19 131567:1 0:11 131567:1 0:76 131567:1 0:63 131567:5 0:40 131567:5 0:6 131567:5 0:17 131567:8 0:1 131567:11 0:12 131567:3 0:33 544580:5 0:2 544580:5 0:4 544580:2 0:3 544580:1 0:19 131567:1 0:13 131567:1 0:69 131567:5 0:1 131567:5 0:4 131567:4 0:38
C	1984	544580	853	0:46 131567:4 0:16 131567:4 0:63 131567:5 0:8 131567:2 0:7 131567:4 0:14 131567:4 0:32 131567:5 0:19 131567:4 0:6 131567:4 0:64 131567:4 0:19 131567:1 0:11 131567:1 0:13 131567:1 0:7 131567:2 0:10 131567:1 0:47 131567:1 0:61 131567:5 0:18 131567:4 0:16 131567:5 0:6 131567:5 0:88 544580:5 0:2 544580:5 0:4 544580:2 0:3 544580:1 0:19 131567:1 0:13 131567:1 0:69 131567:5 0:1 131567:5 0:4 131567:4 0:38
C	1985	544580	981	0:83 131567:2 0:48 131567:4 0:4 131567:5 0:1 131567:5 0:69 131567:1 0:13 131567:1 0:19 544580:1 0:3 544580:2 0:65 131567:11 0:1 131567:8 0:17 131567:5 0:6 131567:5 0:16 131567:4 0:1 131567:5 0:12 131567:5 0:2 131567:5 0:4 131567:5 0:46 131567:1 0:16 131567:2 0:26 131567:1 0:10 131567:2 0:7 131567:1 0:13 131567:1 0:11 131567:1 0:19 131567:4 0:63 131567:4 0:6 131567:4 0:19 131567:5 0:7 131567:8 0:19 131567:4 0:14 131567:4 0:7 131567:2 0:8 131567:5 0:63 131567:4 0:16 131567:4 0:51 131567:5 0:16 131567:1 0:9
C	1986	131567	841	0:42 131567:4 0:16 131567:4 0:73 131567:2 0:7 131567:4 0:14 131567:4 0:19 131567:8 0:7 131567:5 0:97 131567:4 0:155 131567:5 0:4 131567:5 0:2 131567:5 0:12 131567:5 0:1 131567:4 0:16 131567:5 0:6 131567:5 0:129 131567:1 0:13 131567:1 0:72 131567:5 0:1 131567:5 0:4 131567:4 0:32
C	1987	544580	1264	0:267 131567:5 0:38 131567:1 0:8 5204:3 0:98 131567:4 0:4 131567:5 0:1 131567:5 0:70 131567:1 0:13 131567:1 0:19 544580:1 0:3 544580:2 0:4 544580:5 0:2 544580:5 0:45 131567:11 0:1 131567:8 0:17 131567:5 0:6 131567:5 0:16 131567:4 0:1 131567:5 0:79 131567:1 0:16 131567:2 0:26 131567:1 0:10 131567:2 0:7 131567:1 0:13 131567:1 0:11 131567:1 0:19 131567:4 0:72 131567:4 0:19 131567:5 0:7 131567:8 0:19 131567:4 0:14 131567:4 0:7 131567:2 0:8 131567:5 0:62 131567:4 0:16 131567:4 0:73 131567:1 0:9
C	1988	1224	931	0:245 477697:3 0:13 131567:1 0:20 40324:5 0:40 2:3 0:41 3273430:5 0:196 131567:5 0:3 2:5 0:312
C	1989	544580	984	0:22 131567:1 0:58 131567:2 0:48 131567:4 0:4 131567:5 0:1 131567:5 0:69 131567:1 0:13 131567:1 0:19 544580:1 0:3 544580:2 0:4 544580:5 0:2 544580:5 0:33 131567:3 0:12 131567:11 0:1 131567:8 0:17 131567:5 0:6 131567:5 0:16 131567:4 0:1 131567:5 0:12 131567:5 0:2 131567:5 0:4 131567:5 0:46 131567:1 0:16 131567:2 0:26 131567:1 0:10 131567:2 0:7 131567:1 0:13 131567:1 0:11 131567:1 0:19 131567:4 0:69 131567:4 0:6 131567:4 0:19 131567:5 0:7 131567:8 0:19 131567:4 0:14 131567:4 0:7 131567:2 0:8 131567:5 0:63 131567:4 0:16 131567:4 0:51 131567:5 0:16 131567:1 0:9
C	1990	544580	846	0:46 131567:4 0:16 131567:4 0:85 131567:3 0:14 131567:4 0:19 131567:8 0:7 131567:5 0:19 131567:4 0:6 131567:4 0:63 131567:4 0:19 131567:1 0:11 131567:1 0:61 131567:2 0:16 131567:1 0:59 131567:5 0:12 131567:5 0:1 131567:4 0:16 131567:5 0:6 131567:5 0:17 131567:8 0:1 131567:3 0:57 544580:5 0:2 544580:5 0:4 544580:2 0:3 544580:1 0:102 131567:5 0:1 131567:5 0:4 131567:4 0:38
C	1991	477697	980	0:2 477697:2 0:36 1884633:1 0:321 131567:5 0:92 3273430:5 0:150 2:3 0:40 40324:5 0:20 131567:1 0:13 477697:3 0:55 477697:2 0:190
C	1992	544580	960	0:180 131567:4 0:63 131567:5 0:8 131567:2 0:7 131567:4 0:14 131567:4 0:66 131567:4 0:63 131567:4 0:19 131567:1 0:11 131567:1 0:13 131567:1 0:7 131567:2 0:10 131567:1 0:26 131567:2 0:16 131567:1 0:46 131567:5 0:4 131567:5 0:2 131567:5 0:39 131567:5 0:6 131567:5 0:17 131567:8 0:1 131567:11 0:48 544580:5 0:119 131567:5 0:1 131567:5 0:4 131567:4 0:37
C	1993	544580	556	0:53 131567:1 0:13 131567:1 0:7 131567:2 0:10 131567:1 0:26 131567:2 0:16 131567:1 0:46 131567:5 0:4 131567:5 0:2 131567:5 0:39 131567:5 0:6 131567:5 0:17 131567:8 0:1 131567:11 0:12 131567:3 0:33 544580:5 0:2 544580:5 0:4 544580:2 0:3 544580:1 0:19 131567:1 0:13 131567:1 0:70 131567:5 0:1 131567:5 0:4 131567:4 0:37
C	1994	181124	595	0:106 181124:3 0:150 131567:5 0:9 131567:2 0:12 131567:2 0:18 131567:4 0:48 131567:5 0:58 5338:3 0:136
C	1995	569360	812	0:9 569360:5 0:196 5125:5 0:2 5125:5 0:8 131567:5 0:4 716546:3 0:51 716546:1 0:205 716546:5 0:1 131567:3 5144:5 0:46 131567:5 0:5 716545:1 0:208
C	1996	2916678	1249	0:45 131567:4 0:14 131567:4 0:39 2916678:5 0:12 131567:4 0:6 131567:4 0:63 131567:4 0:49 131567:4 0:38 131567:1 0:58 131567:2 0:48 131567:4 0:4 131567:5 0:1 131567:5 0:69 131567:1 0:13 131567:1 0:76 131567:3 0:12 131567:11 0:1 131567:8 0:48 131567:2 0:26 131567:5 0:4 131567:5 0:46 131567:1 0:16 131567:2 0:60 131567:1 0:11 131567:1 0:19 131567:4 0:73 131567:4 0:19 131567:5 0:7 131567:8 0:19 131567:4 0:14 131567:4 0:83 131567:4 0:16 131567:4 0:51 131567:5 0:16 131567:1 0:9
C	1997	544580	912	0:198 131567:5 0:8 131567:2 0:7 131567:4 0:14 131567:4 0:34 131567:4 0:19 131567:4 0:6 131567:4 0:62 131567:4 0:19 131567:1 0:11 131567:1 0:13 131567:1 0:7 131567:2 0:10 131567:1 0:26 131567:2 0:16 131567:1 0:46 131567:5 0:4 131567:5 0:2 131567:5 0:12 131567:5 0:1 131567:4 0:16 131567:5 0:6 131567:5 0:17 131567:4 0:63 544580:5 0:2 544580:5 0:4 544580:2 0:3 544580:1 0:19 131567:1 0:13 131567:1 0:70 131567:5 0:1 131567:5 0:4 131567:4 0:38
C	1998	544580	846	0:41 131567:5 0:16 131567:4 0:61 131567:5 0:8 131567:2 0:7 131567:4 0:14 131567:4 0:57 131567:4 0:6 131567:5 0:61 131567:4 0:19 131567:1 0:11 131567:1 0:13 131567:1 0:7 131567:2 0:10 131567:1 0:91 131567:5 0:4 131567:5 0:49 131567:5 0:6 131567:5 0:17 131567:8 0:1 131567:11 0:12 131567:3 0:33 544580:5 0:2 544580:5 0:4 544580:2 0:3 544580:1 0:19 131567:1 0:13 131567:1 0:70 131567:5 0:1 131567:5 0:4 131567:4 0:38
C	1999	544580	846	0:47 131567:4 0:16 131567:4 0:63 131567:5 0:8 131567:2 0:7 131567:4 0:14 131567:4 0:19 131567:8 0:7 131567:5 0:19 131567:4 0:6 131567:4 0:63 131567:4 0:19 131567:1 0:11 131567:1 0:13 131567:1 0:7 131567:2 0:10 131567:1 0:26 131567:2 0:58 131567:5 0:4 131567:5 0:2 131567:5 0:12 131567:5 0:1 131567:4 0:16 131567:5 0:6 131567:5 0:17 131567:3 0:64 544580:5 0:2 544580:5 0:4 544580:2 0:3 544580:1 0:19 131567:1 0:13 131567:1 0:90 1071378:1 0:37
C	2000	1268659	904	0:99 1268:1 0:116 1268659:5 0:26 131567:2 0:13 131567:5 0:9 131567:2 0:12 131567:2 0:18 131567:4 0:53 55193:2 0:222 131567:1 0:3 131567:5 0:3 131567:5 0:5 131567:1 0:256
C	2001	544580	848	0:46 131567:4 0:16 131567:4 0:76 131567:2 0:7 131567:4 0:14 131567:4 0:34 131567:4 0:19 131567:4 0:6 131567:4 0:65 131567:4 0:19 131567:1 0:11 131567:1 0:13 131567:1 0:7 131567:2 0:10 131567:1 0:26 131567:2 0:70 131567:5 0:2 131567:5 0:12 131567:5 0:1 131567:4 0:16 131567:5 0:6 131567:5 0:17 131567:8 0:1 131567:11 0:12 131567:3 0:33 544580:5 0:2 544580:5 0:4 544580:2 0:3 544580:1 0:19 131567:1 0:13 131567:1 0:70 131567:5 0:1 131567:5 0:4 131567:4 0:37
C	2002	477697	944	0:146 477697:5 0:39 477697:2 0:55 477697:3 0:13 131567:1 0:20 40324:5 0:40 2:3 0:41 3273430:5 0:201 131567:5 0:8 131567:3 0:315
C	2004	544580	846	0:46 131567:4 0:16 131567:4 0:60 131567:5 0:8 131567:2 0:7 131567:4 0:14 131567:4 0:19 131567:8 0:7 131567:5 0:19 131567:4 0:6 131567:4 0:63 131567:4 0:19 131567:1 0:11 131567:1 0:13 131567:1 0:7 131567:2 0:160 131567:5 0:6 131567:5 0:17 131567:8 0:1 131567:11 0:12 131567:3 0:33 544580:5 0:2 544580:5 0:4 544580:2 0:3 544580:1 0:19 131567:1 0:13 131567:1 0:70 131567:5 0:1 131567:5 0:4 131567:4 0:38
C	2005	3273430	1281	0:311 40324:5 0:88 3273430:5 0:105 3273430:5 0:497 477697:5 0:226
C	2006	544580	847	0:46 131567:4 0:16 131567:4 0:64 131567:5 0:8 131567:2 0:7 131567:4 0:14 131567:4 0:19 131567:8 0:7 131567:5 0:19 131567:4 0:6 131567:4 0:63 131567:4 0:19 131567:1 0:11 131567:1 0:33 131567:1 0:26 131567:2 0:16 131567:1 0:47 131567:2 0:4 131567:5 0:2 131567:5 0:12 131567:5 0:1 131567:4 0:16 131567:5 0:6 131567:5 0:17 131567:4 0:62 544580:5 0:2 544580:5 0:4 544580:2 0:3 544580:1 0:19 131567:1 0:13 131567:1 0:70 131567:5 0:1 131567:5 0:4 131567:4 0:38
C	2007	181762	973	0:23 131567:3 168172:5 0:281 131567:3 0:10 131567:1 0:5 131567:5 0:3 131567:5 0:3 131567:1 0:159 5338:3 0:86 131567:5 0:22 131567:4 0:18 131567:2 0:12 131567:2 0:9 131567:5 0:49 181762:1 0:3 181762:5 0:89 181124:2 0:115
C	2009	544580	840	0:64 131567:4 0:126 131567:8 0:7 131567:5 0:19 131567:4 0:6 131567:4 0:217 131567:5 0:4 131567:5 0:2 131567:5 0:48 131567:5 0:17 131567:8 0:1 131567:11 0:12 131567:3 0:33 544580:5 0:2 544580:5 0:4 544580:2 0:3 544580:1 0:19 131567:1 0:13 131567:1 0:70 131567:5 0:1 131567:5 0:4 131567:4 0:38
C	2010	544580	846	0:63 131567:4 0:61 131567:5 0:8 131567:2 0:7 131567:4 0:14 131567:4 0:19 131567:8 0:7 131567:5 0:19 131567:4 0:6 131567:4 0:63 131567:4 0:19 131567:1 0:11 131567:1 0:13 131567:1 0:7 131567:2 0:10 131567:1 0:26 131567:2 0:16 131567:1 0:46 131567:5 0:6 131567:2 0:3 131567:5 0:39 131567:5 0:6 131567:5 0:17 131567:8 0:1 131567:11 0:12 131567:3 0:33 544580:5 0:37 131567:1 0:13 131567:1 0:70 131567:5 0:1 131567:5 0:4 131567:4 0:37
C	2011	3273430	945	0:246 477697:3 0:13 131567:1 0:20 40324:5 0:40 2:3 0:41 3273430:5 0:104 3273430:5 0:93 131567:5 0:3 2:5 0:319
C	2012	544580	840	0:49 131567:4 0:161 131567:4 0:19 131567:4 0:6 131567:4 0:19 4779:5 0:38 131567:4 0:19 131567:1 0:11 131567:1 0:13 131567:1 0:7 131567:2 0:10 131567:1 0:41 131567:1 0:74 131567:5 0:1 131567:4 0:16 131567:5 0:6 131567:5 0:83 544580:5 0:2 544580:5 0:4 544580:2 0:3 544580:1 0:19 131567:1 0:13 131567:1 0:70 131567:5 0:1 131567:5 0:4 131567:4 0:37
C	2013	5338	1068	0:8 181762:1 0:1 181762:5 0:231 131567:2 0:29 131567:5 0:26 131567:4 0:19 181124:5 0:90 5338:3 0:61 181124:1 0:62 4751:2 0:56 131567:1 0:10 131567:3 0:409
C	2014	544580	978	0:128 131567:4 0:4 131567:5 0:1 131567:5 0:70 131567:1 0:13 131567:1 0:19 544580:1 0:3 544580:2 0:4 544580:5 0:2 544580:5 0:46 131567:11 0:1 131567:8 0:17 131567:5 0:225 131567:4 0:94 131567:5 0:7 131567:8 0:19 131567:4 0:14 131567:4 0:7 131567:2 0:8 131567:5 0:63 131567:4 0:71 131567:5 0:16 131567:1 0:17
C	2015	477697	993	0:231 477697:2 0:55 477697:3 0:13 131567:1 0:18 131567:7 2:6 0:14 131567:5 0:15 2:2 0:154 3273430:1 0:60 227086:1 0:29 131567:5 0:3 2:5 0:16 477697:5 0:5 477697:1 0:302
C	2016	544580	1038	0:80 131567:2 0:136 131567:1 0:13 131567:1 0:19 544580:1 0:3 544580:2 0:4 544580:5 0:2 544580:5 0:49 131567:11 0:1 131567:5 0:30 131567:5 0:16 131567:4 0:1 131567:5 0:12 131567:5 0:2 131567:5 0:4 131567:5 0:46 131567:1 0:16 131567:2 0:26 131567:1 0:10 131567:2 0:7 131567:1 0:13 131567:1 0:97 131567:4 0:6 131567:4 0:19 131567:5 0:7 131567:8 0:47 131567:2 0:8 131567:5 0:140 131567:5 0:16 131567:1 0:70
C	2017	544580	849	0:46 131567:4 0:16 131567:4 0:63 131567:5 0:17 131567:4 0:14 131567:4 0:39 2916678:5 0:12 131567:4 0:6 131567:4 0:62 131567:4 0:55 131567:2 0:10 131567:1 0:99 131567:5 0:2 131567:5 0:39 131567:5 0:6 131567:5 0:17 131567:8 0:1 131567:11 0:12 131567:3 0:33 544580:5 0:2 544580:5 0:4 544580:2 0:107 131567:5 0:1 131567:5 0:4 131567:4 0:39
C	2018	477697	991	0:414 227086:1 0:214 2:3 0:15 131567:5 0:14 2:6 131567:7 0:18 131567:1 0:13 477697:3 0:55 477697:2 0:186
C	2019	40324	930	0:188 477697:2 0:22 9606:5 0:27 477697:3 0:13 131567:1 0:20 40324:5 0:20 131567:5 0:15 2:3 0:151 3273430:5 0:72 40324:5 0:13 131567:5 0:3 2:5 0:308
C	2020	544580	975	0:79 131567:2 0:48 131567:4 0:4 131567:5 0:1 131567:5 0:69 131567:1 0:13 131567:1 0:19 544580:1 0:3 544580:2 0:4 544580:5 0:2 544580:5 0:33 131567:3 0:12 131567:11 0:1 131567:8 0:17 131567:5 0:6 131567:5 0:16 131567:4 0:1 131567:5 0:12 131567:5 0:2 131567:5 0:4 131567:5 0:90 131567:1 0:10 131567:2 0:7 131567:1 0:13 131567:1 0:11 131567:1 0:19 131567:4 0:63 131567:4 0:6 131567:4 0:19 131567:5 0:7 131567:8 0:19 131567:4 0:14 131567:4 0:7 131567:2 0:8 131567:5 0:63 131567:4 0:16 131567:4 0:51 131567:5 0:16 131567:1 0:9
C	2021	477697	1047	0:2 477697:4 0:348 477697:5 0:16 2:5 0:3 131567:5 0:29 227086:1 0:280 131567:2 0:71 477697:2 0:240
C	2024	40324	964	0:341 2:5 0:3 131567:5 0:13 40324:5 0:72 3273430:5 0:168 131567:5 0:20 40324:5 0:20 131567:1 0:13 477697:3 0:55 477697:2 0:189
C	2025	544580	974	0:80 131567:2 0:48 131567:4 0:4 131567:5 0:1 131567:5 0:101 544580:1 0:3 544580:2 0:4 544580:5 0:2 544580:5 0:46 131567:11 0:1 131567:5 0:30 131567:5 0:16 131567:4 0:1 131567:5 0:79 131567:1 0:16 131567:2 0:60 131567:1 0:11 131567:1 0:19 131567:2 0:76 498019:4 0:19 131567:5 0:7 131567:8 0:19 131567:4 0:14 131567:4 0:81 131567:4 0:16 131567:4 0:51 131567:5 0:16 131567:1 0:14
C	2026	40324	927	0:191 477697:2 0:92 40324:5 0:193 3273430:5 0:72 40324:5 0:13 131567:5 0:3 2:5 0:302
C	2027	477697	1001	0:348 477697:1 0:5 477697:5 0:16 2:5 0:3 131567:5 0:29 227086:1 0:60 3273430:5 0:126 2:3 0:59 2:6 131567:7 0:18 131567:1 0:13 477697:3 0:55 477697:2 0:191
C	2028	544580	830	0:46 131567:4 0:16 131567:4 0:63 131567:5 0:8 131567:2 0:7 131567:4 0:48 131567:4 0:19 131567:4 0:6 131567:4 0:63 131567:4 0:19 131567:1 0:11 131567:1 0:13 131567:1 0:7 131567:2 0:10 131567:1 0:26 131567:2 0:60 131567:5 0:4 131567:5 0:2 131567:5 0:12 131567:5 0:1 131567:4 0:16 131567:5 0:6 131567:5 0:17 131567:4 0:60 544580:5 0:33 131567:1 0:13 131567:1 0:88 1071378:1 0:33
C	2029	544580	970	0:168 131567:4 0:16 131567:4 0:63 131567:5 0:8 131567:2 0:7 131567:4 0:14 131567:4 0:19 131567:8 0:7 131567:5 0:19 131567:4 0:6 131567:4 0:63 131567:4 0:19 131567:1 0:11 131567:1 0:13 131567:1 0:7 131567:2 0:10 131567:1 0:44 131567:1 0:61 131567:5 0:37 131567:5 0:6 131567:5 0:17 131567:8 0:1 131567:11 0:12 131567:3 0:33 544580:5 0:2 544580:5 0:4 544580:2 0:3 544580:1 0:19 131567:1 0:13 131567:1 0:70 131567:5 0:1 131567:5 0:4 131567:4 0:38
C	2030	544580	1117	0:22 131567:1 0:56 131567:2 0:48 131567:4 0:4 131567:5 0:1 131567:5 0:69 131567:1 0:13 131567:1 0:19 544580:1 0:3 544580:2 0:4 544580:5 0:2 544580:5 0:33 131567:3 0:12 131567:11 0:1 131567:8 0:17 131567:5 0:6 131567:5 0:16 131567:2 0:28 131567:5 0:4 131567:5 0:46 131567:1 0:16 131567:2 0:61 131567:1 0:11 131567:1 0:19 131567:4 0:63 131567:4 0:6 131567:4 0:19 131567:5 0:7 131567:8 0:19 131567:4 0:14 131567:4 0:7 131567:2 0:8 131567:5 0:63 131567:4 0:16 131567:4 0:73 131567:1 0:19 131567:1 0:127
U	2031	0	946	0:912
C	2033	544580	847	0:46 131567:4 0:16 131567:4 0:63 131567:5 0:8 131567:2 0:49 131567:8 0:7 131567:5 0:19 131567:4 0:6 131567:4 0:63 131567:4 0:19 131567:1 0:11 131567:1 0:13 131567:1 0:7 131567:2 0:10 131567:1 0:89 131567:5 0:4 131567:5 0:19 131567:5 0:1 131567:4 0:16 131567:5 0:6 131567:5 0:17 131567:8 0:1 131567:11 0:12 131567:3 0:33 544580:5 0:2 544580:5 0:4 544580:2 0:3 544580:1 0:19 131567:1 0:13 131567:1 0:68 131567:5 0:1 131567:5 0:4 131567:4 0:38
C	2035	569360	908	0:2 1760811:4 0:74 147550:1 0:224 131567:5 0:16 131567:1 0:28 5144:5 0:1 131567:2 0:1 716546:5 0:166 147550:5 0:32 716546:1 0:72 5125:5 0:2 5125:5 0:9 5144:2 0:184 569360:5 0:17
C	2036	544580	847	0:46 131567:4 0:16 131567:4 0:62 131567:5 0:8 131567:2 0:7 131567:4 0:14 131567:4 0:19 131567:8 0:7 131567:5 0:19 131567:4 0:6 131567:4 0:63 131567:4 0:19 131567:1 0:11 131567:1 0:13 131567:1 0:7 131567:2 0:10 131567:1 0:26 131567:2 0:16 131567:1 0:48 131567:2 0:4 131567:5 0:2 131567:5 0:38 131567:5 0:6 131567:5 0:17 131567:8 0:1 131567:11 0:12 131567:3 0:33 544580:5 0:2 544580:5 0:4 544580:2 0:3 544580:1 0:19 131567:1 0:13 131567:1 0:126
C	2037	544580	848	0:46 131567:4 0:16 131567:4 0:63 131567:5 0:56 131567:8 0:7 131567:5 0:19 131567:4 0:6 131567:4 0:63 131567:4 0:19 131567:1 0:11 131567:1 0:13 131567:1 0:7 131567:2 0:10 131567:1 0:27 131567:1 0:63 131567:5 0:4 131567:5 0:2 131567:5 0:12 131567:5 0:1 131567:4 0:16 131567:5 0:6 131567:5 0:17 131567:8 0:1 131567:11 0:12 131567:3 0:33 544580:5 0:2 544580:5 0:4 544580:2 0:3 544580:1 0:19 131567:1 0:13 131567:1 0:70 131567:5 0:1 131567:5 0:4 131567:4 0:38
C	2038	5125	808	0:199 5144:2 0:9 5125:5 0:2 5125:5 0:8 131567:5 0:4 716546:3 0:83 147550:5 0:167 716546:5 0:1 131567:3 5144:5 0:28 131567:1 0:16 131567:5 0:5 716545:1 0:207
C	2039	3273430	942	0:261 131567:1 0:18 131567:7 2:4 0:60 2:1 0:125 3273430:5 0:60 227086:1 0:29 131567:5 0:35 477697:1 0:295
C	2042	544580	852	0:46 131567:4 0:86 131567:5 0:8 131567:2 0:7 131567:4 0:14 131567:4 0:19 131567:8 0:7 131567:5 0:19 131567:4 0:6 131567:4 0:63 131567:4 0:19 131567:1 0:11 131567:1 0:13 131567:1 0:7 131567:2 0:10 131567:1 0:42 131567:1 0:46 131567:5 0:4 131567:5 0:2 131567:5 0:12 131567:5 0:1 131567:4 0:16 131567:5 0:6 131567:5 0:17 131567:8 0:1 131567:11 0:12 131567:3 0:33 544580:5 0:2 544580:5 0:4 544580:2 0:3 544580:1 0:19 131567:1 0:13 131567:1 0:71 131567:5 0:1 131567:5 0:4 131567:4 0:38
C	2043	490731	1168	0:41 490731:3 0:7 490731:5 0:13 490731:1 0:427 131567:3 0:10 131567:1 0:186 5338:3 0:85 131567:3 0:22 131567:4 0:65 131567:2 0:253
C	2044	477697	949	0:244 477697:3 0:13 131567:1 0:18 131567:7 2:6 0:14 131567:5 0:15 2:3 0:22 2:1 0:125 3273430:5 0:60 227086:1 0:29 131567:5 0:3 2:5 0:16 477697:5 0:5 477697:1 0:303
C	2045	1224	916	0:239 477697:3 0:13 131567:1 0:20 40324:5 0:20 131567:5 0:15 2:3 0:150 3273430:5 0:96 2:5 0:302
C	2046	181762	1048	0:7 181762:1 0:1 181762:5 0:230 131567:2 0:30 131567:5 0:26 131567:4 0:22 131567:5 0:8 131567:9 0:5 131567:5 0:59 5338:3 0:59 181124:1 0:108 131567:1 0:10 131567:3 0:405
C	2047	101201	826	0:220 131567:2 0:13 131567:5 0:85 131567:5 0:1 131567:8 0:146 101201:4 0:78 131567:5 0:7 131567:4 0:10 131567:2 0:197
C	2048	477697	1277	0:266 477697:5 0:34 477697:4 0:345 2:5 0:3 131567:5 0:13 40324:5 0:72 3273430:5 0:150 2:3 0:15 131567:5 0:61 477697:3 0:55 477697:2 0:187
C	2049	544580	697	0:51 131567:4 0:16 131567:4 0:128 131567:8 0:7 131567:5 0:19 131567:4 0:6 131567:4 0:62 131567:4 0:19 131567:1 0:11 131567:1 0:13 131567:1 0:7 131567:2 0:100 131567:5 0:4 131567:5 0:2 131567:5 0:12 131567:5 0:1 131567:4 0:16 131567:5 0:6 131567:5 0:17 131567:8 0:1 131567:3 0:71 544580:5 0:4 544580:2
C	2050	544580	846	0:46 131567:4 0:16 131567:4 0:62 131567:5 0:8 131567:2 0:7 131567:4 0:14 131567:4 0:19 131567:8 0:7 131567:5 0:19 131567:4 0:6 131567:4 0:63 131567:4 0:19 131567:1 0:11 131567:1 0:13 131567:1 0:7 131567:2 0:10 131567:1 0:43 131567:1 0:60 131567:5 0:12 131567:5 0:1 131567:4 0:16 131567:5 0:6 131567:5 0:17 131567:8 0:1 131567:11 0:48 544580:5 0:2 544580:5 0:4 544580:2 0:3 544580:1 0:19 131567:1 0:13 131567:1 0:70 131567:5 0:1 131567:5 0:4 131567:4 0:38
C	2051	544580	853	0:46 131567:4 0:16 131567:4 0:63 131567:5 0:8 131567:2 0:7 131567:4 0:14 131567:4 0:56 131567:4 0:75 131567:4 0:19 131567:1 0:11 131567:1 0:13 131567:1 0:7 131567:2 0:10 131567:1 0:90 131567:5 0:4 131567:5 0:2 131567:5 0:39 131567:5 0:6 131567:5 0:17 131567:8 0:1 131567:11 0:12 131567:3 0:33 544580:5 0:2 544580:5 0:4 544580:2 0:3 544580:1 0:19 131567:1 0:13 131567:1 0:130
C	2052	131567	850	0:202 131567:4 0:130 131567:1 0:13 131567:1 0:7 131567:2 0:122 131567:5 0:2 131567:5 0:12 131567:5 0:1 131567:4 0:16 131567:5 0:6 131567:5 0:128 131567:1 0:13 131567:1 0:68 131567:5 0:1 131567:5 0:4 131567:4 0:38
C	2053	477697	953	0:188 477697:2 0:55 477697:3 0:13 131567:1 0:45 131567:5 0:15 2:3 0:22 2:1 0:127 3273430:5 0:60 227086:1 0:29 131567:5 0:3 2:5 0:16 477697:5 0:5 477697:1 0:304
C	2054	544580	978	0:22 131567:1 0:58 131567:2 0:48 131567:4 0:4 131567:5 0:1 131567:5 0:102 544580:1 0:3 544580:2 0:4 544580:5 0:2 544580:5 0:33 131567:3 0:12 131567:11 0:1 131567:8 0:17 131567:5 0:6 131567:5 0:16 131567:4 0:1 131567:5 0:19 131567:5 0:4 131567:5 0:46 131567:1 0:16 131567:2 0:26 131567:1 0:10 131567:2 0:7 131567:1 0:13 131567:1 0:11 131567:1 0:19 131567:4 0:73 131567:4 0:19 131567:5 0:7 131567:8 0:19 131567:4 0:14 131567:4 0:84 131567:4 0:16 131567:4 0:84
C	2055	3273430	949	0:189 477697:2 0:91 40324:5 0:40 2:3 0:41 3273430:5 0:26 3273430:2 0:82 3273430:5 0:93 131567:5 0:3 2:5 0:318
C	2056	181762	1057	0:8 181762:1 0:1 181762:5 0:225 131567:2 0:30 131567:5 0:26 131567:4 0:49 131567:5 0:58 5338:3 0:59 181124:1 0:119 131567:1 0:10 131567:3 0:408
C	2057	544580	972	0:22 131567:1 0:58 131567:2 0:63 131567:5 0:98 544580:1 0:3 544580:2 0:4 544580:5 0:2 544580:5 0:45 131567:11 0:1 131567:8 0:17 131567:5 0:6 131567:5 0:16 131567:4 0:1 131567:5 0:12 131567:5 0:2 131567:5 0:4 131567:5 0:46 131567:1 0:16 131567:2 0:26 131567:1 0:10 131567:2 0:7 131567:1 0:13 131567:1 0:11 131567:1 0:19 131567:4 0:64 131567:4 0:6 131567:4 0:86 131567:2 0:8 131567:5 0:63 131567:4 0:16 131567:4 0:51 131567:5 0:27
C	2058	477697	1274	0:264 477697:5 0:34 477697:4 0:345 2:5 0:3 131567:5 0:13 40324:5 0:72 3273430:5 0:150 2:3 0:15 131567:5 0:20 40324:5 0:20 131567:1 0:13 477697:3 0:55 477697:2 0:188
C	2059	40324	1065	0:436 2:5 0:3 131567:5 0:13 40324:5 0:72 3273430:5 0:196 40324:5 0:20 131567:1 0:265
C	2062	477697	1272	0:266 477697:5 0:34 477697:4 0:340 2:5 0:3 131567:5 0:13 40324:5 0:238 131567:5 0:20 40324:5 0:20 131567:1 0:13 477697:3 0:55 477697:2 0:196
C	2063	1268659	919	0:191 1268659:5 0:26 131567:2 0:13 131567:5 0:9 131567:2 0:12 131567:2 0:18 131567:4 0:52 55193:2 0:178 131567:5 0:40 131567:5 0:3 131567:5 0:5 131567:1 0:300
C	2064	544580	851	0:47 131567:4 0:16 131567:4 0:63 131567:5 0:8 131567:2 0:7 131567:4 0:38 131567:7 0:7 131567:5 0:19 131567:4 0:6 131567:4 0:63 131567:4 0:19 131567:1 0:11 131567:1 0:13 131567:1 0:7 131567:2 0:10 131567:1 0:26 131567:2 0:16 131567:1 0:46 131567:5 0:4 131567:5 0:2 131567:5 0:49 131567:5 0:17 131567:4 0:62 544580:5 0:2 544580:5 0:4 544580:2 0:3 544580:1 0:19 131567:1 0:13 131567:1 0:72 131567:5 0:1 131567:5 0:4 131567:4 0:38
C	2065	1268659	968	0:23 131567:3 0:5 5204:2 0:331 131567:5 0:271 131567:4 0:18 131567:2 0:12 131567:2 0:22 5125:5 0:28 1268659:5 0:112 1268:1 0:83
C	2066	181762	879	0:198 1268659:5 0:3 131567:1 0:22 131567:2 0:13 131567:5 0:9 131567:2 0:12 131567:2 0:58 131567:9 0:1 131567:9 0:40 181762:3 0:15 5338:3 0:156 131567:1 0:3 131567:5 0:3 131567:5 0:5 131567:1 0:254
C	2067	544580	961	0:22 131567:1 0:220 544580:1 0:3 544580:4 0:46 131567:3 0:12 131567:7 0:190 131567:1 0:10 131567:2 0:7 131567:1 0:13 131567:1 0:11 131567:1 0:87 131567:4 0:6 131567:4 0:19 131567:5 0:7 131567:8 0:37 131567:4 0:7 131567:2 0:8 131567:5 0:79 131567:4 0:70 131567:1 0:14
C	2068	5338	1149	0:541 181124:5 0:14 4751:2 0:62 181124:1 0:59 5338:3 0:64 3239874:1 291208:6 0:74 131567:5 0:30 131567:2 0:224 181762:5 0:1 181762:1 0:15
C	2069	544580	850	0:46 131567:4 0:16 131567:4 0:64 131567:5 0:8 131567:2 0:84 131567:4 0:6 131567:4 0:41 498019:5 0:5 131567:5 0:9 131567:4 0:19 131567:1 0:11 131567:1 0:13 131567:1 0:7 131567:2 0:10 131567:1 0:26 131567:2 0:16 131567:1 0:46 131567:5 0:4 131567:5 0:2 131567:5 0:12 131567:5 0:1 131567:4 0:16 131567:5 0:6 131567:5 0:17 131567:8 0:1 131567:11 0:48 544580:5 0:2 544580:5 0:4 544580:2 0:3 544580:1 0:19 131567:1 0:13 131567:1 0:70 131567:5 0:1 131567:5 0:4 131567:4 0:38
C	2070	544580	984	0:22 131567:1 0:59 131567:2 0:136 131567:1 0:13 131567:1 0:19 544580:1 0:3 544580:2 0:4 544580:5 0:2 544580:5 0:33 131567:3 0:12 131567:11 0:1 131567:5 0:3 168172:5 0:22 131567:5 0:16 131567:4 0:1 131567:5 0:12 131567:5 0:2 131567:5 0:4 131567:5 0:46 131567:1 0:16 131567:2 0:26 131567:1 0:10 131567:2 0:7 131567:1 0:13 131567:1 0:11 131567:1 0:19 131567:4 0:100 131567:5 0:7 131567:8 0:19 131567:4 0:14 131567:4 0:7 131567:2 0:8 131567:5 0:63 131567:4 0:94 131567:1 0:9
C	2071	40324	947	0:274 477697:3 0:13 131567:1 0:20 40324:5 0:20 131567:5 0:15 2:3 0:242 131567:5 0:3 2:5 0:299
C	2072	544580	859	0:46 131567:4 0:16 131567:4 0:86 131567:4 0:14 131567:4 0:19 131567:8 0:7 131567:5 0:19 131567:4 0:6 131567:4 0:73 1071383:2 0:23 131567:1 0:68 131567:2 0:16 131567:1 0:46 131567:5 0:4 131567:5 0:2 131567:5 0:39 131567:5 0:6 131567:5 0:17 131567:2 0:66 544580:5 0:2 544580:5 0:4 544580:2 0:3 544580:1 0:19 131567:1 0:13 131567:1 0:87 131567:2 0:37
C	2073	40324	971	0:244 477697:3 0:13 131567:1 0:20 40324:5 0:191 3273430:5 0:72 40324:5 0:13 131567:5 0:3 2:5 0:352
C	2074	477697	959	0:189 477697:2 0:55 477697:3 0:13 131567:1 0:18 131567:7 2:6 0:14 131567:5 0:15 2:3 0:22 2:1 0:128 3273430:5 0:60 227086:1 0:59 477697:5 0:5 477697:1 0:307
C	2075	131567	917	0:260 131567:5 0:9 131567:2 0:71 131567:9 0:1 131567:9 0:225 131567:5 0:3 131567:5 0:5 131567:1 0:273
C	2076	28985	968	0:45 451864:5 0:2 4893:10 0:18 147537:5 0:18 4910:4 0:43 28985:5 0:2 28985:5 0:22 4910:2 0:38 4910:5 0:2 4910:3 0:54 4910:5 0:56 131567:4 0:17 131567:5 0:6 131567:5 0:16 131567:4 0:1 131567:5 0:12 131567:5 0:43 147537:6 0:56 131567:1 0:53 4910:4 0:21 131567:2 0:85 131567:4 0:53 131567:3 0:5 4893:1 0:6 4910:4 0:93 4910:5 0:52 4910:3 0:4 4910:1
C	2077	544580	847	0:46 131567:4 0:16 131567:4 0:63 131567:5 0:8 131567:2 0:24 131567:4 0:34 131567:4 0:19 131567:4 0:6 131567:4 0:65 131567:3 0:19 131567:1 0:11 131567:1 0:13 131567:1 0:7 131567:2 0:10 131567:1 0:43 131567:1 0:46 131567:5 0:4 131567:5 0:2 131567:5 0:12 131567:5 0:1 131567:4 0:16 131567:5 0:6 131567:5 0:17 131567:4 0:27 131567:3 0:33 544580:5 0:2 544580:5 0:4 544580:2 0:3 544580:1 0:19 131567:1 0:13 131567:1 0:70 131567:5 0:1 131567:5 0:4 131567:4 0:38
C	2078	544580	844	0:47 131567:4 0:16 131567:4 0:63 131567:5 0:36 131567:4 0:19 131567:8 0:7 131567:5 0:19 131567:4 0:6 131567:4 0:61 131567:3 0:19 131567:1 0:11 131567:1 0:13 131567:1 0:7 131567:2 0:10 131567:1 0:148 131567:5 0:6 131567:5 0:81 544580:5 0:2 544580:5 0:4 544580:2 0:3 544580:1 0:19 131567:1 0:13 131567:1 0:71 131567:5 0:1 131567:5 0:4 131567:4 0:38
C	2080	477697	951	0:188 477697:2 0:58 477697:1 0:13 131567:1 0:18 131567:7 2:6 0:14 131567:5 0:15 2:3 0:22 2:1 0:126 3273430:5 0:58 227086:1 0:29 131567:5 0:3 2:5 0:16 477697:5 0:5 477697:1 0:304
C	2081	5144	883	0:249 716546:4 0:5 131567:2 0:10 131567:4 0:7 131567:5 0:16 131567:1 0:28 5144:5 131567:3 0:1 716546:5 0:56 37727:1 0:113 131567:6 0:87 716546:3 0:4 131567:5 0:37 716545:1 0:2 332648:2 0:187
C	2082	544580	969	0:22 131567:1 0:101 131567:4 0:4 131567:5 0:1 131567:5 0:102 544580:1 0:3 544580:2 0:4 544580:5 0:2 544580:5 0:33 131567:3 0:12 131567:11 0:1 131567:8 0:17 131567:5 0:6 131567:5 0:16 131567:1 0:12 131567:4 0:5 131567:5 0:2 131567:5 0:4 131567:5 0:45 131567:1 0:16 131567:2 0:26 131567:1 0:10 131567:2 0:7 131567:1 0:13 131567:1 0:11 131567:1 0:19 131567:4 0:87 131567:5 0:7 131567:8 0:19 131567:4 0:14 131567:4 0:7 131567:2 0:8 131567:5 0:63 131567:4 0:16 131567:4 0:91
C	2083	76775	1028	0:70 76775:1 0:292 55193:5 0:14 55193:3 0:16 131567:5 0:3 131567:5 0:3 131567:1 0:69 452284:6 0:60 76775:1 0:5 76775:5 0:11 55193:5 0:11 76775:1 0:62 76775:2 0:51 131567:2 0:12 131567:2 0:29 55193:4 0:74 76775:1 0:163
C	2084	2093779	984	0:22 131567:1 0:59 131567:1 0:48 131567:4 0:4 131567:5 0:1 131567:5 0:70 131567:1 0:13 131567:1 0:75 131567:3 0:12 131567:11 0:1 131567:8 0:17 131567:5 0:6 2093779:5 0:34 131567:5 0:2 131567:5 0:4 131567:5 0:46 131567:1 0:16 131567:2 0:26 131567:1 0:10 131567:2 0:7 131567:1 0:13 131567:1 0:11 131567:1 0:19 131567:4 0:63 131567:4 0:6 131567:4 0:57 131567:4 0:14 131567:4 0:7 131567:2 0:8 131567:5 0:63 131567:4 0:16 131567:4 0:91
C	2085	477697	951	0:188 477697:2 0:56 477697:3 0:13 131567:1 0:18 131567:7 2:4 0:34 2:3 0:22 2:1 0:128 3273430:5 0:60 227086:1 0:29 131567:5 0:3 2:5 0:16 477697:5 0:5 477697:1 0:302
C	2086	40324	1363	0:340 131567:3 0:43 131567:4 0:18 477697:4 0:341 2:5 0:3 131567:5 0:13 40324:5 0:63 3273430:5 0:150 2:3 0:15 131567:5 0:20 40324:5 0:20 131567:1 0:69 477697:2 0:187
C	2088	544580	936	0:12 4956:5 0:5 131567:1 0:58 131567:2 0:48 131567:4 0:84 131567:1 0:13 131567:1 0:19 544580:1 0:3 544580:2 0:4 544580:5 0:2 544580:5 0:33 131567:3 0:12 131567:11 0:1 131567:8 0:17 131567:5 0:6 131567:5 0:16 131567:4 0:1 131567:5 0:79 131567:1 0:16 131567:2 0:26 131567:1 0:10 131567:2 0:7 131567:1 0:13 131567:1 0:11 131567:1 0:87 131567:4 0:6 131567:4 0:19 131567:5 0:7 131567:8 0:19 131567:4 0:14 131567:4 0:7 131567:2 0:8 131567:5 0:63 131567:4 0:16 131567:4 0:39
C	2090	40324	1014	0:277 477697:2 0:55 477697:3 0:13 131567:1 0:20 40324:5 0:20 131567:5 0:15 2:3 0:225 40324:5 0:13 131567:5 0:3 2:5 0:305
C	2091	544580	849	0:46 131567:4 0:16 131567:4 0:63 131567:5 0:8 131567:2 0:7 131567:4 0:14 131567:4 0:19 131567:8 0:7 131567:5 0:19 131567:4 0:6 131567:4 0:96 131567:1 0:13 131567:1 0:7 131567:2 0:10 131567:1 0:26 131567:2 0:16 131567:1 0:46 131567:5 0:4 131567:5 0:2 131567:5 0:12 131567:5 0:1 131567:4 0:16 131567:5 0:6 131567:5 0:50 131567:3 0:33 544580:5 0:2 544580:5 0:4 544580:2 0:3 544580:1 0:19 131567:1 0:13 131567:1 0:70 131567:5 0:1 131567:5 0:4 131567:4 0:38
C	2092	40324	972	0:2 477697:4 0:346 2:5 0:3 131567:5 0:13 40324:5 0:72 3273430:5 0:168 131567:5 0:20 40324:5 0:20 131567:1 0:13 477697:3 0:243
C	2093	37727	757	0:179 131567:2 0:59 716546:2 0:9 716546:1 0:43 131567:6 0:113 37727:1 0:96 131567:1 0:16 131567:5 0:7 131567:4 0:10 131567:2 0:5 716546:4 0:158
C	2094	544580	856	0:46 131567:4 0:16 131567:4 0:63 131567:5 0:38 131567:4 0:34 131567:4 0:19 131567:4 0:6 131567:4 0:88 131567:1 0:11 131567:1 0:13 131567:1 0:7 131567:2 0:10 131567:1 0:26 131567:2 0:16 131567:1 0:80 131567:5 0:1 131567:4 0:16 131567:5 0:6 131567:5 0:17 131567:8 0:1 131567:11 0:12 131567:3 0:33 544580:5 0:2 544580:5 0:4 544580:2 0:3 544580:1 0:19 131567:1 0:13 131567:1 0:71 131567:5 0:1 131567:5 0:4 131567:4 0:38
C	2095	544580	839	0:46 131567:4 0:16 131567:4 0:63 131567:5 0:8 131567:2 0:7 131567:4 0:14 131567:4 0:19 131567:8 0:7 131567:5 0:19 131567:4 0:6 131567:4 0:62 131567:4 0:19 131567:1 0:11 131567:1 0:13 131567:1 0:7 131567:2 0:10 131567:1 0:26 131567:2 0:16 131567:1 0:45 131567:5 0:4 131567:5 0:2 131567:5 0:12 131567:5 0:1 131567:4 0:16 131567:5 0:6 131567:5 0:84 544580:5 0:2 544580:5 0:4 544580:2 0:3 544580:1 0:19 131567:1 0:13 131567:1 0:62 131567:5 0:1 131567:5 0:4 131567:4 0:38
C	2096	544580	848	0:46 131567:4 0:81 131567:5 0:8 131567:2 0:7 131567:4 0:14 131567:4 0:19 131567:8 0:7 131567:5 0:19 131567:4 0:6 131567:4 0:63 131567:4 0:19 131567:1 0:11 131567:1 0:13 131567:1 0:7 131567:2 0:10 131567:1 0:26 131567:2 0:16 131567:1 0:46 131567:5 0:4 131567:5 0:2 131567:5 0:12 131567:5 0:1 131567:4 0:16 131567:5 0:6 131567:5 0:17 131567:8 0:1 131567:11 0:12 131567:3 0:33 544580:5 0:2 544580:5 0:4 544580:2 0:3 544580:1 0:19 131567:1 0:13 131567:1 0:70 131567:5 0:1 131567:5 0:4 131567:4 0:38
C	2097	3273430	1032	0:363 131567:7 2:6 0:14 131567:5 0:15 2:3 0:22 2:1 0:127 3273430:5 0:60 227086:1 0:29 131567:5 0:3 2:5 0:327
C	2098	544580	850	0:46 131567:4 0:16 131567:4 0:63 131567:5 0:8 131567:2 0:7 131567:4 0:14 131567:4 0:19 131567:8 0:7 131567:5 0:19 131567:4 0:6 131567:4 0:65 131567:4 0:19 131567:1 0:11 131567:1 0:59 131567:2 0:16 131567:1 0:61 131567:5 0:39 131567:5 0:6 131567:5 0:17 131567:8 0:1 131567:11 0:12 131567:3 0:33 544580:5 0:2 544580:5 0:4 544580:2 0:3 544580:1 0:19 131567:1 0:13 131567:1 0:69 131567:5 0:1 131567:5 0:4 131567:4 0:38
C	2099	544580	1066	0:160 131567:2 0:61 131567:5 0:70 131567:1 0:13 131567:1 0:19 544580:1 0:3 544580:2 0:4 544580:5 0:2 544580:5 0:33 131567:3 0:12 131567:11 0:1 131567:8 0:17 131567:5 0:6 131567:5 0:16 131567:4 0:1 131567:5 0:12 131567:5 0:2 131567:5 0:4 131567:5 0:64 131567:1 0:26 131567:1 0:10 131567:2 0:7 131567:1 0:13 131567:1 0:11 131567:1 0:19 131567:4 0:63 131567:4 0:6 131567:4 0:19 131567:5 0:7 131567:8 0:19 131567:4 0:14 131567:4 0:7 131567:2 0:8 131567:5 0:63 131567:4 0:111
C	2100	181762	1066	0:11 181762:5 0:227 131567:2 0:29 131567:5 0:26 131567:4 0:22 131567:5 0:8 131567:9 0:5 131567:5 0:59 5338:3 0:59 181124:1 0:124 131567:1 0:10 131567:3 0:409
C	2101	181124	855	0:48 131567:4 0:16 131567:4 0:68 131567:5 0:8 131567:2 0:49 131567:8 0:7 131567:5 0:19 131567:4 0:6 131567:4 0:50 181124:5 0:32 131567:1 0:11 131567:1 0:13 131567:1 0:7 131567:2 0:10 131567:1 0:26 131567:2 0:16 131567:1 0:46 131567:5 0:4 131567:5 0:2 131567:5 0:12 131567:5 0:1 131567:4 0:16 131567:5 0:6 131567:5 0:123 131567:1 0:13 131567:1 0:69 131567:5 0:1 131567:5 0:4 131567:4 0:38
C	2103	544580	836	0:301 131567:3 0:19 131567:1 0:11 131567:1 0:13 131567:1 0:7 131567:2 0:10 131567:1 0:26 131567:2 0:16 131567:1 0:46 131567:5 0:4 131567:5 0:2 131567:5 0:48 131567:5 0:17 131567:8 0:1 131567:3 0:57 544580:5 0:2 544580:5 0:4 544580:2 0:3 544580:1 0:19 131567:1 0:82 131567:5 0:1 131567:5 0:4 131567:4 0:38
C	2104	477697	1032	0:273 477697:2 0:57 477697:3 0:13 131567:1 0:18 131567:7 2:4 0:58 2:1 0:126 3273430:5 0:59 227086:1 0:29 131567:5 0:33 477697:1 0:302
C	2105	131567	982	0:62 4893:5 0:16 131567:2 0:48 131567:4 0:4 131567:5 0:1 131567:5 0:66 131567:1 0:13 131567:1 0:37 544580:5 0:33 131567:3 0:12 131567:8 0:38 131567:5 0:16 131567:4 0:1 131567:5 0:12 131567:5 0:2 131567:5 0:4 131567:5 0:64 131567:1 0:26 131567:1 0:10 131567:2 0:7 131567:1 0:13 131567:1 0:11 131567:1 0:19 131567:4 0:63 131567:4 0:6 131567:4 0:19 131567:5 0:53 131567:4 0:7 131567:2 0:8 131567:5 0:63 131567:4 0:107
C	2106	131567	906	0:265 131567:2 0:12 131567:2 0:18 131567:4 0:19 181124:5 0:207 1279:5 0:34 131567:1 0:3 131567:5 0:3 131567:5 0:5 131567:1 0:276
C	2107	544580	847	0:63 131567:4 0:144 131567:4 0:19 131567:4 0:6 131567:4 0:86 131567:1 0:11 131567:1 0:13 131567:1 0:7 131567:2 0:10 131567:1 0:42 131567:1 0:46 131567:5 0:4 131567:5 0:2 131567:5 0:12 131567:5 0:1 131567:4 0:16 131567:5 0:6 131567:5 0:84 544580:5 0:2 544580:5 0:4 544580:2 0:3 544580:1 0:19 131567:1 0:13 131567:1 0:71 131567:5 0:1 131567:5 0:4 131567:4 0:38
C	2108	232080	809	0:3 232080:1 0:10 232080:5 0:8 232080:8 0:155 147550:2 0:5 147550:2 0:16 131567:2 0:34 232080:2 0:63 5125:5 0:15 147550:1 0:70 222543:5 0:14 5125:5 0:7 5125:1 0:1 232080:1 5125:5 0:4 5125:2 0:3 131567:2 0:40 716546:5 0:1 131567:5 0:2 222543:1 0:7 131567:1 0:17 131567:5 0:15 131567:5 0:5 716545:1 0:10 716545:3 0:9 34397:1 0:78 232080:5 0:11 232080:3 0:68 232080:7 0:13
C	2109	544580	851	0:45 131567:4 0:16 131567:4 0:63 131567:5 0:8 131567:2 0:7 131567:5 0:38 131567:8 0:7 131567:5 0:19 131567:4 0:6 131567:4 0:61 131567:4 0:19 131567:1 0:11 131567:1 0:13 131567:1 0:7 131567:2 0:10 131567:1 0:26 131567:2 0:16 131567:1 0:46 131567:5 0:4 131567:5 0:2 131567:5 0:38 131567:5 0:6 131567:5 0:17 131567:4 0:31 131567:1 0:33 544580:5 0:2 544580:5 0:4 544580:2 0:3 544580:1 0:19 131567:1 0:13 131567:1 0:71 131567:5 0:1 131567:5 0:4 131567:4 0:38
C	2110	544580	842	0:46 131567:4 0:16 131567:4 0:83 131567:4 0:14 131567:4 0:19 131567:8 0:7 131567:5 0:19 131567:4 0:6 131567:4 0:63 131567:4 0:19 131567:1 0:11 131567:1 0:124 131567:5 0:4 131567:5 0:2 131567:5 0:36 131567:5 0:6 131567:5 0:17 131567:8 0:1 131567:11 0:12 131567:3 0:33 544580:5 0:2 544580:5 0:4 544580:2 0:3 544580:1 0:19 131567:1 0:13 131567:1 0:124
C	2111	40324	910	0:175 477697:5 0:55 477697:3 0:13 131567:1 0:20 40324:5 0:193 3273430:5 0:72 40324:5 0:13 131567:5 0:3 2:5 0:298
C	2112	131567	847	0:46 131567:4 0:16 131567:4 0:63 131567:5 0:8 131567:2 0:7 131567:4 0:54 131567:4 0:19 131567:4 0:6 131567:4 0:63 131567:4 0:19 131567:1 0:11 131567:1 0:13 131567:1 0:7 131567:2 0:10 131567:1 0:26 131567:2 0:16 131567:1 0:60 131567:5 0:38 131567:5 0:6 131567:5 0:17 131567:8 0:1 131567:11 0:12 131567:3 0:73 131567:1 0:13 131567:1 0:70 131567:5 0:1 131567:5 0:4 131567:4 0:37
C	2113	5144	753	0:176 131567:5 451864:4 0:54 716546:2 0:9 716546:1 0:220 716546:5 0:1 131567:3 5144:5 0:28 131567:1 0:16 131567:5 0:7 131567:4 0:10 131567:2 0:5 716546:4 0:152
C	2114	131567	851	0:46 131567:4 0:16 131567:4 0:76 36035:5 0:4 131567:4 0:14 131567:4 0:36 131567:4 0:19 131567:4 0:6 131567:4 0:63 131567:4 0:19 131567:1 0:11 131567:1 0:13 131567:1 0:7 131567:2 0:10 131567:1 0:26 131567:2 0:16 131567:1 0:46 131567:5 0:4 131567:5 0:2 131567:5 0:12 131567:5 0:1 131567:4 0:16 131567:5 0:6 131567:5 0:17 131567:3 0:66 544580:5 0:37 131567:1 0:13 131567:1 0:68 131567:5 0:1 131567:5 0:4 131567:4 0:38
C	2115	477697	988	0:220 477697:2 0:88 131567:7 2:6 0:14 131567:5 0:15 2:3 0:258 2:5 0:16 477697:5 0:5 477697:1 0:304
C	2116	544580	957	0:79 131567:2 0:166 544580:1 0:3 544580:2 0:4 544580:5 0:119 131567:4 0:1 131567:5 0:124 131567:1 0:10 131567:2 0:7 131567:1 0:13 131567:1 0:11 131567:1 0:19 131567:4 0:120 131567:4 0:14 131567:4 0:7 131567:2 0:8 131567:5 0:63 131567:4 0:16 131567:4 0:71 131567:1 0:15
C	2117	569360	807	0:9 569360:5 0:181 5144:2 0:9 5125:5 0:2 5125:5 0:8 131567:5 0:4 716546:3 0:51 716546:1 0:32 147550:5 0:210 131567:1 0:16 131567:5 0:5 716545:1 0:208
C	2118	544580	975	0:22 131567:1 0:107 131567:4 0:4 131567:5 0:1 131567:5 0:105 544580:2 0:4 544580:5 0:2 544580:5 0:44 131567:11 0:1 131567:4 0:32 131567:5 0:17 131567:1 0:26 131567:5 0:4 131567:5 0:46 131567:1 0:16 131567:2 0:76 131567:1 0:19 131567:4 0:63 131567:4 0:6 131567:4 0:19 131567:5 0:7 131567:8 0:19 131567:4 0:14 131567:4 0:7 131567:2 0:8 131567:5 0:137 131567:5 0:16 131567:1 0:11
C	2119	76775	998	0:9 76775:5 0:88 76775:2 0:134 55193:4 0:29 131567:2 0:117 76775:1 0:17 76775:1 0:11 55193:5 0:11 76775:5 0:5 76775:1 0:39 76775:2 0:68 55193:1 0:24 131567:1 0:3 131567:5 0:3 131567:5 0:16 55193:3 0:14 55193:5 0:47 76775:1 0:199 76775:1 0:50 76775:1 0:29
C	2122	544580	945	0:17 131567:1 0:106 131567:4 0:4 131567:5 0:1 131567:5 0:109 544580:5 0:56 131567:8 0:17 131567:5 0:6 131567:5 0:16 131567:4 0:1 131567:5 0:78 131567:1 0:75 131567:1 0:128 131567:5 0:7 131567:8 0:19 131567:4 0:14 131567:4 0:7 131567:2 0:8 131567:5 0:63 131567:4 0:98
C	2124	544580	852	0:133 131567:5 0:8 131567:2 0:7 131567:4 0:14 131567:4 0:19 131567:8 0:41 131567:4 0:66 131567:2 0:19 131567:1 0:11 131567:1 0:13 131567:1 0:7 131567:2 0:10 131567:1 0:26 131567:2 0:16 131567:1 0:46 131567:5 0:4 131567:5 0:2 131567:5 0:37 131567:5 0:6 131567:5 0:17 131567:8 0:1 131567:1 0:58 544580:5 0:2 544580:5 0:4 544580:2 0:3 544580:1 0:19 131567:1 0:13 131567:1 0:70 131567:5 0:1 131567:5 0:4 131567:4 0:40
C	2125	544580	848	0:46 131567:4 0:16 131567:4 0:61 131567:5 0:64 131567:8 0:7 131567:5 0:19 131567:4 0:6 131567:4 0:64 131567:4 0:170 131567:5 0:39 131567:5 0:6 131567:5 0:17 131567:4 0:63 544580:5 0:2 544580:5 0:4 544580:2 0:3 544580:1 0:19 131567:1 0:13 131567:1 0:67 131567:5 0:1 131567:5 0:4 131567:4 0:37
C	2126	544580	851	0:46 131567:4 0:16 131567:4 0:65 131567:5 0:8 131567:2 0:7 131567:4 0:14 131567:4 0:19 131567:8 0:7 131567:5 0:19 131567:4 0:6 131567:4 0:63 131567:4 0:19 131567:1 0:11 131567:1 0:13 131567:1 0:7 131567:2 0:10 131567:1 0:26 131567:2 0:16 131567:1 0:46 131567:5 0:4 131567:5 0:2 131567:5 0:12 131567:5 0:1 131567:4 0:16 131567:5 0:30 131567:5 0:1 131567:11 0:49 544580:5 0:2 544580:5 0:4 544580:2 0:3 544580:1 0:19 131567:1 0:13 131567:1 0:69 131567:5 0:1 131567:5 0:4 131567:4 0:38
C	2127	477697	938	0:189 477697:2 0:54 477697:3 0:13 131567:1 0:18 131567:7 2:6 0:14 131567:5 0:15 2:3 0:22 2:1 0:126 3273430:5 0:60 227086:1 0:29 131567:5 0:3 2:5 0:16 477697:5 0:5 477697:1 0:290
C	2128	544580	852	0:46 131567:4 0:16 131567:4 0:63 131567:5 0:8 131567:2 0:7 131567:4 0:14 131567:4 0:19 131567:8 0:7 131567:5 0:19 131567:4 0:6 131567:4 0:63 131567:4 0:19 131567:1 0:11 131567:1 0:13 131567:1 0:7 131567:2 0:10 131567:1 0:26 131567:2 0:67 131567:2 0:4 131567:5 0:2 131567:5 0:40 131567:5 0:6 131567:5 0:17 131567:8 0:1 131567:11 0:12 131567:3 0:33 544580:5 0:2 544580:5 0:4 544580:2 0:3 544580:1 0:19 131567:1 0:13 131567:1 0:69 131567:5 0:1 131567:5 0:4 131567:4 0:38
C	2129	42260	928	0:75 42260:5 131567:1 0:44 131567:4 0:4 131567:5 0:1 131567:5 0:69 131567:1 0:36 544580:2 0:43 131567:3 0:12 131567:11 0:1 131567:8 0:17 131567:5 0:6 131567:5 0:16 131567:4 0:1 131567:5 0:149 131567:1 0:11 131567:1 0:19 131567:4 0:72 13366:2 0:9 131567:5 0:232
C	2130	544580	847	0:46 131567:4 0:16 131567:4 0:85 131567:4 0:14 131567:4 0:19 131567:8 0:7 131567:5 0:129 131567:1 0:13 131567:1 0:7 131567:2 0:10 131567:1 0:152 131567:5 0:38 131567:9 0:12 131567:3 0:33 544580:5 0:2 544580:5 0:4 544580:2 0:3 544580:1 0:19 131567:1 0:13 131567:1 0:69 131567:5 0:1 131567:5 0:4 131567:4 0:37
C	2131	40324	1072	0:92 477697:4 0:343 2:5 0:3 131567:5 0:13 40324:5 0:74 3273430:4 0:168 131567:5 0:20 40324:5 0:20 131567:1 0:13 477697:3 0:60 477697:2 0:193
C	2132	544580	984	0:22 131567:1 0:58 131567:2 0:63 131567:5 0:64 131567:1 0:13 131567:1 0:19 544580:1 0:3 544580:2 0:4 544580:5 0:2 544580:5 0:33 131567:3 0:12 131567:11 0:1 131567:8 0:17 131567:5 0:6 131567:5 0:16 131567:4 0:1 131567:5 0:12 131567:5 0:2 131567:5 0:4 131567:5 0:46 131567:1 0:17 131567:1 0:26 131567:1 0:10 131567:2 0:7 131567:1 0:13 131567:1 0:11 131567:1 0:19 131567:4 0:72 131567:4 0:19 131567:5 0:7 131567:8 0:19 131567:4 0:14 131567:4 0:7 131567:2 0:8 131567:5 0:63 131567:4 0:16 131567:4 0:93
C	2133	544580	977	0:22 131567:1 0:108 131567:4 0:4 131567:5 0:1 131567:5 0:103 544580:1 0:3 544580:2 0:4 544580:5 0:2 544580:5 0:33 131567:3 0:12 131567:11 0:1 131567:8 0:17 131567:5 0:48 131567:5 0:61 131567:1 0:16 131567:2 0:73 131567:1 0:19 131567:4 0:63 131567:4 0:6 131567:4 0:19 131567:5 0:53 131567:4 0:7 131567:2 0:8 131567:5 0:63 131567:4 0:101
C	2134	544580	835	0:46 131567:4 0:16 131567:4 0:84 131567:4 0:37 131567:6 0:9 131567:5 0:19 131567:4 0:6 131567:5 0:49 131567:5 0:9 131567:4 0:54 131567:2 0:10 131567:1 0:171 131567:13 0:50 544580:5 0:37 131567:1 0:13 131567:1 0:70 131567:5 0:1 131567:5 0:4 131567:4 0:38
C	2135	569360	805	0:9 569360:5 0:186 5144:2 0:9 5125:5 0:2 5125:5 0:8 131567:5 0:4 716546:3 0:250 716546:5 0:1 131567:3 5144:5 0:28 131567:1 0:16 131567:5 0:5 716545:1 0:208
C	2136	544580	848	0:48 131567:4 0:16 131567:4 0:63 131567:5 0:8 131567:2 0:7 131567:4 0:14 131567:4 0:19 131567:8 0:7 131567:5 0:19 131567:4 0:6 131567:4 0:63 131567:4 0:19 131567:1 0:11 131567:1 0:13 131567:1 0:7 131567:2 0:10 131567:1 0:119 131567:5 0:1 131567:4 0:16 131567:5 0:6 131567:5 0:17 131567:8 0:1 131567:11 0:12 131567:3 0:33 544580:5 0:37 131567:1 0:13 131567:1 0:70 131567:5 0:1 131567:5 0:4 131567:4 0:38
C	2137	569360	808	0:9 569360:5 0:184 5144:2 0:9 5125:5 0:2 5125:5 0:72 716546:1 0:204 716546:5 0:1 131567:3 5144:5 0:28 131567:1 0:16 131567:5 0:5 716545:1 0:206
C	2139	5144	921	0:320 131567:5 0:45 5144:5 131567:3 0:1 716546:5 0:168 131567:9 0:1 131567:5 0:66 232080:2 0:34 131567:2 0:216
C	2140	544580	1125	0:22 131567:1 0:58 131567:2 0:61 131567:5 0:70 131567:1 0:13 131567:1 0:19 544580:1 0:3 544580:2 0:4 544580:5 0:2 544580:5 0:33 131567:3 0:49 131567:5 0:6 131567:5 0:16 131567:4 0:1 131567:5 0:79 131567:1 0:16 131567:2 0:26 131567:1 0:10 131567:2 0:7 131567:1 0:13 131567:1 0:11 131567:1 0:85 131567:4 0:6 131567:4 0:19 131567:5 0:7 131567:8 0:19 131567:4 0:14 131567:4 0:7 131567:2 0:8 131567:5 0:63 131567:4 0:16 131567:4 0:230
C	2141	544580	838	0:46 131567:4 0:16 131567:4 0:72 131567:2 0:7 131567:4 0:14 131567:4 0:19 131567:8 0:7 131567:5 0:19 131567:4 0:6 131567:4 0:63 131567:4 0:162 131567:5 0:51 131567:5 0:6 131567:5 0:17 131567:8 0:1 131567:11 0:12 131567:3 0:33 544580:5 0:2 544580:5 0:4 544580:2 0:3 544580:1 0:19 131567:1 0:13 131567:1 0:117
C	2144	181762	1069	0:8 181762:1 0:1 181762:5 0:264 131567:5 0:54 131567:5 0:8 131567:9 0:5 131567:5 0:58 5338:3 0:59 181124:1 0:119 131567:1 0:10 131567:3 0:411
C	2145	544580	978	0:22 131567:1 0:110 131567:4 0:4 131567:5 0:1 131567:5 0:69 131567:1 0:13 131567:1 0:19 544580:1 0:3 544580:2 0:4 544580:5 0:52 131567:11 0:1 131567:8 0:17 131567:5 0:6 131567:5 0:3 131567:5 0:30 131567:5 0:2 131567:5 0:4 131567:5 0:92 131567:1 0:10 131567:2 0:7 131567:1 0:13 131567:1 0:11 131567:1 0:19 131567:4 0:63 131567:4 0:6 131567:4 0:19 131567:5 0:7 131567:8 0:19 131567:4 0:14 131567:4 0:7 131567:2 0:8 131567:5 0:63 131567:4 0:16 131567:4 0:51 131567:5 0:16 131567:1 0:9
C	2147	544580	984	0:22 131567:1 0:56 131567:2 0:48 131567:4 0:4 131567:5 0:1 131567:5 0:70 131567:1 0:13 131567:1 0:19 544580:1 0:3 544580:2 0:4 544580:5 0:2 544580:5 0:33 131567:3 0:12 131567:11 0:1 131567:8 0:48 131567:4 0:1 131567:5 0:79 131567:1 0:44 131567:1 0:10 131567:2 0:7 131567:1 0:13 131567:1 0:11 131567:1 0:19 131567:4 0:155 131567:4 0:7 131567:2 0:8 131567:5 0:63 131567:4 0:16 131567:4 0:51 131567:5 0:16 131567:1 0:15
C	2148	477697	947	0:188 477697:2 0:89 131567:7 2:4 0:60 2:1 0:127 3273430:5 0:116 477697:5 0:5 477697:1 0:303
C	2150	5144	825	0:191 332648:2 0:25 131567:2 0:13 131567:5 0:4 716546:3 0:34 716546:2 0:9 716546:1 0:43 131567:6 0:106 37727:1 0:55 716546:5 0:1 131567:3 5144:5 0:28 131567:1 0:16 131567:5 0:7 131567:4 0:10 131567:2 0:5 716546:4 0:193
C	2152	544580	983	0:22 131567:1 0:57 131567:2 0:48 131567:4 0:4 131567:5 0:1 131567:5 0:104 544580:1 0:3 544580:2 0:4 544580:5 0:2 544580:5 0:33 131567:3 0:12 131567:11 0:1 131567:5 0:30 131567:5 0:16 131567:4 0:1 131567:5 0:12 131567:5 0:2 131567:5 0:4 131567:5 0:90 131567:1 0:10 131567:2 0:7 131567:1 0:13 131567:1 0:11 131567:1 0:86 131567:5 0:6 131567:4 0:19 131567:5 0:7 131567:8 0:19 131567:4 0:14 131567:4 0:7 131567:2 0:8 131567:5 0:158 131567:1 0:16
C	2153	37727	776	0:188 131567:2 0:64 716546:2 0:9 716546:1 0:43 131567:6 0:110 37727:1 0:56 716546:5 0:56 131567:5 0:7 131567:4 0:10 131567:2 0:5 716546:4 0:162
C	2156	569360	905	0:2 1760811:4 0:42 131567:1 147550:2 0:28 147550:1 0:243 131567:1 0:28 5144:5 131567:3 0:1 716546:5 0:168 147550:5 0:103 5125:3 0:2 5125:5 0:9 5144:2 0:185 569360:5 0:13 5144:2 0:3
C	2157	544580	1075	0:55 131567:1 0:58 131567:2 0:55 131567:5 0:1 131567:5 0:65 131567:1 0:13 131567:1 0:19 544580:1 0:3 544580:2 0:4 544580:5 0:2 544580:5 0:45 131567:9 0:38 131567:5 0:16 131567:4 0:1 131567:5 0:12 131567:5 0:2 131567:5 0:4 131567:5 0:90 131567:1 0:63 131567:4 0:63 131567:4 0:6 131567:4 0:19 131567:5 0:7 131567:8 0:19 131567:4 0:14 131567:4 0:7 131567:2 0:8 131567:5 0:63 131567:4 0:178
C	2158	477697	1287	0:263 477697:5 0:12 131567:4 0:18 477697:2 0:358 2:5 0:3 131567:5 0:93 3273430:5 0:149 2:3 0:40 40324:5 0:20 131567:1 0:13 477697:3 0:55 477697:2 0:189
C	2160	544580	853	0:46 131567:3 0:88 131567:5 0:8 131567:2 0:7 131567:4 0:14 131567:4 0:34 131567:4 0:19 131567:4 0:6 131567:4 0:63 131567:4 0:19 131567:1 0:11 131567:1 0:13 131567:1 0:7 131567:2 0:10 131567:1 0:92 131567:5 0:4 131567:5 0:2 131567:5 0:48 131567:5 0:17 131567:8 0:1 131567:11 0:12 131567:3 0:33 544580:5 0:2 544580:5 0:4 544580:2 0:3 544580:1 0:19 131567:1 0:13 131567:1 0:70 131567:5 0:1 131567:5 0:4 131567:4 0:38
C	2161	1224	989	0:251 477697:2 0:116 131567:5 0:168 3273430:5 0:72 40324:5 0:13 131567:5 0:3 2:5 0:305
C	2162	544580	842	0:46 131567:4 0:16 131567:4 0:63 131567:5 0:8 131567:2 0:7 131567:4 0:14 131567:4 0:19 131567:8 0:7 131567:5 0:19 131567:4 0:6 131567:4 0:63 131567:4 0:19 131567:1 0:11 131567:1 0:13 131567:1 0:7 131567:2 0:10 131567:1 0:26 131567:2 0:16 131567:1 0:46 131567:5 0:4 131567:5 0:2 131567:5 0:44 131567:5 0:17 131567:2 0:5 131567:1 0:56 544580:5 0:2 544580:5 0:4 544580:2 0:3 544580:1 0:105 131567:5 0:1 131567:5 0:4 131567:4 0:38
C	2163	544580	841	0:46 131567:4 0:16 131567:4 0:62 131567:5 0:8 131567:2 0:7 131567:4 0:38 131567:2 0:7 131567:5 0:19 131567:4 0:73 131567:4 0:19 131567:1 0:11 131567:1 0:13 131567:1 0:7 131567:2 0:10 131567:1 0:26 131567:2 0:16 131567:1 0:46 131567:5 0:4 131567:5 0:2 131567:5 0:37 131567:5 0:6 131567:5 0:17 131567:8 0:1 131567:11 0:46 544580:5 0:2 544580:5 0:4 544580:2 0:3 544580:1 0:19 131567:1 0:13 131567:1 0:70 131567:5 0:1 131567:5 0:4 131567:4 0:38
C	2165	544580	971	0:163 131567:4 0:16 131567:4 0:63 131567:5 0:8 131567:2 0:7 131567:4 0:14 131567:4 0:37 131567:4 0:19 131567:4 0:6 131567:4 0:63 131567:4 0:19 131567:1 0:11 131567:1 0:13 131567:1 0:7 131567:2 0:10 131567:1 0:26 131567:2 0:16 131567:1 0:46 131567:5 0:4 131567:5 0:2 131567:5 0:12 131567:5 0:1 131567:4 0:16 131567:5 0:6 131567:5 0:17 131567:8 0:1 131567:11 0:12 131567:3 0:33 544580:5 0:2 544580:5 0:43 131567:1 0:72 131567:5 0:1 131567:5 0:4 131567:4 0:38
C	2167	544580	846	0:46 131567:4 0:16 131567:4 0:62 131567:5 0:8 131567:2 0:7 131567:4 0:74 131567:4 0:6 131567:4 0:86 131567:1 0:11 131567:1 0:13 131567:1 0:7 131567:2 0:38 131567:2 0:79 131567:5 0:12 131567:5 0:1 131567:4 0:16 131567:5 0:6 131567:5 0:17 131567:4 0:62 544580:5 0:2 544580:5 0:4 544580:2 0:3 544580:1 0:19 131567:1 0:13 131567:1 0:70 131567:5 0:1 131567:5 0:4 131567:4 0:38
C	2168	544580	974	0:22 131567:1 0:57 131567:2 0:48 131567:4 0:4 131567:5 0:1 131567:5 0:69 131567:1 0:13 131567:1 0:37 544580:5 0:33 131567:3 0:57 131567:5 0:52 131567:5 0:92 131567:1 0:10 131567:2 0:7 131567:1 0:13 131567:1 0:11 131567:1 0:19 131567:4 0:63 131567:4 0:6 131567:4 0:19 131567:5 0:7 131567:8 0:19 131567:4 0:14 131567:4 0:7 131567:2 0:8 131567:5 0:83 131567:4 0:82
C	2169	544580	845	0:47 131567:4 0:16 131567:4 0:63 131567:5 0:8 131567:2 0:7 131567:4 0:14 131567:4 0:19 131567:8 0:7 131567:5 0:93 131567:4 0:55 131567:2 0:10 131567:1 0:143 131567:5 0:6 131567:5 0:17 131567:8 0:1 131567:11 0:12 131567:3 0:33 544580:5 0:2 544580:5 0:4 544580:2 0:3 544580:1 0:19 131567:2 0:85 131567:5 0:1 131567:5 0:4 131567:4 0:38
C	2170	477697	1280	0:261 477697:5 0:34 477697:2 0:357 131567:5 0:93 3273430:5 0:104 3273430:5 0:41 2:3 0:40 40324:5 0:20 131567:1 0:13 477697:3 0:55 477697:2 0:192
C	2172	544580	921	0:68 131567:2 0:57 131567:5 0:74 131567:1 0:13 131567:1 0:19 544580:1 0:3 544580:2 0:4 544580:5 0:2 544580:5 0:110 131567:5 0:12 131567:5 0:2 131567:5 0:56 131567:1 0:86 131567:1 0:19 131567:4 0:87 131567:4 0:228
C	2173	477697	666	0:426 477697:5 0:34 477697:4 0:163
C	2175	544580	984	0:22 131567:1 0:60 131567:2 0:48 131567:4 0:4 131567:5 0:1 131567:5 0:69 131567:1 0:13 131567:1 0:19 544580:1 0:3 544580:2 0:4 544580:5 0:2 544580:5 0:33 131567:3 0:12 131567:7 0:39 131567:5 0:16 131567:4 0:1 131567:5 0:12 131567:5 0:2 131567:5 0:4 131567:5 0:46 131567:1 0:16 131567:2 0:26 131567:1 0:10 131567:2 0:7 131567:1 0:13 131567:1 0:11 131567:1 0:19 131567:4 0:64 131567:4 0:6 131567:4 0:19 131567:5 0:7 131567:8 0:46 131567:2 0:8 131567:5 0:63 131567:4 0:16 131567:4 0:72 131567:1 0:16
C	2176	40324	966	0:2 477697:4 0:224 1795631:1 0:108 2:5 0:3 131567:5 0:13 40324:5 0:273 40324:5 0:90 477697:2 0:192
C	2177	544580	849	0:46 131567:4 0:16 131567:4 0:75 131567:2 0:7 131567:4 0:14 131567:4 0:39 2916678:5 0:12 131567:4 0:6 131567:4 0:63 131567:4 0:19 131567:1 0:11 131567:1 0:13 131567:1 0:7 131567:2 0:10 131567:1 0:149 131567:5 0:6 131567:5 0:17 131567:8 0:1 131567:3 0:58 544580:5 0:2 544580:5 0:4 544580:2 0:3 544580:1 0:19 131567:1 0:13 131567:1 0:70 131567:5 0:53
C	2178	544580	848	0:48 131567:4 0:16 131567:4 0:73 131567:2 0:7 131567:4 0:14 131567:4 0:19 131567:8 0:7 131567:5 0:19 131567:4 0:6 131567:4 0:64 131567:4 0:19 131567:1 0:11 131567:1 0:13 131567:1 0:7 131567:2 0:10 131567:1 0:26 131567:2 0:16 131567:1 0:46 131567:5 0:4 131567:5 0:2 131567:5 0:18 131567:4 0:50 131567:8 0:1 131567:11 0:48 544580:5 0:2 544580:5 0:4 544580:2 0:3 544580:1 0:19 131567:1 0:13 131567:1 0:69 131567:5 0:1 131567:5 0:4 131567:4 0:36
C	2179	544580	930	0:198 131567:2 0:19 544580:1 0:3 544580:2 0:4 544580:5 0:2 544580:5 0:47 131567:11 0:1 131567:4 0:54 131567:1 0:21 131567:5 0:2 131567:5 0:4 131567:5 0:193 131567:1 0:85 131567:4 0:14 131567:4 0:7 131567:2 0:8 131567:5 0:172
C	2180	181124	879	0:107 181124:2 0:151 131567:5 0:9 131567:2 0:12 131567:2 0:8 181124:4 0:126 5338:3 0:21 456999:2 0:137 131567:1 0:3 131567:5 0:3 131567:5 0:5 131567:1 0:10 131567:3 0:218
C	2181	477697	1390	0:339 477697:5 0:389 477697:5 0:16 2:5 0:3 131567:5 0:29 227086:1 0:60 3273430:5 0:129 2:1 0:22 2:3 0:15 131567:5 0:14 2:6 131567:7 0:18 131567:1 0:13 477697:3 0:55 477697:2 0:200
C	2183	1224	935	0:246 477697:3 0:13 131567:1 0:20 40324:5 0:83 3273430:5 0:201 131567:5 0:3 2:5 0:311
C	2184	477697	952	0:189 477697:2 0:87 131567:7 2:6 0:59 2:1 0:130 3273430:5 0:61 227086:1 0:29 131567:5 0:3 2:5 0:16 477697:5 0:5 477697:1 0:301
C	2185	477697	950	0:285 131567:7 2:4 0:60 2:1 0:189 227086:1 0:36 2:5 0:16 477697:5 0:5 477697:1 0:301
C	2186	544580	851	0:48 131567:4 0:16 131567:4 0:63 131567:5 0:8 131567:2 0:7 131567:4 0:14 131567:4 0:19 131567:8 0:7 131567:5 0:19 131567:4 0:6 131567:4 0:98 131567:1 0:13 131567:1 0:7 131567:2 0:10 131567:1 0:26 131567:2 0:16 131567:1 0:62 131567:5 0:12 131567:5 0:1 131567:4 0:16 131567:5 0:6 131567:5 0:17 131567:8 0:1 131567:11 0:12 131567:3 0:33 544580:5 0:2 544580:5 0:4 544580:2 0:3 544580:1 0:19 131567:1 0:13 131567:1 0:126
C	2187	131567	851	0:46 131567:4 0:16 131567:4 0:63 131567:5 0:8 131567:2 0:7 131567:4 0:14 131567:4 0:19 131567:8 0:7 131567:5 0:19 131567:4 0:6 131567:4 0:63 131567:4 0:19 131567:1 0:11 131567:1 0:13 131567:1 0:7 131567:2 0:10 131567:1 0:26 131567:2 0:63 131567:5 0:4 131567:5 0:2 131567:5 0:12 131567:5 0:1 131567:4 0:51 131567:6 0:1 131567:11 0:91 131567:1 0:13 131567:1 0:69 131567:5 0:1 131567:5 0:4 131567:4 0:38
C	2188	544580	849	0:46 131567:4 0:16 131567:4 0:63 131567:5 0:8 131567:2 0:47 131567:8 0:7 131567:5 0:19 131567:4 0:6 131567:5 0:62 131567:4 0:19 131567:1 0:11 131567:1 0:13 131567:1 0:7 131567:2 0:10 131567:1 0:44 131567:1 0:67 131567:5 0:12 131567:5 0:1 131567:4 0:16 131567:5 0:6 131567:5 0:47 131567:3 0:33 544580:5 0:2 544580:5 0:4 544580:2 0:3 544580:1 0:19 131567:1 0:13 131567:1 0:71 131567:5 0:1 131567:5 0:4 131567:4 0:34
C	2189	544580	848	0:47 131567:4 0:16 131567:4 0:63 131567:5 0:8 131567:2 0:7 131567:4 0:14 131567:4 0:19 131567:8 0:7 131567:5 0:19 131567:4 0:6 131567:5 0:64 131567:4 0:19 131567:1 0:11 131567:1 0:13 131567:1 0:7 131567:2 0:10 131567:1 0:40 131567:1 0:61 131567:5 0:12 131567:5 0:1 131567:4 0:16 131567:5 0:6 131567:5 0:17 131567:8 0:1 131567:11 0:12 131567:3 0:33 544580:5 0:2 544580:5 0:4 544580:2 0:3 544580:1 0:19 131567:1 0:84 131567:5 0:1 131567:5 0:4 131567:4 0:38
C	2190	40324	998	0:251 477697:2 0:34 40324:5 0:289 131567:5 0:3 2:5 0:370
C	2191	544580	845	0:46 131567:4 0:16 131567:4 0:75 131567:2 0:7 131567:4 0:14 131567:4 0:32 131567:1 0:23 131567:4 0:6 131567:4 0:63 131567:4 0:19 131567:1 0:11 131567:1 0:13 131567:1 0:7 131567:2 0:10 131567:1 0:26 131567:2 0:16 131567:1 0:46 131567:5 0:4 131567:5 0:2 131567:5 0:36 131567:5 0:6 131567:5 0:17 131567:8 0:1 131567:11 0:12 131567:3 0:33 544580:5 0:2 544580:5 0:4 544580:2 0:3 544580:1 0:19 131567:1 0:13 131567:1 0:127
C	2192	544580	845	0:46 131567:4 0:16 131567:4 0:99 131567:4 0:19 131567:8 0:7 131567:5 0:19 131567:4 0:6 131567:4 0:63 131567:4 0:19 131567:1 0:11 131567:1 0:13 131567:1 0:7 131567:2 0:10 131567:1 0:26 131567:2 0:16 131567:1 0:46 131567:5 0:4 131567:5 0:2 131567:5 0:12 131567:5 0:1 131567:4 0:16 131567:5 0:6 131567:5 0:17 131567:8 0:1 131567:11 0:12 131567:3 0:33 544580:5 0:2 544580:5 0:4 544580:2 0:3 544580:1 0:19 131567:1 0:13 131567:1 0:69 131567:5 0:1 131567:5 0:4 131567:4 0:38
C	2193	544580	849	0:46 131567:4 0:16 131567:4 0:65 131567:5 0:8 131567:2 0:7 131567:4 0:14 131567:4 0:19 131567:8 0:7 131567:5 0:19 131567:4 0:6 131567:4 0:63 131567:4 0:107 131567:1 0:46 131567:5 0:4 131567:5 0:2 131567:5 0:12 131567:5 0:1 131567:4 0:16 131567:5 0:6 131567:5 0:17 131567:8 0:1 131567:11 0:12 131567:3 0:33 544580:5 0:2 544580:5 0:4 544580:2 0:3 544580:1 0:19 131567:1 0:13 131567:1 0:70 131567:5 0:1 131567:5 0:4 131567:4 0:38
C	2195	544580	854	0:47 131567:4 0:16 131567:4 0:64 131567:5 0:8 131567:2 0:7 131567:4 0:14 131567:4 0:19 131567:8 0:31 131567:5 0:6 131567:4 0:63 131567:4 0:19 131567:1 0:11 131567:1 0:13 131567:1 0:7 131567:2 0:10 131567:1 0:108 131567:5 0:38 131567:5 0:6 131567:5 0:17 131567:8 0:1 131567:11 0:12 131567:3 0:33 544580:5 0:2 544580:5 0:4 544580:2 0:3 544580:1 0:19 131567:1 0:13 131567:1 0:70 131567:5 0:1 131567:5 0:4 131567:4 0:38
C	2196	2	995	0:38 1884633:1 0:324 2:5 0:3 131567:5 0:93 3273430:5 0:151 2:3 0:40 40324:5 0:20 131567:1 0:13 477697:3 0:54 477697:2 0:195
C	2197	131567	983	0:22 131567:1 0:58 131567:2 0:48 131567:4 0:4 131567:5 0:1 131567:5 0:65 131567:1 0:13 131567:1 0:74 131567:3 0:12 131567:11 0:1 131567:8 0:17 131567:5 0:6 131567:5 0:41 131567:5 0:2 131567:5 0:4 131567:5 0:92 131567:1 0:10 131567:2 0:7 131567:1 0:13 131567:1 0:11 131567:1 0:19 131567:4 0:72 131567:4 0:19 131567:5 0:7 131567:8 0:19 131567:4 0:14 131567:4 0:7 131567:3 0:187
C	2198	211114	939	0:23 211114:3 0:284 131567:5 0:15 2:2 0:212 227086:1 0:29 131567:5 0:3 2:5 0:318
C	2199	569360	841	0:28 5144:2 0:13 569360:5 0:184 5144:2 0:9 5125:5 0:2 5125:5 0:8 131567:5 0:4 716546:3 0:51 716546:1 0:32 147550:5 0:165 716546:5 0:1 131567:3 5144:5 0:28 131567:1 0:16 131567:5 0:5 716545:1 0:208
C	2200	40324	927	0:245 477697:3 0:13 131567:1 0:20 40324:5 0:20 131567:5 0:15 2:3 0:150 3273430:5 0:72 40324:5 0:13 131567:5 0:3 2:5 0:305
C	2201	477697	1272	0:262 477697:5 0:34 477697:4 0:344 2:5 0:3 131567:5 0:13 40324:5 0:72 3273430:5 0:151 2:3 0:15 131567:5 0:20 40324:5 0:20 131567:1 0:13 477697:3 0:55 477697:2 0:188
C	2202	40324	927	0:186 477697:2 0:91 40324:5 0:20 131567:5 0:15 2:3 0:247 131567:5 0:3 2:5 0:306
C	2203	508771	854	0:46 131567:4 0:16 131567:4 0:63 131567:5 0:8 131567:2 0:7 131567:4 0:34 131567:7 0:7 131567:5 0:19 131567:4 0:6 131567:4 0:63 131567:4 0:19 131567:1 0:11 131567:1 0:13 131567:1 0:8 508771:1 0:37 131567:2 0:16 131567:1 0:46 131567:5 0:4 131567:5 0:2 131567:5 0:12 131567:5 0:1 131567:4 0:16 131567:5 0:6 131567:5 0:17 131567:8 0:1 131567:5 0:187 131567:5 0:1 131567:5 0:4 131567:4 0:39
C	2204	1071380	952	0:21 588596:2 1071380:3 0:103 131567:4 0:4 131567:5 0:1 131567:5 0:75 131567:1 0:68 131567:3 0:16 131567:5 0:36 131567:5 0:16 131567:4 0:1 131567:5 0:169 131567:1 0:19 131567:4 0:63 131567:4 0:6 131567:4 0:57 131567:4 0:100 131567:4 0:69 131567:5 0:16 131567:1 0:9
C	2205	76775	1000	0:9 76775:5 0:14 76775:2 0:10 76775:5 0:1 76775:1 0:56 76775:2 0:27 76775:1 0:19 76775:6 0:6 76775:1 0:74 55193:4 0:29 131567:2 0:12 131567:2 0:53 76775:5 0:43 76775:1 0:17 76775:1 0:11 55193:5 0:11 76775:5 0:5 76775:1 0:39 76775:2 0:19 452284:7 0:44 55193:2 0:24 131567:1 0:3 131567:5 0:3 131567:5 0:16 55193:3 0:14 55193:5 76775:2 0:13 76775:2 0:9 76775:4 0:5 76775:2 0:12 76775:1 0:19 76775:5 0:30 76775:5 0:45 76775:1 0:35 76775:3 0:78 76775:1 0:10 76775:5 0:3 76775:5 0:3 76775:1 0:29
C	2206	544580	850	0:46 131567:4 0:16 131567:4 0:63 131567:5 0:8 131567:2 0:7 131567:4 0:35 131567:7 0:7 131567:5 0:19 131567:4 0:6 131567:4 0:63 131567:4 0:19 131567:1 0:11 131567:1 0:13 131567:1 0:7 131567:2 0:10 131567:1 0:26 131567:2 0:16 131567:1 0:62 131567:5 0:39 131567:5 0:6 131567:5 0:17 131567:4 0:66 544580:5 0:2 544580:5 0:4 544580:2 0:3 544580:1 0:19 131567:1 0:13 131567:1 0:70 131567:5 0:1 131567:5 0:4 131567:4 0:38
C	2207	544580	905	0:118 131567:4 0:16 131567:4 0:64 131567:5 0:8 131567:2 0:48 131567:5 0:7 131567:5 0:19 131567:4 0:6 131567:4 0:120 131567:2 0:10 131567:1 0:85 131567:5 0:11 131567:5 0:37 131567:5 0:6 131567:5 0:17 131567:4 0:77 544580:1 0:19 131567:1 0:13 131567:1 0:70 131567:5 0:1 131567:5 0:4 131567:4 0:38
C	2208	544580	969	0:161 131567:4 0:16 131567:4 0:63 131567:5 0:8 131567:2 0:7 131567:4 0:14 131567:4 0:19 131567:8 0:7 131567:5 0:19 131567:4 0:6 131567:4 0:69 131567:4 0:19 131567:1 0:11 131567:1 0:13 131567:1 0:7 131567:2 0:10 131567:1 0:42 131567:1 0:46 131567:5 0:4 131567:5 0:2 131567:5 0:12 131567:5 0:1 131567:4 0:16 131567:5 0:6 131567:5 0:17 131567:8 0:1 131567:11 0:12 131567:3 0:33 544580:5 0:2 544580:5 0:4 544580:2 0:3 544580:1 0:19 131567:1 0:13 131567:1 0:70 131567:5 0:1 131567:5 0:4 131567:4 0:38
C	2209	477697	726	0:188 477697:2 0:55 477697:3 0:13 131567:1 0:18 131567:7 2:6 0:14 131567:5 0:15 2:3 0:52 131567:5 0:54 477697:3 0:248
C	2210	5144	847	0:35 5144:4 0:197 5144:2 0:9 5125:5 0:2 5125:5 0:8 131567:5 0:4 716546:3 0:51 716546:1 0:32 147550:5 0:167 716546:5 0:1 131567:3 5144:5 0:28 131567:1 0:16 131567:5 0:5 716545:1 0:208
C	2211	5125	781	0:171 5144:2 0:9 5125:5 0:2 5125:5 0:8 131567:5 0:4 716546:3 0:51 716546:1 0:203 716546:5 0:1 131567:3 5144:5 0:28 131567:1 0:16 131567:5 0:5 716545:1 0:208
C	2212	544580	1115	0:22 131567:1 0:58 131567:2 0:48 131567:4 0:4 131567:5 0:1 131567:5 0:67 131567:1 0:13 131567:1 0:19 544580:1 0:3 544580:2 0:4 544580:5 0:2 544580:5 0:33 131567:3 0:12 131567:11 0:1 131567:8 0:17 131567:5 0:6 131567:5 0:38 131567:5 0:2 131567:5 0:4 131567:5 0:46 131567:1 0:16 131567:2 0:26 131567:1 0:10 131567:2 0:7 131567:1 0:13 131567:1 0:11 131567:1 0:19 131567:4 0:63 131567:4 0:6 131567:4 0:19 131567:5 0:7 131567:8 0:48 131567:2 0:8 131567:5 0:63 131567:4 0:16 131567:4 0:51 131567:5 0:16 131567:1 0:19 131567:1 0:54 2:1 0:73
C	2213	544580	845	0:135 131567:5 0:8 131567:2 0:47 131567:8 0:7 131567:5 0:19 131567:4 0:6 131567:4 0:224 131567:2 0:4 131567:5 0:2 131567:5 0:12 131567:5 0:1 131567:4 0:16 131567:5 0:6 131567:5 0:17 131567:8 0:1 131567:11 0:12 131567:3 0:33 544580:5 0:2 544580:5 0:4 544580:2 0:3 544580:1 0:19 131567:1 0:13 131567:1 0:124
C	2214	2593658	873	0:161 131567:5 0:8 131567:2 0:7 131567:4 0:14 131567:4 0:34 131567:4 0:19 131567:4 0:6 131567:4 0:63 131567:4 0:19 131567:1 0:201 131567:5 0:6 131567:5 0:120 131567:1 0:13 131567:1 0:94 2593658:2 0:28
C	2215	544580	848	0:46 131567:4 0:16 131567:4 0:99 131567:4 0:19 131567:8 0:7 131567:5 0:19 131567:4 0:6 131567:4 0:63 131567:4 0:19 131567:1 0:11 131567:1 0:13 131567:1 0:7 131567:2 0:10 131567:1 0:26 131567:2 0:16 131567:1 0:78 131567:5 0:1 131567:4 0:16 131567:5 0:6 131567:5 0:17 131567:8 0:1 131567:11 0:12 131567:3 0:33 544580:5 0:2 544580:5 0:4 544580:2 0:3 544580:1 0:19 131567:1 0:13 131567:1 0:130
C	2216	477697	671	0:138 477697:2 0:55 477697:3 0:13 131567:1 0:45 131567:5 0:15 2:3 0:22 2:1 0:127 3273430:5 0:60 227086:1 0:29 131567:5 0:3 2:5 0:16 477697:5 0:5 477697:1 0:72
C	2217	1224	929	0:251 477697:3 0:13 131567:1 0:20 40324:5 0:20 131567:5 0:169 3273430:5 0:403
C	2218	477697	1296	0:266 477697:5 0:34 477697:4 0:343 2:5 0:3 131567:5 0:13 40324:5 0:73 3273430:5 0:151 2:3 0:15 131567:5 0:20 40324:5 0:20 131567:1 0:13 477697:3 0:55 477697:2 0:208
C	2219	544580	840	0:46 131567:4 0:16 131567:4 0:63 131567:5 0:8 131567:2 0:7 131567:4 0:51 131567:4 0:19 131567:4 0:6 131567:4 0:85 131567:1 0:11 131567:1 0:13 131567:1 0:7 131567:2 0:10 131567:1 0:26 131567:2 0:16 131567:1 0:46 131567:5 0:4 131567:5 0:2 131567:5 0:37 131567:5 0:6 131567:5 0:17 131567:4 0:59 544580:5 0:2 544580:5 0:4 544580:2 0:3 544580:1 0:19 131567:1 0:13 131567:1 0:69 131567:5 0:1 131567:5 0:4 131567:4 0:38
C	2220	544580	844	0:59 131567:4 0:63 131567:5 0:8 131567:2 0:47 131567:8 0:43 131567:4 0:86 131567:1 0:11 131567:1 0:124 131567:5 0:4 131567:5 0:2 131567:5 0:12 131567:4 0:23 131567:5 0:6 131567:5 0:83 544580:5 0:2 544580:5 0:4 544580:2 0:3 544580:1 0:105 131567:5 0:1 131567:5 0:4 131567:4 0:39
C	2221	544580	848	0:67 131567:4 0:63 131567:5 0:8 131567:2 0:7 131567:4 0:14 131567:4 0:19 131567:8 0:7 131567:5 0:19 131567:4 0:6 131567:4 0:98 131567:1 0:13 131567:1 0:7 131567:2 0:10 131567:1 0:44 131567:1 0:46 131567:5 0:4 131567:5 0:2 131567:5 0:70 131567:8 0:1 131567:11 0:55 544580:5 0:29 131567:1 0:13 131567:1 0:69 131567:5 0:1 131567:5 0:4 131567:4 0:37
C	2222	544580	979	0:22 131567:1 0:57 147537:1 0:63 131567:5 0:69 131567:1 0:13 131567:1 0:19 544580:1 0:3 544580:2 0:4 544580:5 0:2 544580:5 0:33 131567:3 0:12 131567:11 0:1 131567:8 0:17 131567:5 0:6 131567:5 0:16 131567:4 0:1 131567:5 0:12 131567:5 0:2 131567:5 0:4 131567:5 0:46 131567:1 0:44 131567:1 0:10 131567:2 0:7 131567:1 0:13 131567:1 0:11 131567:1 0:19 131567:4 0:99 131567:5 0:7 131567:8 0:47 131567:2 0:8 131567:5 0:63 131567:4 0:16 131567:4 0:51 131567:5 0:16 131567:1 0:9
C	2223	544580	848	0:63 131567:4 0:63 131567:5 0:8 131567:2 0:7 131567:4 0:50 131567:5 0:19 131567:4 0:6 131567:4 0:63 131567:4 0:19 131567:1 0:11 131567:1 0:13 131567:1 0:7 131567:2 0:10 131567:1 0:26 131567:2 0:16 131567:1 0:46 131567:5 0:4 131567:5 0:2 131567:5 0:12 131567:5 0:1 131567:4 0:16 131567:5 0:6 131567:5 0:17 131567:8 0:1 131567:11 0:48 544580:5 0:2 544580:5 0:4 544580:2 0:3 544580:1 0:19 131567:1 0:13 131567:1 0:73 131567:5 0:1 131567:5 0:4 131567:4 0:38
C	2224	544580	835	0:47 131567:4 0:16 131567:4 0:63 131567:5 0:8 131567:2 0:92 131567:4 0:62 131567:4 0:19 131567:1 0:11 131567:1 0:121 131567:5 0:4 131567:5 0:2 131567:5 0:12 131567:5 0:1 131567:4 0:16 131567:5 0:6 131567:5 0:17 131567:8 0:1 131567:1 0:55 544580:5 0:2 544580:5 0:4 544580:2 0:3 544580:1 0:19 131567:1 0:138
C	2226	544580	846	0:45 131567:5 0:16 131567:4 0:85 131567:4 0:14 131567:4 0:19 131567:8 0:7 131567:5 0:19 131567:4 0:6 131567:4 0:61 131567:4 0:19 131567:1 0:11 131567:1 0:13 131567:1 0:7 131567:2 0:10 131567:1 0:94 131567:5 0:4 131567:5 0:44 131567:5 0:6 131567:5 0:17 131567:3 0:64 544580:5 0:2 544580:5 0:4 544580:2 0:3 544580:1 0:19 131567:1 0:13 131567:1 0:68 131567:5 0:1 131567:5 0:4 131567:4 0:37
C	2228	2	948	0:279 131567:7 2:6 0:14 131567:5 0:15 2:3 0:212 227086:1 0:29 131567:5 0:3 2:5 0:330
C	2229	544580	984	0:22 131567:1 0:58 131567:2 0:48 131567:4 0:4 131567:5 0:1 131567:5 0:70 131567:1 0:13 131567:1 0:19 544580:1 0:3 544580:2 0:4 544580:5 0:2 544580:5 0:33 131567:3 0:12 131567:11 0:1 131567:5 0:31 131567:5 0:16 131567:4 0:1 131567:5 0:12 131567:5 0:2 131567:5 0:4 131567:5 0:46 131567:1 0:16 131567:1 0:61 131567:1 0:11 131567:1 0:128 131567:8 0:19 131567:4 0:14 131567:4 0:7 131567:2 0:8 131567:5 0:139 131567:5 0:16 131567:1 0:16
C	2230	477697	927	0:273 131567:7 2:6 0:14 131567:5 0:15 2:3 0:22 2:1 0:207 131567:5 0:3 2:5 0:16 477697:5 0:5 477697:1 0:300
C	2231	3273430	976	0:373 131567:5 0:29 227086:1 0:56 3273430:5 0:126 2:1 0:22 2:3 0:77 477697:3 0:241
C	2232	544580	848	0:46 131567:4 0:16 131567:4 0:63 131567:5 0:8 131567:2 0:7 131567:4 0:14 131567:4 0:19 131567:8 0:7 131567:5 0:19 131567:4 0:6 131567:4 0:63 131567:4 0:19 131567:1 0:42 131567:2 0:26 131567:2 0:16 131567:1 0:46 131567:5 0:4 131567:5 0:2 131567:5 0:39 131567:5 0:6 131567:5 0:17 131567:8 0:1 131567:3 0:54 544580:5 0:2 544580:5 0:4 544580:2 0:3 544580:1 0:19 131567:1 0:13 131567:1 0:71 131567:5 0:1 131567:5 0:4 131567:4 0:38
C	2233	544580	843	0:45 131567:4 0:16 131567:4 0:76 131567:2 0:7 131567:4 0:52 131567:4 0:19 131567:4 0:6 131567:4 0:63 131567:4 0:19 131567:1 0:11 131567:1 0:13 131567:1 0:7 131567:2 0:10 131567:1 0:26 131567:2 0:58 131567:5 0:4 131567:5 0:2 131567:5 0:12 131567:5 0:1 131567:4 0:16 131567:5 0:6 131567:5 0:17 131567:8 0:1 131567:11 0:12 131567:3 0:40 544580:5 0:4 544580:2 0:3 544580:1 0:19 131567:1 0:13 131567:1 0:70 131567:5 0:1 131567:5 0:4 131567:4 0:38
C	2234	2	1024	0:279 477697:2 0:55 477697:3 0:13 131567:1 0:20 40324:5 0:287 131567:5 0:3 2:5 0:312
C	2235	181762	875	0:106 181124:2 0:93 181762:5 0:3 181762:1 0:34 131567:2 0:33 490731:1 0:27 131567:4 0:22 131567:5 0:8 131567:9 0:5 131567:5 0:58 5338:3 0:21 456999:2 0:137 131567:1 0:3 131567:5 0:3 131567:5 0:5 131567:1 0:10 131567:3 0:219
C	2238	544580	852	0:47 131567:4 0:16 131567:4 0:63 131567:5 0:8 131567:2 0:7 131567:4 0:14 131567:4 0:19 131567:8 0:7 131567:5 0:19 131567:4 0:6 131567:4 0:64 131567:4 0:19 131567:1 0:11 131567:1 0:13 131567:1 0:7 131567:2 0:10 131567:1 0:44 131567:1 0:46 131567:5 0:4 131567:5 0:2 131567:5 0:12 131567:5 0:1 131567:4 0:16 131567:5 0:6 131567:5 0:17 131567:8 0:1 131567:11 0:12 131567:3 0:33 544580:5 0:2 544580:5 0:4 544580:2 0:3 544580:1 0:19 131567:1 0:13 131567:1 0:70 131567:5 0:1 131567:5 0:4 131567:4 0:38
C	2239	544580	974	0:22 131567:4 0:50 42260:5 131567:1 0:48 131567:4 0:4 131567:5 0:1 131567:5 0:98 544580:1 0:3 544580:2 0:4 544580:5 0:2 544580:5 0:33 131567:3 0:49 131567:5 0:6 131567:5 0:16 131567:4 0:1 131567:5 0:12 131567:5 0:2 131567:5 0:4 131567:5 0:46 131567:1 0:16 131567:2 0:26 131567:1 0:10 131567:2 0:7 131567:1 0:13 131567:1 0:11 131567:1 0:19 131567:4 0:63 131567:4 0:6 131567:4 0:19 131567:5 0:7 131567:8 0:19 131567:4 0:14 131567:4 0:7 131567:2 0:77 131567:4 0:16 131567:4 0:73 131567:1 0:9
C	2240	181124	1055	0:233 131567:2 0:30 131567:5 0:26 131567:4 0:22 131567:5 0:8 131567:9 0:5 131567:5 0:58 5338:3 0:59 181124:1 0:64 4751:2 0:56 131567:1 0:10 131567:3 0:410
C	2245	544580	849	0:46 131567:4 0:16 131567:4 0:63 131567:5 0:8 131567:2 0:7 131567:4 0:14 131567:4 0:19 131567:8 0:7 131567:5 0:19 131567:4 0:6 131567:4 0:63 131567:4 0:19 131567:1 0:11 131567:1 0:58 131567:2 0:16 131567:1 0:46 131567:5 0:4 131567:5 0:2 131567:5 0:39 131567:5 0:6 131567:5 0:17 131567:7 0:60 544580:5 0:2 544580:5 0:4 544580:2 0:3 544580:1 0:19 131567:1 0:13 131567:1 0:70 131567:5 0:1 131567:5 0:4 131567:4 0:39
C	2246	544580	882	0:5 131567:1 0:16 131567:5 0:51 131567:4 0:16 131567:4 0:63 131567:5 0:8 131567:2 0:7 131567:4 0:14 131567:4 0:19 131567:8 0:7 131567:5 0:19 131567:4 0:6 131567:4 0:63 131567:4 0:19 131567:1 0:11 131567:1 0:13 131567:1 0:7 131567:2 0:10 131567:1 0:44 131567:1 0:46 131567:5 0:4 131567:5 0:2 131567:5 0:12 131567:5 0:1 131567:4 0:16 131567:5 0:6 131567:5 0:17 131567:8 0:1 131567:11 0:12 131567:3 0:33 544580:5 0:2 544580:5 0:4 544580:2 0:3 544580:1 0:19 131567:1 0:13 131567:1 0:70 131567:5 0:1 131567:5 0:4 131567:4 0:38
C	2247	477697	1026	0:268 477697:2 0:54 477697:3 0:13 131567:1 0:214 3273430:5 0:60 227086:1 0:29 131567:5 0:3 2:5 0:16 477697:5 0:5 477697:1 0:302
C	2248	40324	969	0:234 477697:2 0:55 477697:3 0:13 131567:1 0:20 40324:5 0:20 131567:5 0:15 2:3 0:149 3273430:4 0:72 40324:5 0:13 131567:5 0:3 2:5 0:303
C	2249	5144	763	0:182 131567:2 0:13 131567:5 0:4 716546:3 0:34 716546:2 0:9 716546:1 0:43 131567:6 0:173 716546:5 0:1 131567:3 5144:5 0:28 131567:1 0:16 131567:5 0:7 131567:4 0:10 131567:2 0:5 716546:4 0:156
C	2250	477697	950	0:186 477697:2 0:55 477697:3 0:13 131567:1 0:18 131567:7 2:6 0:14 131567:5 0:15 2:3 0:22 2:1 0:126 3273430:5 0:89 131567:5 0:3 2:5 0:16 477697:5 0:5 477697:1 0:305
C	2251	477697	988	0:2 477697:2 0:354 2:5 0:3 131567:5 0:290 40324:5 0:20 131567:1 0:13 477697:3 0:55 477697:2 0:194
C	2252	40324	969	0:2 477697:4 0:341 2:5 0:3 131567:5 0:13 40324:5 0:72 3273430:5 0:150 2:3 0:15 131567:5 0:20 40324:5 0:20 131567:1 0:13 477697:3 0:55 477697:2 0:188
C	2253	1224	925	0:244 477697:3 0:13 131567:1 0:20 40324:5 0:37 2:3 0:149 3273430:5 0:93 131567:5 0:3 2:5 0:305
C	2254	5144	991	0:140 131567:1 147550:2 0:200 716546:4 0:5 131567:2 0:10 131567:4 0:60 5144:5 131567:3 0:1 716546:5 0:56 37727:1 0:113 131567:6 0:43 716546:1 0:9 716546:2 0:34 716546:3 0:4 131567:5 0:13 131567:2 0:22 716545:1 0:2 332648:2 0:196
C	2255	477697	1030	0:244 131567:7 2:4 0:260 227086:1 0:29 131567:5 0:3 2:5 0:16 477697:5 0:5 477697:1 0:411
C	2256	477697	992	0:2 477697:2 0:36 1884633:1 0:323 2:5 0:3 131567:5 0:203 3273430:5 0:83 40324:5 0:20 131567:1 0:13 477697:3 0:55 477697:2 0:191
C	2257	40324	951	0:277 477697:3 0:13 131567:1 0:20 40324:5 0:285 131567:5 0:3 2:5 0:300
C	2258	181762	973	0:23 131567:3 0:5 5204:2 0:278 131567:3 0:10 131567:1 0:5 131567:5 0:3 131567:5 0:3 131567:1 0:137 456999:2 0:21 5338:3 0:58 131567:5 0:5 131567:9 0:8 131567:5 0:22 131567:4 0:18 131567:2 0:12 131567:2 0:9 131567:5 0:49 181762:1 0:3 181762:5 0:93 181124:2 0:112
C	2259	131567	624	0:169 131567:1 0:10 131567:3 0:407
C	2260	544580	1370	0:142 131567:5 0:69 131567:1 0:13 131567:1 0:19 544580:1 0:3 544580:2 0:4 544580:5 0:2 544580:5 0:60 131567:5 0:3 168172:5 0:22 131567:5 0:37 131567:5 0:2 131567:5 0:104 131567:1 0:10 131567:2 0:7 131567:1 0:13 131567:1 0:11 131567:1 0:86 131567:4 0:6 131567:4 0:19 131567:5 0:7 131567:8 0:19 131567:4 0:14 131567:4 0:7 131567:2 0:8 131567:5 0:63 131567:4 0:116 131567:1 0:54 562:2 0:39 9606:5 0:278
C	2261	477697	1049	0:2 477697:4 0:344 477697:1 0:5 477697:5 0:16 2:5 0:3 131567:5 0:29 227086:1 0:60 3273430:5 0:126 2:1 0:22 2:3 0:15 131567:5 0:14 2:6 131567:7 0:18 131567:1 0:13 477697:3 0:55 477697:2 0:239
C	2262	76775	1000	0:9 76775:1 0:36 76775:3 0:53 76775:5 0:26 76775:2 0:19 76775:6 0:6 76775:1 0:75 55193:4 0:29 131567:2 0:12 131567:2 0:53 76775:2 0:46 76775:1 0:52 76775:1 0:39 76775:2 0:19 452284:7 0:43 55193:2 0:37 131567:5 0:16 55193:3 0:14 55193:5 76775:2 0:13 76775:2 0:9 76775:4 0:5 76775:2 0:12 76775:1 0:19 76775:5 0:30 76775:5 0:45 76775:1 0:35 76775:3 0:78 76775:1 0:10 76775:5 0:3 76775:5 0:3 76775:1 0:29
C	2263	131567	842	0:46 131567:4 0:16 131567:4 0:63 131567:5 0:8 131567:2 0:7 131567:4 0:14 131567:4 0:34 131567:4 0:19 131567:4 0:6 131567:4 0:63 131567:4 0:19 131567:1 0:11 131567:1 0:13 131567:1 0:7 131567:2 0:10 131567:1 0:26 131567:2 0:16 131567:1 0:46 131567:5 0:4 131567:5 0:2 131567:5 0:12 131567:5 0:1 131567:4 0:16 131567:5 0:6 131567:5 0:17 131567:4 0:183 131567:5 0:1 131567:5 0:4 131567:4 0:38
C	2264	544580	844	0:46 131567:4 0:16 131567:4 0:75 131567:2 0:7 131567:4 0:51 131567:4 0:19 131567:4 0:6 131567:4 0:63 131567:4 0:19 131567:1 0:11 131567:1 0:13 131567:1 0:7 131567:2 0:10 131567:1 0:26 131567:2 0:16 131567:1 0:46 131567:5 0:4 131567:5 0:2 131567:5 0:37 131567:5 0:6 131567:5 0:17 131567:7 0:24 131567:5 0:31 544580:5 0:2 544580:5 0:4 544580:2 0:3 544580:1 0:19 131567:1 0:13 131567:1 0:70 131567:5 0:1 131567:5 0:4 131567:4 0:37
C	2265	477697	1427	0:87 131567:3 0:324 477697:5 0:34 477697:4 0:342 2:5 0:3 131567:5 0:13 40324:5 0:72 3273430:5 0:148 2:3 0:15 131567:5 0:20 40324:5 0:20 131567:1 0:13 477697:3 0:55 477697:2 0:196
C	2267	477697	1029	0:33 477697:4 0:337 477697:1 0:5 477697:5 0:16 2:5 0:95 3273430:5 0:127 2:1 0:22 2:3 0:15 131567:5 0:14 2:6 131567:7 0:18 131567:1 0:13 477697:3 0:55 477697:2 0:197
C	2269	3273430	910	0:298 131567:5 0:15 2:3 0:144 3273430:5 0:90 131567:5 0:3 2:5 0:303
C	2270	477697	969	0:2 477697:2 0:343 2:5 0:3 131567:5 0:13 40324:5 0:73 3273430:5 0:150 2:3 0:64 131567:1 0:13 477697:3 0:55 477697:2 0:188
C	2271	544580	845	0:22 131567:1 0:58 131567:2 0:48 131567:4 0:4 131567:5 0:1 131567:5 0:70 131567:1 0:13 131567:1 0:19 544580:1 0:3 544580:2 0:4 544580:5 0:2 544580:5 0:33 131567:3 0:12 131567:11 0:1 131567:8 0:17 131567:5 0:6 131567:5 0:16 131567:4 0:1 131567:5 0:12 131567:5 0:2 131567:5 0:4 131567:5 0:46 131567:1 0:16 131567:2 0:26 131567:1 0:10 131567:2 0:7 131567:1 0:13 131567:1 0:11 131567:1 0:19 131567:4 0:63 131567:4 0:6 131567:4 0:19 131567:5 0:7 131567:5 0:40 131567:4 0:7 131567:2 0:8 131567:5 0:35
C	2272	544580	839	0:45 131567:4 0:16 131567:4 0:62 131567:5 0:8 131567:2 0:7 131567:4 0:38 131567:2 0:7 131567:5 0:19 131567:4 0:6 131567:4 0:63 131567:4 0:19 131567:1 0:11 131567:1 0:13 131567:1 0:7 131567:2 0:10 131567:1 0:103 131567:5 0:12 131567:5 0:1 131567:4 0:16 131567:5 0:6 131567:5 0:17 131567:2 0:67 544580:5 0:2 544580:5 0:4 544580:2 0:3 544580:1 0:19 131567:1 0:13 131567:1 0:69 131567:5 0:1 131567:5 0:4 131567:4 0:38
C	2273	544580	973	0:22 131567:1 0:194 131567:1 0:13 131567:1 0:19 544580:1 0:3 544580:2 0:4 544580:5 0:2 544580:5 0:33 131567:3 0:12 131567:11 0:1 131567:8 0:17 131567:5 0:6 131567:5 0:16 131567:4 0:1 131567:5 0:12 131567:5 0:2 131567:5 0:4 131567:5 0:46 131567:1 0:44 131567:2 0:7 131567:5 0:7 131567:1 0:13 131567:1 0:11 131567:1 0:97 131567:2 0:61 131567:4 0:99 131567:4 0:16 131567:4 0:80
C	2274	477697	942	0:246 477697:3 0:13 131567:1 0:18 131567:7 2:6 0:55 2:1 0:189 227086:1 0:29 131567:5 0:3 2:5 0:16 477697:2 0:308
C	2275	544580	990	0:150 131567:5 0:111 544580:1 0:3 544580:2 0:4 544580:5 0:2 544580:4 0:47 131567:11 0:1 131567:8 0:17 131567:5 0:6 131567:5 0:16 131567:4 0:1 131567:5 0:79 131567:1 0:16 131567:2 0:167 131567:4 0:19 131567:5 0:7 131567:8 0:19 131567:4 0:14 131567:4 0:7 131567:2 0:8 131567:5 0:63 131567:4 0:16 131567:4 0:51 131567:5 0:16 131567:1 0:12
C	2276	544580	985	0:22 131567:1 0:53 131567:1 0:48 131567:4 0:4 131567:5 0:1 131567:5 0:68 131567:1 0:13 131567:1 0:19 544580:1 0:3 544580:2 0:4 544580:5 0:37 131567:5 0:12 131567:11 0:1 131567:8 0:17 131567:5 0:46 131567:5 0:2 131567:5 0:4 131567:5 0:64 131567:1 0:61 131567:1 0:11 131567:1 0:19 131567:4 0:94 131567:5 0:7 131567:8 0:19 131567:4 0:35 131567:5 0:188
C	2277	3273430	997	0:484 3273430:5 0:126 2:1 0:89 131567:1 0:13 477697:3 0:241
C	2278	544580	990	0:252 544580:1 0:3 544580:3 0:49 131567:3 0:12 131567:11 0:1 131567:8 0:17 131567:5 0:6 131567:5 0:152 131567:1 0:10 131567:2 0:7 131567:1 0:13 131567:1 0:11 131567:1 0:19 131567:4 0:96 131567:5 0:7 131567:8 0:19 131567:4 0:14 131567:4 0:7 131567:2 0:8 131567:5 0:145 131567:5 0:16 131567:1 0:12
C	2279	569360	812	0:9 569360:5 0:184 5144:2 0:9 5125:5 0:2 5125:5 0:8 131567:5 0:4 716546:2 0:260 716546:5 0:1 131567:3 5144:5 0:28 131567:1 0:213 1968541:2 0:20
C	2280	544580	852	0:46 131567:4 0:16 131567:4 0:63 131567:5 0:8 131567:2 0:7 131567:4 0:14 131567:4 0:34 131567:4 0:19 131567:4 0:6 131567:4 0:86 131567:1 0:11 131567:1 0:13 131567:1 0:7 131567:2 0:10 131567:1 0:26 131567:2 0:16 131567:1 0:79 131567:5 0:1 131567:4 0:51 131567:8 0:1 131567:11 0:12 131567:3 0:33 544580:5 0:2 544580:5 0:116 131567:5 0:1 131567:5 0:4 131567:4 0:37
C	2281	477697	1373	0:170 2699395:5 0:205 477697:4 0:343 477697:1 0:5 477697:5 0:16 2:5 0:250 2:3 0:15 131567:5 0:14 2:6 131567:7 0:87 477697:2 0:191
C	2282	1224	981	0:359 131567:5 0:13 40324:5 0:73 3273430:5 0:221 131567:1 0:13 477697:3 0:249
U	2283	0	1104	0:1070
C	2284	544580	980	0:22 131567:1 0:57 131567:2 0:137 131567:1 0:13 131567:1 0:38 544580:5 0:33 131567:3 0:12 131567:11 0:1 131567:8 0:50 131567:1 0:26 131567:5 0:4 131567:5 0:48 131567:1 0:16 131567:2 0:26 131567:1 0:44 131567:1 0:19 131567:4 0:63 131567:4 0:6 131567:4 0:19 131567:5 0:7 131567:8 0:19 131567:4 0:14 131567:4 0:7 131567:2 0:8 131567:5 0:63 131567:4 0:16 131567:4 0:82
C	2285	544580	852	0:64 131567:4 0:141 131567:4 0:19 131567:4 0:6 131567:4 0:100 131567:1 0:13 131567:1 0:7 131567:2 0:10 131567:1 0:26 131567:2 0:16 131567:1 0:58 716545:3 0:43 131567:5 0:6 131567:5 0:17 131567:8 0:1 131567:7 0:55 544580:5 0:123 131567:5 0:1 131567:5 0:4 131567:4 0:37
C	2286	131567	851	0:65 131567:4 0:64 131567:5 0:8 131567:2 0:7 131567:4 0:14 131567:4 0:19 131567:8 0:7 131567:5 0:19 131567:4 0:6 131567:4 0:177 131567:1 0:46 131567:5 0:4 131567:5 0:46 131567:5 0:6 131567:5 0:17 131567:8 0:1 131567:7 0:93 131567:1 0:13 131567:1 0:69 131567:5 0:1 131567:5 0:4 131567:4 0:39
C	2287	3273430	993	0:2 477697:1 0:467 3273430:5 0:103 3273430:5 0:109 131567:1 0:13 477697:6 0:54 477697:2 0:191
C	2288	569360	908	0:2 1760811:4 0:42 131567:1 147550:2 0:28 147550:1 0:217 716545:1 0:5 131567:5 0:16 131567:1 0:210 147550:5 0:41 2093780:2 0:40 716546:3 0:4 131567:5 0:8 5125:5 0:2 5125:5 0:201 569360:5 0:13
C	2289	131567	914	0:135 131567:5 0:34 131567:4 0:32 131567:5 0:19 131567:4 0:6 131567:4 0:63 131567:4 0:19 131567:1 0:11 131567:1 0:13 131567:1 0:7 131567:2 0:10 131567:1 0:111 131567:5 0:39 131567:5 0:6 131567:5 0:17 131567:8 0:1 131567:11 0:12 131567:3 0:84 131567:2 0:84 131567:5 0:1 131567:5 0:4 131567:4 0:48 131567:2 0:37
C	2290	544580	971	0:22 131567:1 0:109 131567:4 0:4 131567:5 0:1 131567:5 0:72 131567:1 0:13 131567:1 0:19 544580:1 0:3 544580:2 0:4 544580:5 0:90 131567:5 0:6 131567:5 0:16 131567:4 0:1 131567:5 0:12 131567:5 0:2 131567:5 0:4 131567:5 0:129 131567:1 0:155 131567:4 0:14 131567:4 0:7 131567:2 0:8 131567:5 0:140 131567:5 0:16 131567:1 0:9
C	2291	3273430	944	0:374 3273430:5 0:203 131567:5 0:3 2:5 0:315
C	2292	477697	978	0:280 477697:3 0:13 131567:1 0:18 131567:7 2:4 0:277 131567:5 0:336
C	2293	131567	846	0:61 131567:4 0:103 131567:4 0:19 131567:8 0:7 131567:5 0:51 181124:5 0:40 131567:4 0:19 131567:1 0:11 131567:1 0:59 131567:2 0:16 131567:1 0:54 131567:5 0:150 544580:5 0:177
C	2294	477697	1003	0:187 477697:2 0:91 131567:7 2:6 0:14 131567:5 0:41 2:1 0:124 3273430:5 0:90 131567:5 0:3 2:5 0:16 477697:5 0:5 477697:1 0:356
C	2295	131567	906	0:133 131567:5 0:8 131567:2 0:7 131567:4 0:14 131567:4 0:34 131567:4 0:19 131567:4 0:76 4956:5 0:47 131567:2 0:10 131567:1 0:46 131567:1 0:106 131567:5 0:6 131567:5 0:17 131567:8 0:1 131567:7 0:54 544580:5 0:37 131567:1 0:194
C	2296	544580	889	0:106 131567:4 0:63 131567:5 0:34 131567:4 0:19 131567:8 0:7 131567:5 0:19 131567:4 0:6 131567:4 0:64 131567:4 0:19 131567:1 0:11 131567:1 0:13 131567:1 0:7 131567:2 0:10 131567:1 0:90 131567:5 0:4 131567:5 0:2 131567:5 0:12 131567:5 0:1 131567:4 0:16 131567:5 0:6 131567:5 0:17 131567:8 0:1 131567:11 0:12 131567:3 0:33 544580:5 0:2 544580:5 0:4 544580:2 0:3 544580:1 0:19 131567:1 0:13 131567:1 0:70 131567:5 0:1 131567:5 0:4 131567:4 0:38
C	2297	544580	849	0:46 131567:4 0:16 131567:4 0:63 131567:5 0:8 131567:2 0:7 131567:4 0:37 131567:7 0:7 131567:5 0:19 131567:4 0:6 131567:4 0:40 498019:5 0:5 131567:5 0:44 131567:1 0:13 131567:1 0:7 131567:2 0:10 131567:1 0:90 131567:5 0:4 131567:5 0:2 131567:5 0:39 131567:5 0:6 131567:5 0:17 131567:8 0:1 131567:11 0:12 131567:3 0:33 544580:5 0:2 544580:5 0:4 544580:2 0:3 544580:1 0:19 131567:1 0:13 131567:1 0:69 131567:5 0:1 131567:5 0:4 131567:4 0:38
C	2298	477697	969	0:2 477697:2 0:450 3273430:5 0:190 40324:5 0:20 131567:1 0:13 477697:3 0:55 477697:2 0:187
C	2299	2	1289	0:262 477697:5 0:12 131567:4 0:18 477697:2 0:36 1884633:1 0:323 2:5 0:3 131567:5 0:93 3273430:5 0:103 3273430:5 0:83 40324:5 0:20 131567:1 0:13 477697:3 0:248
C	2301	544580	975	0:22 131567:1 0:58 131567:2 0:48 131567:4 0:4 131567:5 0:1 131567:5 0:69 131567:1 0:13 131567:1 0:19 544580:1 0:3 544580:2 0:4 544580:5 0:2 544580:5 0:33 131567:3 0:12 131567:11 0:1 131567:8 0:17 131567:5 0:6 131567:5 0:16 131567:4 0:1 131567:5 0:12 131567:5 0:2 131567:6 0:54 131567:1 0:16 131567:2 0:26 131567:1 0:10 131567:2 0:7 131567:1 0:13 131567:1 0:11 131567:1 0:19 131567:4 0:63 131567:4 0:39 131567:8 0:19 131567:4 0:14 131567:4 0:7 131567:2 0:8 131567:5 0:63 131567:4 0:91 131567:1 0:9
C	2302	40324	898	0:243 477697:3 0:13 131567:1 0:20 40324:5 0:41 2:3 0:248 131567:5 0:282
C	2303	131567	849	0:44 131567:5 0:82 131567:5 0:8 131567:2 0:7 131567:4 0:14 131567:4 0:19 131567:8 0:7 131567:5 0:19 131567:4 0:6 131567:4 0:63 131567:4 0:19 131567:1 0:11 131567:1 0:13 131567:1 0:7 131567:2 0:10 131567:1 0:93 131567:5 0:4 131567:5 0:2 131567:5 0:48 131567:5 0:17 131567:8 0:1 131567:11 0:12 131567:3 0:161 131567:5 0:1 131567:5 0:4 131567:4 0:36
C	2304	336722	789	0:228 131567:5 0:4 716546:3 0:32 715340:2 0:25 131567:4 0:16 131567:5 0:1 131567:9 0:58 93133:5 0:5 131567:2 0:65 336722:5 0:69 131567:1 0:16 131567:5 0:7 131567:4 0:10 131567:2 0:5 716546:4 0:158
C	2305	544580	598	0:22 131567:1 0:58 131567:2 0:48 131567:4 0:4 131567:5 0:1 131567:5 0:70 131567:1 0:13 131567:1 0:19 544580:1 0:3 544580:2 0:4 544580:5 0:2 544580:5 0:33 131567:3 0:12 131567:11 0:1 131567:8 0:17 131567:5 0:6 131567:5 0:16 131567:4 0:1 131567:5 0:12 131567:5 0:2 131567:5 0:4 131567:2 0:45 131567:1 0:16 131567:2 0:26 131567:1 0:10 131567:2 0:7 131567:1 0:13 131567:1 0:6
C	2306	569360	794	0:9 569360:5 0:191 5125:5 0:8 131567:5 0:4 716546:3 0:51 716546:1 0:32 147550:5 0:165 716546:5 0:1 131567:3 5144:5 0:44 131567:5 0:5 716545:1 0:207
C	2308	40324	922	0:187 477697:2 0:55 477697:3 0:13 131567:1 0:20 40324:5 0:190 3273430:5 0:72 40324:5 0:13 131567:5 0:3 2:5 0:304
C	2309	477697	1012	0:358 477697:1 0:5 477697:5 0:16 2:5 0:36 227086:1 0:233 131567:5 0:14 2:6 131567:7 0:18 131567:1 0:13 477697:3 0:55 477697:2 0:194
C	2311	40324	926	0:244 477697:3 0:13 131567:1 0:20 40324:5 0:20 131567:5 0:15 2:3 0:232 40324:5 0:13 131567:5 0:3 2:5 0:300
C	2312	181762	1068	0:8 181762:1 0:1 181762:5 0:262 131567:5 0:26 131567:5 0:113 5338:3 0:177 131567:1 0:10 131567:3 0:414
C	2313	1224	1036	0:421 2:5 0:3 131567:5 0:13 40324:5 0:71 3273430:5 0:150 2:3 0:15 131567:5 0:27 508771:1 0:52 9606:5 0:216
C	2315	544580	896	0:64 131567:4 0:63 131567:5 0:8 131567:2 0:7 131567:4 0:14 131567:4 0:19 131567:8 0:7 131567:5 0:19 131567:4 0:6 131567:5 0:100 131567:1 0:13 131567:1 0:7 131567:2 0:10 131567:1 0:26 131567:2 0:16 131567:1 0:46 131567:5 0:4 131567:5 0:2 131567:5 0:12 131567:5 0:1 131567:4 0:16 131567:5 0:6 131567:5 0:17 131567:8 0:1 131567:11 0:12 131567:3 0:33 544580:5 0:2 544580:5 0:4 544580:2 0:3 544580:1 0:19 131567:1 0:13 131567:1 0:71 131567:5 0:1 131567:5 0:4 131567:4 0:82
C	2316	40324	930	0:340 40324:5 0:72 3273430:5 0:161 131567:5 0:20 40324:5 0:20 131567:1 0:13 477697:3 0:55 477697:2 0:189
C	2317	332648	762	0:155 332648:2 0:2 716545:1 0:22 131567:2 0:13 131567:5 0:4 716546:3 0:34 716546:2 0:9 716546:1 0:43 131567:6 0:113 37727:1 0:62 131567:3 0:33 131567:1 0:16 131567:5 0:7 131567:4 0:10 131567:2 0:5 716546:4 0:158
C	2318	544580	845	0:46 131567:4 0:16 131567:4 0:63 131567:5 0:8 131567:2 0:85 131567:4 0:6 131567:4 0:98 131567:1 0:13 131567:1 0:7 131567:2 0:10 131567:2 0:43 131567:1 0:61 131567:5 0:12 131567:5 0:1 131567:4 0:16 131567:5 0:6 131567:5 0:17 131567:8 0:1 131567:11 0:12 131567:3 0:33 544580:5 0:2 544580:5 0:4 544580:2 0:3 544580:1 0:19 131567:1 0:13 131567:1 0:68 131567:5 0:1 131567:5 0:4 131567:4 0:38
C	2319	40324	921	0:477 3273430:1 0:71 40324:5 0:22 2:5 0:306
C	2320	477697	1280	0:266 477697:5 0:12 131567:4 0:18 477697:4 0:353 131567:5 0:13 40324:5 0:247 131567:4 0:20 40324:5 0:35 477697:2 0:55 477697:2 0:191
C	2321	131567	640	0:65 131567:5 0:2 131567:5 0:4 131567:5 0:45 131567:1 0:45 131567:1 0:10 131567:2 0:7 131567:1 0:13 131567:1 0:11 131567:1 0:19 131567:4 0:97 131567:5 0:7 131567:8 0:19 131567:4 0:14 131567:4 0:7 131567:2 0:8 131567:5 0:63 131567:4 0:16 131567:4 0:92
C	2322	544580	736	0:22 131567:1 0:108 131567:4 0:4 131567:5 0:1 131567:5 0:70 131567:1 0:13 131567:1 0:19 544580:1 0:3 544580:2 0:4 544580:5 0:2 544580:5 0:33 131567:3 0:12 131567:11 0:1 131567:8 0:17 131567:5 0:6 131567:5 0:16 131567:4 0:1 131567:5 0:12 131567:5 0:2 131567:5 0:4 131567:5 0:46 131567:1 0:44 131567:1 0:45 131567:1 0:19 131567:4 0:63 131567:4 0:6 131567:4 0:19 131567:5 0:4
C	2323	477697	748	0:36 477697:3 0:13 131567:1 0:18 131567:7 2:6 0:190 3273430:5 0:60 227086:1 0:29 131567:5 0:3 2:5 0:16 477697:5 0:5 477697:1 0:305
C	2324	544580	712	0:7 131567:2 0:7 131567:4 0:14 131567:4 0:19 131567:8 0:7 131567:5 0:19 131567:4 0:6 131567:4 0:63 131567:4 0:19 131567:1 0:11 131567:1 0:13 131567:1 0:7 131567:2 0:10 131567:1 0:26 131567:2 0:16 131567:1 0:46 131567:5 0:4 131567:5 0:2 131567:5 0:12 131567:5 0:1 131567:4 0:16 131567:5 0:6 131567:5 0:17 131567:8 0:1 131567:11 0:48 544580:5 0:2 544580:5 0:4 544580:2 0:3 544580:1 0:19 131567:1 0:13 131567:1 0:70 131567:5 0:1 131567:5 0:4 131567:4 0:39
C	2326	131567	847	0:46 131567:4 0:16 131567:4 0:63 131567:5 0:8 131567:2 0:7 131567:4 0:14 131567:4 0:19 131567:8 0:7 131567:5 0:19 131567:4 0:6 131567:4 0:63 131567:4 0:19 131567:1 0:11 131567:1 0:13 131567:1 0:7 131567:2 0:10 131567:1 0:26 131567:2 0:67 131567:5 0:4 131567:5 0:19 131567:5 0:1 131567:4 0:16 131567:5 0:6 131567:5 0:52 131567:3 0:79 131567:1 0:69 131567:5 0:1 131567:5 0:4 131567:4 0:38
C	2327	544580	847	0:46 131567:4 0:16 131567:4 0:63 131567:5 0:8 131567:2 0:7 131567:5 0:36 131567:8 0:7 131567:5 0:119 131567:1 0:11 131567:1 0:13 131567:1 0:7 131567:2 0:10 131567:1 0:161 131567:5 0:17 131567:3 0:82 544580:2 0:3 544580:1 0:19 131567:1 0:13 131567:1 0:68 131567:5 0:1 131567:5 0:44
C	2328	490731	1236	0:111 490731:3 0:7 490731:5 0:13 490731:1 0:425 131567:3 0:131 181124:1 0:119 131567:5 0:5 131567:9 0:8 131567:5 0:54 131567:5 0:30 131567:2 0:260
C	2329	544580	848	0:46 131567:4 0:16 131567:4 0:63 131567:5 0:8 131567:2 0:7 131567:4 0:14 131567:4 0:32 131567:5 0:19 131567:4 0:6 131567:4 0:63 131567:4 0:29 131567:4 0:13 131567:1 0:7 131567:2 0:116 131567:5 0:12 131567:5 0:1 131567:4 0:16 131567:5 0:6 131567:5 0:17 131567:8 0:1 131567:6 0:53 544580:5 0:2 544580:5 0:4 544580:2 0:3 544580:1 0:19 131567:1 0:13 131567:1 0:71 131567:5 0:1 131567:5 0:4 131567:4 0:38
C	2330	544580	995	0:22 131567:1 0:109 131567:4 0:4 131567:5 0:1 131567:5 0:103 544580:1 0:3 544580:2 0:4 544580:5 0:2 544580:5 0:33 131567:3 0:12 131567:11 0:1 131567:8 0:17 131567:5 0:6 131567:5 0:16 131567:4 0:1 131567:5 0:12 131567:5 0:2 131567:5 0:4 131567:5 0:91 131567:1 0:10 131567:2 0:7 131567:1 0:13 131567:1 0:11 131567:1 0:19 131567:4 0:63 131567:4 0:6 131567:4 0:19 131567:5 0:7 131567:8 0:19 131567:4 0:14 131567:4 0:7 131567:2 0:8 131567:5 0:63 131567:4 0:2 9606:3 0:62 131567:5 0:16 131567:1 0:19 131567:1 0:9
C	2331	544580	852	0:46 131567:4 0:16 131567:4 0:103 131567:4 0:19 131567:8 0:31 131567:4 0:101 131567:1 0:11 131567:1 0:60 131567:2 0:120 131567:5 0:6 131567:5 0:84 544580:5 0:2 544580:5 0:4 544580:2 0:3 544580:1 0:19 131567:1 0:13 131567:1 0:72 131567:5 0:1 131567:5 0:4 131567:4 0:36
C	2332	5338	1091	0:275 131567:2 0:62 131567:5 0:33 131567:9 0:69 5338:3 0:119 4751:2 0:56 131567:1 0:10 131567:3 0:408
C	2333	477697	823	0:245 477697:3 0:13 131567:1 0:18 131567:7 2:6 0:58 2:1 0:180 227086:1 0:29 131567:3 0:224
C	2334	181762	1279	0:219 181762:1 0:1 181762:5 0:227 131567:5 0:30 131567:5 0:26 131567:4 0:112 5338:3 0:60 181124:1 0:61 4751:2 0:57 131567:1 0:10 131567:3 0:412
C	2335	5478	917	0:45 131567:4 0:16 131567:4 0:125 131567:8 0:7 131567:5 0:19 131567:4 0:6 131567:4 0:62 131567:4 0:19 131567:1 0:11 131567:1 0:13 131567:1 0:7 131567:2 0:10 131567:1 0:26 131567:2 0:16 131567:1 0:71 5478:7 0:26 131567:5 0:6 131567:5 0:17 131567:3 0:114 9606:5 0:141 131567:5 0:1 131567:5 0:4 131567:4 0:40
C	2336	544580	843	0:45 131567:4 0:16 131567:4 0:62 131567:5 0:8 131567:2 0:7 131567:4 0:14 131567:4 0:19 131567:6 0:32 131567:4 0:6 131567:4 0:63 131567:4 0:19 131567:1 0:11 131567:1 0:13 131567:1 0:7 131567:2 0:10 131567:1 0:106 131567:5 0:12 131567:5 0:1 131567:4 0:16 131567:5 0:6 131567:5 0:17 131567:8 0:1 131567:11 0:12 131567:3 0:41 544580:5 0:4 544580:2 0:3 544580:1 0:19 131567:1 0:13 131567:1 0:66 131567:5 0:1 131567:5 0:4 131567:4 0:38
C	2337	544580	852	0:46 131567:4 0:16 131567:4 0:63 131567:5 0:39 131567:1 0:57 131567:4 0:6 131567:4 0:63 131567:4 0:19 131567:1 0:11 131567:1 0:13 131567:1 0:7 131567:2 0:10 131567:1 0:26 131567:2 0:16 131567:1 0:49 131567:2 0:4 131567:5 0:2 131567:5 0:12 131567:5 0:1 131567:4 0:16 131567:5 0:6 131567:5 0:17 131567:8 0:63 544580:5 0:2 544580:5 0:4 544580:2 0:3 544580:1 0:19 131567:1 0:13 131567:1 0:69 131567:5 0:1 131567:5 0:4 131567:4 0:38
C	2339	544580	849	0:46 131567:4 0:16 131567:4 0:63 131567:5 0:8 131567:2 0:7 131567:4 0:14 131567:4 0:19 131567:8 0:7 131567:5 0:19 131567:4 0:6 131567:4 0:87 131567:1 0:11 131567:1 0:13 131567:1 0:7 131567:2 0:10 131567:1 0:26 131567:2 0:16 131567:1 0:46 131567:5 0:4 131567:5 0:2 131567:5 0:12 131567:5 0:1 131567:4 0:16 131567:5 0:6 131567:5 0:17 131567:2 0:65 544580:5 0:2 544580:5 0:4 544580:2 0:3 544580:1 0:19 131567:1 0:13 131567:1 0:69 131567:5 0:1 131567:5 0:4 131567:4 0:38
C	2340	544580	528	0:39 131567:4 0:4 131567:5 0:1 131567:5 0:64 131567:1 0:13 131567:1 0:19 544580:1 0:3 544580:2 0:4 544580:5 0:40 131567:3 0:12 131567:8 0:29 131567:5 0:6 131567:5 0:16 131567:4 0:1 131567:5 0:12 131567:5 0:2 131567:5 0:4 131567:5 0:62 131567:2 0:70 131567:1 0:21
C	2341	544580	895	0:36 131567:4 0:4 131567:5 0:75 131567:1 0:13 131567:1 0:19 544580:1 0:3 544580:2 0:4 544580:5 0:2 544580:5 0:33 131567:3 0:12 131567:11 0:1 131567:8 0:17 131567:5 0:6 131567:5 0:16 131567:4 0:1 131567:5 0:12 131567:5 0:2 131567:5 0:4 131567:5 0:46 131567:1 0:16 131567:2 0:26 131567:1 0:10 131567:2 0:7 131567:1 0:13 131567:1 0:11 131567:1 0:19 131567:4 0:63 131567:4 0:6 131567:4 0:19 131567:5 0:7 131567:8 0:19 131567:4 0:14 131567:4 0:7 131567:2 0:8 131567:5 0:63 131567:4 0:16 131567:4 0:51 131567:5 0:16 131567:1 0:21
C	2342	544580	822	0:39 131567:4 0:4 131567:5 0:1 131567:5 0:104 544580:1 0:3 544580:2 0:4 544580:5 0:2 544580:5 0:30 131567:5 0:12 131567:11 0:1 131567:8 0:17 131567:5 0:6 131567:5 0:16 131567:4 0:1 131567:5 0:12 131567:5 0:2 131567:5 0:4 131567:5 0:46 131567:1 0:16 131567:2 0:26 131567:1 0:10 131567:2 0:7 131567:1 0:13 131567:1 0:11 131567:1 0:93 588596:5 0:23 131567:5 0:51 131567:4 0:7 131567:2 0:8 131567:5 0:63 131567:4 0:16 131567:4 0:17
C	2343	544580	536	0:36 131567:4 0:4 131567:5 0:1 131567:5 0:70 131567:1 0:13 131567:1 0:19 544580:1 0:3 544580:2 0:4 544580:5 0:2 544580:5 0:33 131567:3 0:12 131567:11 0:1 131567:8 0:17 131567:5 0:6 131567:5 0:16 131567:4 0:1 131567:5 0:12 131567:5 0:2 131567:5 0:4 131567:2 0:50 131567:1 0:16 131567:2 0:26 131567:1 0:10 131567:2 0:7 131567:1 0:13 131567:1 0:11 131567:1 0:19 131567:3
C	2344	544580	720	0:37 131567:4 0:4 131567:5 0:1 131567:5 0:70 131567:1 0:13 131567:1 0:19 544580:1 0:3 544580:2 0:4 544580:5 0:2 544580:5 0:33 131567:3 0:12 131567:11 0:1 131567:8 0:17 131567:5 0:6 131567:5 0:16 131567:4 0:1 131567:5 0:12 131567:5 0:2 131567:5 0:4 131567:5 0:46 131567:1 0:39 131567:2 0:10 131567:2 0:7 131567:1 0:13 131567:1 0:11 131567:1 0:92 131567:4 0:19 131567:5 0:7 131567:8 0:19 131567:4 0:14 131567:4 0:7 131567:2 0:8 131567:5 0:12
C	2345	544580	724	0:35 131567:4 0:4 131567:5 0:1 131567:5 0:68 131567:1 0:13 131567:1 0:19 544580:1 0:3 544580:2 0:4 544580:5 0:2 544580:5 0:33 131567:3 0:12 131567:9 0:29 131567:5 0:6 131567:5 0:16 131567:4 0:1 131567:5 0:12 131567:5 0:2 131567:5 0:4 131567:5 0:46 131567:1 0:16 131567:2 0:26 131567:2 0:64 131567:4 0:63 131567:4 0:6 131567:4 0:19 131567:5 0:7 131567:8 0:19 131567:4 0:14 131567:4 0:7 131567:2 0:8 131567:5 0:11
C	2346	544580	843	0:63 131567:4 0:64 131567:5 0:8 131567:2 0:7 131567:4 0:14 131567:4 0:19 131567:8 0:7 131567:5 0:19 131567:4 0:6 131567:4 0:83 131567:1 0:11 131567:1 0:13 131567:1 0:7 131567:2 0:10 131567:1 0:26 131567:2 0:16 131567:1 0:103 131567:5 0:6 131567:5 0:17 131567:8 0:1 131567:11 0:12 131567:3 0:33 544580:5 0:2 544580:5 0:4 544580:2 0:3 544580:1 0:19 131567:1 0:13 131567:1 0:70 131567:5 0:1 131567:5 0:4 131567:4 0:38
C	2347	3273430	943	0:189 477697:2 0:71 131567:1 0:20 40324:5 0:85 3273430:5 0:103 3273430:5 0:93 131567:5 0:3 2:5 0:317
C	2348	544580	987	0:20 131567:1 0:58 131567:2 0:48 131567:4 0:4 131567:5 0:1 131567:5 0:69 131567:1 0:43 544580:5 0:2 544580:5 0:30 131567:5 0:12 131567:11 0:1 131567:8 0:17 131567:5 0:6 131567:5 0:16 131567:4 0:1 131567:5 0:12 131567:5 0:2 131567:5 0:4 131567:5 0:46 131567:1 0:16 131567:2 0:26 131567:1 0:10 131567:2 0:7 131567:1 0:13 131567:1 0:11 131567:1 0:122 131567:5 0:7 131567:8 0:19 131567:4 0:14 131567:4 0:7 131567:2 0:8 131567:5 0:63 131567:4 0:16 131567:4 0:91
C	2351	477697	961	0:191 477697:2 0:55 477697:3 0:13 131567:1 0:18 131567:7 2:6 0:193 3273430:3 0:92 131567:5 0:3 2:5 0:16 477697:5 0:5 477697:1 0:303
C	2353	544580	1056	0:99 131567:1 0:58 131567:2 0:56 131567:5 0:1 131567:5 0:70 131567:1 0:13 131567:1 0:19 544580:1 0:3 544580:2 0:4 544580:5 0:2 544580:5 0:33 131567:3 0:12 131567:11 0:1 131567:5 0:30 131567:5 0:16 131567:4 0:1 131567:5 0:12 131567:5 0:2 131567:5 0:4 131567:5 0:64 131567:1 0:26 131567:1 0:10 131567:2 0:7 131567:1 0:13 131567:1 0:11 131567:1 0:19 131567:4 0:63 131567:4 0:6 131567:4 0:19 131567:5 0:7 131567:8 0:19 131567:4 0:14 131567:4 0:7 131567:2 0:8 131567:5 0:63 131567:4 0:16 131567:4 0:73 131567:1 0:9
C	2354	544580	848	0:46 131567:4 0:16 131567:4 0:63 131567:5 0:8 131567:2 0:7 131567:4 0:38 131567:7 0:7 131567:5 0:19 131567:4 0:6 131567:4 0:63 131567:4 0:19 131567:1 0:11 131567:1 0:76 131567:1 0:79 131567:5 0:1 131567:4 0:16 131567:5 0:6 131567:5 0:17 131567:8 0:1 131567:11 0:12 131567:3 0:33 544580:5 0:2 544580:5 0:4 544580:2 0:3 544580:1 0:19 131567:1 0:13 131567:1 0:70 131567:5 0:1 131567:5 0:4 131567:4 0:38
C	2355	544580	976	0:22 131567:1 0:58 131567:2 0:48 131567:4 0:4 131567:5 0:1 131567:5 0:71 131567:1 0:13 131567:1 0:34 544580:5 0:33 131567:3 0:12 131567:11 0:1 131567:8 0:17 131567:5 0:6 131567:5 0:16 131567:4 0:1 131567:5 0:79 131567:1 0:16 131567:6 0:56 131567:1 0:11 131567:1 0:95 131567:4 0:19 131567:5 0:32 131567:5 0:14 131567:4 0:7 131567:2 0:8 131567:5 0:63 131567:4 0:16 131567:4 0:51 131567:5 0:16 131567:1 0:9
C	2356	544580	849	0:46 131567:4 0:16 131567:4 0:85 131567:4 0:14 131567:4 0:19 131567:8 0:7 131567:5 0:19 131567:4 0:6 131567:4 0:63 131567:4 0:19 131567:1 0:44 131567:1 0:89 131567:5 0:4 131567:5 0:45 131567:5 0:6 131567:5 0:17 131567:8 0:1 131567:11 0:12 131567:5 0:32 544580:5 0:2 544580:5 0:4 544580:2 0:3 544580:1 0:19 131567:1 0:13 131567:1 0:69 131567:5 0:1 131567:5 0:48
C	2357	181762	976	0:23 131567:3 0:5 5204:2 0:278 131567:3 0:10 131567:1 0:5 131567:5 0:3 131567:5 0:3 131567:1 0:137 456999:2 0:21 5338:3 0:58 131567:5 0:5 131567:9 0:8 131567:5 0:22 131567:4 0:18 131567:2 0:12 131567:2 0:9 131567:5 0:49 181762:1 0:3 181762:5 0:92 181124:2 0:116
C	2358	544580	850	0:47 131567:4 0:16 131567:2 0:106 131567:4 0:32 131567:5 0:19 131567:4 0:6 131567:4 0:63 131567:4 0:19 131567:1 0:11 131567:1 0:13 131567:1 0:7 131567:2 0:55 131567:1 0:46 131567:5 0:4 131567:5 0:2 131567:5 0:50 131567:5 0:17 131567:8 0:1 131567:11 0:12 131567:3 0:33 544580:5 0:2 544580:5 0:4 544580:2 0:3 544580:1 0:19 131567:1 0:83 131567:5 0:1 131567:5 0:4 131567:4 0:38
C	2360	477697	1053	0:189 477697:2 0:54 477697:3 0:38 2:7 0:14 131567:5 0:15 2:3 0:22 2:1 0:126 3273430:5 0:60 227086:1 0:29 131567:5 0:3 2:5 0:16 477697:5 0:5 477697:1 0:405
C	2362	5125	989	0:135 131567:1 147550:2 0:28 147550:1 0:220 716545:1 0:5 131567:5 0:16 131567:1 0:28 5144:5 131567:3 0:1 716546:5 0:164 147550:5 0:32 716546:1 0:51 716546:3 0:4 131567:5 0:8 5125:5 0:2 5125:5 0:9 5144:2 0:202
C	2363	544580	847	0:44 131567:5 0:16 131567:4 0:63 131567:5 0:8 131567:2 0:7 131567:4 0:14 131567:4 0:34 131567:4 0:19 131567:4 0:6 131567:4 0:63 131567:4 0:19 131567:1 0:11 131567:1 0:13 131567:1 0:7 131567:2 0:10 131567:1 0:26 131567:2 0:16 131567:1 0:46 131567:5 0:4 131567:5 0:2 131567:5 0:12 131567:5 0:1 131567:4 0:16 131567:5 0:6 131567:5 0:17 131567:8 0:1 131567:11 0:46 544580:5 0:2 544580:5 0:4 544580:2 0:3 544580:1 0:19 131567:1 0:13 131567:1 0:71 131567:5 0:1 131567:5 0:4 131567:4 0:38
C	2364	477697	1375	0:188 477697:2 0:57 477697:3 0:13 131567:1 0:45 131567:5 0:171 3273430:5 0:60 227086:1 0:29 131567:5 0:3 2:5 0:16 477697:5 0:5 477697:1 0:341 477697:4 0:34 477697:5 0:337
C	2365	131567	567	0:43 131567:4 0:16 131567:4 0:63 131567:5 0:8 131567:2 0:7 131567:4 0:14 131567:4 0:36 131567:4 0:96 131567:4 0:19 131567:1 0:11 131567:1 0:13 131567:1 0:7 131567:2 0:10 131567:1 0:26 131567:2 0:16 131567:1 0:62 131567:5 0:12 131567:5 0:1 131567:4 0:16 131567:3
C	2366	544580	850	0:46 131567:4 0:16 131567:4 0:63 131567:5 0:8 131567:2 0:7 131567:2 0:38 131567:7 0:7 131567:5 0:19 131567:4 0:6 131567:4 0:63 131567:4 0:19 131567:1 0:11 131567:1 0:13 131567:1 0:7 131567:2 0:10 131567:1 0:26 131567:2 0:16 131567:1 0:46 131567:5 0:4 131567:5 0:2 131567:5 0:39 131567:5 0:6 131567:5 0:17 131567:8 0:1 131567:11 0:12 131567:3 0:33 544580:5 0:2 544580:5 0:4 544580:2 0:3 544580:1 0:19 131567:1 0:13 131567:1 0:128
C	2367	544580	976	0:22 131567:1 0:58 131567:2 0:48 131567:4 0:4 131567:5 0:1 131567:5 0:66 131567:1 0:13 131567:1 0:19 544580:1 0:3 544580:2 0:4 544580:5 0:2 544580:5 0:33 131567:3 0:12 131567:11 0:1 131567:8 0:17 131567:5 0:6 131567:5 0:16 131567:4 0:1 131567:5 0:12 131567:5 0:2 131567:5 0:4 131567:5 0:46 131567:1 0:16 131567:2 0:26 131567:1 0:10 131567:2 0:7 131567:1 0:13 131567:1 0:11 131567:1 0:19 131567:4 0:63 131567:4 0:6 131567:4 0:19 131567:5 0:7 131567:8 0:19 131567:4 0:14 131567:4 0:7 131567:2 0:8 131567:5 0:170
C	2369	1423913	1076	0:236 1423913:5 0:6 131567:2 0:30 131567:5 0:26 131567:4 0:22 131567:5 0:8 131567:9 0:5 131567:5 0:241 131567:1 0:10 131567:3 0:419
C	2370	456999	919	0:106 181124:2 0:154 456999:2 0:2 456999:5 131567:2 0:12 131567:2 0:44 131567:3 0:87 5338:3 0:21 456999:2 0:147 131567:5 0:5 131567:1 0:10 131567:3 0:267
C	2371	2	548	0:18 3273430:5 0:151 2:3 0:15 131567:5 0:20 40324:5 0:20 131567:1 0:13 477697:3 0:56 477697:2 0:197
C	2372	544580	971	0:22 131567:1 0:58 131567:2 0:48 131567:4 0:4 131567:5 0:1 131567:5 0:102 544580:1 0:3 544580:2 0:4 544580:5 0:2 544580:5 0:33 131567:3 0:12 131567:11 0:1 131567:8 0:17 131567:5 0:6 131567:5 0:54 131567:5 0:87 131567:2 0:10 131567:2 0:7 131567:1 0:13 131567:1 0:11 131567:1 0:19 131567:4 0:63 131567:4 0:6 131567:4 0:19 131567:5 0:7 131567:8 0:19 131567:4 0:14 131567:4 0:7 131567:2 0:74 131567:4 0:70 131567:5 0:26
C	2373	544580	980	0:22 131567:1 0:58 131567:2 0:48 131567:4 0:4 131567:5 0:1 131567:5 0:70 131567:1 0:13 131567:1 0:19 544580:1 0:3 544580:2 0:4 544580:5 0:2 544580:5 0:33 131567:3 0:12 131567:11 0:1 131567:8 0:17 131567:5 0:6 131567:5 0:16 131567:4 0:1 131567:5 0:12 131567:5 0:2 131567:5 0:4 131567:5 0:92 131567:1 0:10 131567:2 0:7 131567:1 0:13 131567:1 0:11 131567:1 0:19 131567:4 0:63 131567:4 0:6 131567:4 0:74 131567:4 0:7 131567:2 0:8 131567:5 0:63 131567:4 0:73 131567:5 0:16 131567:1 0:9
C	2374	544580	828	0:118 131567:5 0:8 131567:2 0:7 131567:4 0:14 131567:4 0:39 2916678:5 0:12 131567:4 0:6 131567:4 0:84 131567:1 0:11 131567:1 0:13 131567:1 0:7 131567:2 0:10 131567:1 0:26 131567:2 0:16 131567:1 0:59 131567:5 0:12 131567:5 0:1 131567:4 0:16 131567:5 0:6 131567:5 0:17 131567:8 0:1 131567:11 0:48 544580:5 0:2 544580:5 0:4 544580:2 0:3 544580:1 0:19 131567:1 0:13 131567:1 0:70 131567:5 0:1 131567:5 0:4 131567:4 0:38
C	2375	2771012	1002	0:384 2:5 0:289 131567:7 0:135 2771012:5 0:143
C	2376	1224	926	0:244 477697:3 0:13 131567:1 0:219 3273430:5 0:72 40324:5 0:13 131567:5 0:3 2:5 0:304
C	2377	131567	994	0:22 131567:1 0:108 131567:4 0:4 131567:5 0:1 131567:5 0:73 131567:1 0:13 131567:1 0:78 131567:3 0:12 131567:7 0:152 131567:1 0:16 131567:2 0:26 131567:1 0:10 131567:2 0:7 131567:1 0:112 131567:4 0:6 131567:4 0:19 131567:5 0:7 131567:8 0:19 131567:4 0:14 131567:4 0:7 131567:2 0:8 131567:5 0:62 131567:4 0:16 131567:5 0:89
C	2378	544580	996	0:287 544580:1 0:3 544580:2 0:4 544580:5 0:2 544580:5 0:33 131567:3 0:49 131567:5 0:48 131567:5 0:2 131567:5 0:4 131567:5 0:122 131567:1 0:11 131567:1 0:19 131567:4 0:57 131567:4 0:6 131567:4 0:51 131567:4 0:14 131567:4 0:7 131567:2 0:8 131567:5 0:61 131567:4 0:105
C	2379	544580	858	0:46 131567:4 0:16 131567:2 0:66 131567:5 0:8 131567:2 0:7 131567:4 0:14 131567:4 0:19 131567:8 0:7 131567:5 0:19 131567:4 0:6 131567:4 0:97 131567:1 0:13 131567:1 0:7 131567:2 0:10 131567:1 0:26 131567:2 0:16 131567:1 0:46 131567:5 0:4 131567:5 0:2 131567:5 0:12 131567:5 0:1 131567:4 0:16 131567:5 0:6 131567:5 0:17 131567:8 0:1 131567:11 0:12 131567:3 0:33 544580:5 0:37 131567:1 0:13 131567:1 0:69 131567:5 0:1 131567:5 0:4 131567:4 0:46
C	2380	181762	1068	0:9 181762:5 0:220 1423913:5 0:6 131567:2 0:59 131567:4 0:22 131567:5 0:8 131567:9 0:5 131567:5 0:58 5338:3 0:59 181124:1 0:63 4751:2 0:61 131567:1 0:10 131567:3 0:409
C	2381	477697	1004	0:2 477697:4 0:343 477697:1 0:5 477697:5 0:16 2:5 0:17 131567:3 0:1 131567:5 0:72 3273430:5 0:163 131567:5 0:45 131567:2 0:13 477697:3 0:55 477697:2 0:198
C	2382	544580	980	0:22 131567:1 0:110 131567:4 0:4 131567:5 0:1 131567:5 0:65 131567:1 0:13 131567:1 0:19 544580:1 0:3 544580:2 0:4 544580:5 0:2 544580:5 0:33 131567:3 0:57 131567:5 0:16 131567:2 0:35 131567:2 0:90 131567:1 0:10 131567:2 0:7 131567:1 0:13 131567:1 0:11 131567:1 0:19 131567:4 0:64 131567:4 0:18 131567:2 0:21 131567:8 0:38 131567:4 0:7 131567:2 0:8 131567:5 0:63 131567:4 0:112
C	2383	131567	846	0:62 131567:4 0:61 131567:5 0:8 131567:2 0:7 131567:4 0:37 131567:7 0:7 131567:5 0:19 131567:4 0:6 131567:5 0:61 131567:4 0:19 131567:1 0:11 131567:1 0:13 131567:1 0:7 131567:2 0:10 131567:1 0:45 131567:1 0:47 131567:2 0:4 131567:5 0:2 131567:5 0:12 131567:5 0:1 131567:4 0:51 131567:6 0:1 131567:11 0:236
C	2384	296543	907	0:95 131567:2 0:61 131567:4 0:17 296543:2 0:270 131567:1 0:10 131567:3 0:408
C	2385	477697	991	0:2 477697:2 0:36 1884633:1 0:316 131567:3 0:8 131567:5 0:245 2:3 0:40 40324:5 0:20 131567:1 0:13 477697:3 0:55 477697:2 0:39 477697:5 0:153
C	2386	2	1017	0:273 477697:2 0:56 477697:3 0:13 131567:1 0:20 40324:5 0:83 3273430:5 0:197 131567:5 0:3 2:5 0:312
C	2387	544580	848	0:46 131567:4 0:16 131567:4 0:63 131567:5 0:8 131567:2 0:7 131567:4 0:14 131567:4 0:19 131567:8 0:7 131567:5 0:19 131567:4 0:6 131567:4 0:63 131567:4 0:45 131567:5 0:3 131567:2 0:10 131567:1 0:26 131567:2 0:94 131567:5 0:1 131567:4 0:16 131567:5 0:6 131567:5 0:17 131567:8 0:1 131567:11 0:12 131567:3 0:33 544580:5 0:2 544580:5 0:4 544580:2 0:3 544580:1 0:19 131567:1 0:13 131567:1 0:70 131567:5 0:1 131567:5 0:4 131567:4 0:38
C	2388	181762	1059	0:8 181762:1 0:1 181762:5 0:231 131567:2 0:30 131567:5 0:26 131567:4 0:112 5338:3 0:176 131567:1 0:10 131567:3 0:407
C	2389	1224	984	0:235 477697:2 0:90 40324:5 0:83 3273430:5 0:202 131567:5 0:8 131567:3 0:312
C	2391	544580	972	0:79 131567:2 0:48 131567:4 0:4 131567:5 0:110 544580:1 0:3 544580:2 0:4 544580:5 0:2 544580:5 0:33 131567:3 0:12 131567:6 0:83 131567:5 0:2 131567:5 0:4 131567:5 0:46 131567:1 0:49 131567:5 0:7 131567:1 0:13 131567:1 0:11 131567:1 0:19 131567:4 0:72 131567:4 0:58 131567:4 0:14 131567:4 0:7 131567:2 0:8 131567:5 0:63 131567:4 0:16 131567:4 0:73 131567:1 0:9
C	2392	544580	1413	0:22 131567:1 0:58 131567:2 0:48 131567:4 0:4 131567:5 0:1 131567:5 0:69 131567:1 0:35 544580:2 0:4 544580:5 0:2 544580:5 0:33 131567:3 0:12 131567:11 0:1 131567:8 0:17 131567:5 0:6 131567:5 0:16 131567:4 0:38 131567:5 0:46 131567:1 0:16 131567:2 0:26 131567:1 0:10 131567:2 0:7 131567:1 0:13 131567:1 0:11 131567:1 0:19 131567:4 0:63 131567:4 0:6 131567:4 0:19 131567:5 0:32 131567:5 0:14 131567:4 0:7 131567:2 0:8 131567:5 0:63 131567:4 0:16 131567:4 0:74 131567:1 0:19 131567:1 0:118 2:3 0:4 2:1 0:295
C	2393	181762	959	0:298 131567:3 0:10 131567:1 0:56 4751:2 0:62 181124:1 0:120 131567:5 0:5 131567:9 0:8 131567:5 0:22 131567:4 0:26 131567:5 0:30 131567:2 0:229 181762:5 0:1 181762:1 0:15
C	2394	544580	509	0:2 131567:5 0:1 131567:5 0:71 131567:1 0:13 131567:1 0:19 544580:1 0:3 544580:2 0:4 544580:5 0:2 544580:5 0:33 131567:3 0:12 131567:11 0:1 131567:8 0:17 131567:5 0:6 131567:5 0:16 131567:4 0:1 131567:5 0:12 131567:5 0:2 131567:5 0:4 131567:5 0:46 131567:1 0:16 131567:2 0:26 131567:1 0:10 131567:2 0:7 131567:1 0:13 131567:1 0:11 131567:1 0:37
C	2395	40324	1194	0:11 9606:1 0:443 477697:2 0:55 477697:3 0:13 131567:1 0:20 40324:5 0:191 3273430:5 0:74 40324:5 0:13 131567:5 0:3 2:5 0:305
C	2396	544580	717	0:17 131567:5 0:8 131567:2 0:7 131567:4 0:14 131567:4 0:34 131567:4 0:19 131567:4 0:6 131567:4 0:86 131567:1 0:11 131567:1 0:13 131567:1 0:7 131567:2 0:10 131567:2 0:45 131567:1 0:78 131567:5 0:1 131567:4 0:16 131567:5 0:6 131567:5 0:17 131567:2 0:5 131567:1 0:58 544580:5 0:2 544580:5 0:4 544580:2 0:3 544580:1 0:19 131567:1 0:13 131567:1 0:70 131567:5 0:1 131567:5 0:4 131567:4 0:23
C	2397	544580	850	0:46 131567:4 0:84 131567:5 0:8 131567:2 0:7 131567:4 0:14 131567:4 0:19 131567:8 0:7 131567:5 0:19 131567:4 0:74 131567:4 0:19 131567:1 0:11 131567:1 0:13 131567:1 0:7 131567:2 0:10 131567:1 0:90 131567:5 0:4 131567:5 0:2 131567:5 0:12 131567:5 0:1 131567:4 0:16 131567:5 0:6 131567:5 0:17 131567:8 0:1 131567:11 0:48 544580:5 0:2 544580:5 0:4 544580:2 0:3 544580:1 0:19 131567:1 0:13 131567:1 0:69 131567:5 0:1 131567:5 0:4 131567:4 0:38
C	2398	40324	920	0:187 477697:2 0:54 477697:3 0:13 131567:1 0:20 40324:5 0:20 131567:5 0:166 3273430:5 0:72 40324:5 0:13 131567:5 0:3 2:5 0:302
C	2399	5302	1157	0:41 490731:3 0:7 490731:5 0:13 490731:1 0:430 131567:3 0:10 131567:1 0:55 4751:2 0:62 181124:1 0:59 5338:3 0:58 131567:5 0:5 131567:9 0:8 131567:5 0:22 131567:4 0:26 131567:5 0:30 131567:2 0:230 181762:5 0:1 181762:1 0:11
C	2400	181762	1089	0:8 181762:1 0:1 181762:5 0:219 4751:4 0:7 4751:2 0:57 131567:4 0:108 5338:3 0:213 1716:5 0:418
C	2402	544580	974	0:12 4956:5 0:5 131567:1 0:197 131567:1 0:13 131567:1 0:19 544580:1 0:3 544580:2 0:4 544580:5 0:2 544580:5 0:45 131567:11 0:38 131567:5 0:16 131567:4 0:1 131567:5 0:12 131567:5 0:2 131567:5 0:4 131567:5 0:46 131567:1 0:16 131567:2 0:26 131567:1 0:10 131567:2 0:7 131567:1 0:42 131567:4 0:63 131567:4 0:6 131567:4 0:19 131567:5 0:7 131567:8 0:19 131567:4 0:14 131567:4 0:7 131567:2 0:8 131567:5 0:63 131567:4 0:16 131567:4 0:51 131567:5 0:16 131567:1 0:9
C	2403	131567	856	0:177 131567:4 0:19 131567:8 0:7 131567:5 0:19 131567:4 0:6 131567:4 0:63 131567:4 0:215 131567:5 0:43 131567:6 0:12 131567:3 0:74 131567:1 0:13 131567:1 0:129
C	2404	182096	692	0:48 716546:4 0:20 716546:5 0:39 451871:4 0:16 131567:1 0:9 131567:5 0:7 131567:10 0:5 131567:6 0:42 182096:5 0:98 5052:3 0:20 131567:5 0:6 131567:2 0:8 131567:1 0:37 131567:5 0:7 131567:4 0:10 131567:2 0:5 716546:4 0:215
C	2405	40324	1281	0:267 477697:5 0:382 2:5 0:3 131567:5 0:13 40324:5 0:72 3273430:5 0:168 131567:5 0:20 40324:5 0:20 131567:1 0:13 477697:3 0:250
C	2406	477697	1001	0:349 477697:1 0:5 477697:5 0:16 2:5 0:3 131567:5 0:29 227086:1 0:60 3273430:5 0:166 131567:5 0:14 2:6 131567:7 0:18 131567:1 0:13 477697:3 0:55 477697:2 0:193
C	2407	451864	845	0:133 131567:5 0:8 131567:2 0:163 131567:2 0:19 131567:1 0:11 131567:1 0:13 131567:1 0:7 131567:2 0:10 131567:1 0:90 131567:5 0:4 131567:5 0:2 131567:5 0:49 131567:4 0:12 451864:5 0:11 131567:9 0:12 131567:3 0:74 131567:1 0:13 131567:1 0:70 131567:5 0:1 131567:5 0:4 131567:4 0:38
C	2408	544580	978	0:82 131567:2 0:170 544580:1 0:3 544580:2 0:4 544580:5 0:2 544580:5 0:88 131567:1 0:43 131567:5 0:2 131567:5 0:4 131567:5 0:93 131567:1 0:10 131567:2 0:7 131567:1 0:13 131567:1 0:11 131567:1 0:19 131567:4 0:100 131567:4 0:53 131567:4 0:7 131567:2 0:8 131567:5 0:63 131567:4 0:102
C	2409	131567	840	0:46 131567:4 0:16 131567:4 0:63 131567:5 0:8 131567:2 0:48 131567:7 0:7 131567:5 0:19 131567:4 0:6 131567:4 0:63 131567:4 0:19 131567:1 0:11 131567:1 0:13 131567:1 0:7 131567:2 0:10 131567:1 0:26 131567:2 0:62 131567:5 0:4 131567:5 0:2 131567:5 0:12 131567:5 0:1 131567:4 0:16 131567:5 0:6 131567:5 0:203 131567:5 0:1 131567:5 0:4 131567:4 0:38
C	2410	40324	924	0:188 477697:2 0:91 40324:5 0:20 131567:5 0:15 2:3 0:226 40324:5 0:13 131567:5 0:3 2:5 0:304
C	2411	40324	973	0:2 477697:4 0:372 40324:5 0:245 131567:4 0:20 40324:5 0:20 131567:1 0:13 477697:3 0:55 477697:2 0:188
C	2412	544580	846	0:46 131567:4 0:16 131567:4 0:89 131567:4 0:14 131567:4 0:19 131567:8 0:7 131567:5 0:19 131567:4 0:6 131567:4 0:64 131567:3 0:54 131567:2 0:10 131567:1 0:26 131567:2 0:16 131567:1 0:99 131567:5 0:6 131567:5 0:17 131567:8 0:1 131567:11 0:50 544580:5 0:36 131567:1 0:82 131567:5 0:1 131567:5 0:4 131567:4 0:35
C	2413	544580	850	0:46 131567:4 0:16 131567:4 0:63 131567:5 0:8 131567:2 0:7 131567:4 0:14 131567:4 0:19 131567:8 0:7 131567:5 0:19 131567:4 0:75 131567:4 0:19 131567:1 0:11 131567:1 0:13 131567:1 0:7 131567:2 0:10 131567:1 0:26 131567:2 0:16 131567:1 0:46 131567:5 0:4 131567:5 0:2 131567:5 0:12 131567:5 0:1 131567:4 0:16 131567:5 0:6 131567:5 0:17 131567:8 0:1 131567:11 0:12 131567:3 0:33 544580:5 0:2 544580:5 0:4 544580:2 0:3 544580:1 0:19 131567:1 0:13 131567:1 0:71 131567:5 0:1 131567:5 0:4 131567:4 0:35
C	2415	477697	974	0:216 477697:2 0:70 131567:1 0:18 131567:7 2:6 0:14 131567:5 0:15 2:3 0:22 2:1 0:194 227086:1 0:37 2:5 0:16 477697:5 0:5 477697:1 0:296
C	2416	40324	940	0:281 40324:5 0:295 131567:5 0:3 2:5 0:312
C	2417	544580	977	0:143 131567:5 0:96 544580:1 0:3 544580:2 0:4 544580:5 0:2 544580:5 0:57 131567:8 0:17 131567:5 0:6 2093779:5 0:17 131567:5 0:12 131567:5 0:2 131567:6 0:99 131567:1 0:10 131567:2 0:7 131567:1 0:13 131567:1 0:11 131567:1 0:19 131567:4 0:99 131567:5 0:7 131567:5 0:227 131567:1 0:19
C	2418	544580	964	0:80 131567:2 0:125 131567:1 0:13 131567:1 0:19 544580:1 0:3 544580:2 0:4 544580:5 0:2 544580:5 0:33 131567:3 0:12 131567:11 0:1 131567:8 0:17 131567:5 0:43 131567:5 0:113 131567:1 0:10 131567:2 0:7 131567:1 0:6 9606:5 0:32 131567:4 0:63 131567:4 0:6 131567:4 0:19 131567:5 0:7 131567:8 0:19 131567:4 0:14 131567:4 0:7 131567:2 0:8 131567:5 0:83 131567:4 0:51 131567:5 0:26
C	2419	451864	1141	0:46 131567:4 0:16 131567:4 0:63 131567:5 0:8 131567:2 0:7 131567:4 0:14 131567:4 0:19 131567:8 0:7 131567:5 0:19 131567:4 0:6 131567:4 0:63 131567:4 0:19 131567:1 0:11 131567:1 0:13 131567:1 0:7 131567:2 0:10 131567:1 0:26 131567:2 0:63 131567:5 0:4 131567:5 0:2 131567:5 0:12 131567:5 0:1 131567:4 0:16 131567:5 0:4 451864:5 0:20 131567:3 0:1 131567:5 0:12 131567:5 0:2 131567:5 0:4 131567:5 0:65 131567:1 0:26 131567:1 0:10 131567:2 0:7 131567:1 0:13 131567:1 0:11 131567:1 0:19 131567:4 0:63 131567:4 0:6 131567:4 0:19 131567:4 0:131 131567:4 0:16 131567:4 0:82
C	2420	544580	974	0:22 131567:1 0:58 131567:2 0:48 131567:4 0:4 131567:5 0:1 131567:5 0:104 544580:2 0:4 544580:5 0:2 544580:5 0:33 131567:3 0:12 131567:11 0:1 131567:8 0:17 131567:5 0:6 131567:5 0:42 131567:5 0:4 131567:5 0:62 131567:2 0:26 131567:1 0:10 131567:2 0:7 131567:1 0:13 131567:1 0:11 131567:1 0:85 131567:4 0:6 131567:4 0:19 131567:5 0:7 131567:8 0:19 131567:4 0:14 131567:4 0:7 131567:2 0:8 131567:5 0:63 131567:4 0:16 131567:4 0:86
C	2422	544580	818	0:42 131567:4 0:16 131567:4 0:57 131567:5 0:8 131567:2 0:7 131567:4 0:14 131567:4 0:128 131567:4 0:19 131567:1 0:11 131567:1 0:13 131567:1 0:7 131567:2 0:10 131567:1 0:26 131567:2 0:16 131567:1 0:46 131567:5 0:4 131567:5 0:52 131567:5 0:17 131567:8 0:1 131567:11 0:46 544580:5 0:118 131567:5 0:4 131567:4 0:38
C	2423	544580	946	0:237 131567:5 0:35 131567:4 0:135 131567:4 0:53 131567:2 0:10 131567:1 0:95 131567:5 0:56 131567:5 0:17 131567:4 0:63 544580:5 0:2 544580:5 0:4 544580:2 0:3 544580:1 0:19 131567:1 0:13 131567:1 0:75 131567:5 0:4 131567:4 0:37
C	2424	477697	943	0:149 477697:5 0:39 477697:2 0:90 40324:5 0:85 3273430:5 0:203 131567:5 0:8 131567:3 0:310
C	2425	544580	845	0:48 131567:4 0:16 131567:4 0:63 131567:5 0:8 131567:2 0:7 131567:4 0:57 2916678:5 0:267 131567:5 0:37 131567:5 0:6 131567:5 0:17 131567:2 0:5 131567:1 0:1 131567:3 0:55 544580:5 0:2 544580:5 0:4 544580:2 0:3 544580:1 0:19 131567:1 0:13 131567:1 0:67 131567:5 0:1 131567:5 0:4 131567:4 0:37
C	2426	3273430	1373	0:339 477697:5 0:34 477697:2 0:36 1884633:1 0:323 2:5 0:3 131567:5 0:94 3273430:5 0:105 3273430:5 0:41 2:3 0:40 40324:5 0:20 131567:1 0:69 477697:2 0:196
C	2427	544580	852	0:46 131567:4 0:16 131567:4 0:103 131567:4 0:19 131567:8 0:7 131567:5 0:19 131567:4 0:6 131567:4 0:63 131567:4 0:19 131567:1 0:11 131567:1 0:34 131567:1 0:26 131567:2 0:16 131567:1 0:46 131567:5 0:4 131567:5 0:2 131567:5 0:12 131567:5 0:1 131567:4 0:16 131567:5 0:6 131567:5 0:17 131567:8 0:1 131567:11 0:12 131567:3 0:33 544580:5 0:2 544580:5 0:4 544580:2 0:3 544580:1 0:19 131567:1 0:13 131567:1 0:85 131567:3 0:40
C	2428	544580	850	0:47 131567:4 0:16 131567:4 0:63 131567:5 0:8 131567:2 0:7 131567:4 0:14 131567:4 0:57 131567:4 0:6 131567:4 0:65 131567:2 0:19 131567:1 0:11 131567:1 0:13 131567:1 0:7 131567:2 0:10 131567:1 0:26 131567:2 0:16 131567:1 0:46 131567:5 0:4 131567:5 0:2 131567:5 0:48 131567:5 0:17 131567:8 0:1 131567:1 0:59 544580:5 0:2 544580:5 0:4 544580:2 0:3 544580:1 0:19 131567:1 0:13 131567:1 0:70 131567:5 0:1 131567:5 0:4 131567:4 0:38
C	2429	477697	1271	0:271 543:5 155864:5 0:231 477697:2 0:52 477697:3 0:13 131567:1 0:18 131567:7 2:4 0:60 2:1 0:127 3273430:5 0:118 477697:5 0:5 477697:1 0:303
C	2430	544580	847	0:46 131567:4 0:16 131567:4 0:63 131567:5 0:59 131567:8 0:7 131567:5 0:19 131567:4 0:6 131567:4 0:63 131567:4 0:19 131567:1 0:11 131567:1 0:13 131567:1 0:7 131567:2 0:10 131567:1 0:26 131567:2 0:16 131567:1 0:46 131567:5 0:4 131567:5 0:2 131567:5 0:12 131567:5 0:1 131567:4 0:16 131567:5 0:6 131567:5 0:17 131567:8 0:1 131567:11 0:12 131567:3 0:33 544580:5 0:2 544580:5 0:4 544580:2 0:3 544580:1 0:99 131567:5 0:1 131567:5 0:4 131567:4 0:39
C	2431	490731	1155	0:50 490731:5 0:13 490731:1 0:429 131567:3 0:10 131567:1 0:56 4751:2 0:62 181124:1 0:59 5338:3 0:73 131567:5 0:8 131567:5 0:22 131567:4 0:26 131567:5 0:30 131567:2 0:246
C	2432	451864	991	0:12 4893:5 0:321 131567:3 0:10 131567:1 0:5 131567:5 0:16 131567:1 0:28 131567:5 0:4 131567:5 0:95 223818:5 0:73 131567:2 0:53 131567:4 0:6 131567:4 0:19 131567:5 0:7 131567:8 0:19 131567:4 0:232
C	2433	40324	921	0:242 477697:3 0:13 131567:1 0:20 40324:5 0:20 131567:5 0:15 2:3 0:150 3273430:5 0:72 40324:5 0:13 131567:5 0:3 2:5 0:302
C	2434	131567	798	0:43 131567:5 0:83 131567:5 0:8 131567:2 0:7 131567:4 0:38 131567:7 0:7 131567:5 0:19 131567:4 0:6 131567:4 0:86 131567:1 0:11 131567:1 0:13 131567:1 0:7 131567:2 0:10 131567:2 0:70 131567:5 0:4 131567:5 0:2 131567:5 0:12 131567:5 0:1 131567:4 0:270
C	2435	544580	848	0:46 131567:4 0:16 131567:4 0:62 131567:5 0:8 131567:2 0:7 131567:4 0:14 131567:4 0:19 131567:8 0:7 131567:5 0:19 131567:4 0:6 131567:4 0:63 131567:4 0:19 131567:1 0:11 131567:1 0:13 131567:1 0:7 131567:2 0:10 131567:1 0:26 131567:2 0:16 131567:1 0:46 131567:5 0:4 131567:5 0:2 131567:5 0:30 131567:5 0:3 131567:5 0:6 131567:5 0:17 131567:8 0:1 131567:11 0:12 131567:3 0:33 544580:5 0:2 544580:5 0:43 131567:1 0:69 131567:5 0:1 131567:5 0:4 131567:4 0:38
C	2436	477697	999	0:349 477697:1 0:5 477697:5 0:16 2:5 0:3 131567:5 0:29 227086:1 0:214 2:3 0:39 131567:7 0:18 131567:1 0:13 477697:3 0:55 477697:2 0:191
C	2437	544580	956	0:140 131567:5 0:83 131567:1 0:37 544580:5 0:116 131567:4 0:1 131567:5 0:12 131567:5 0:2 131567:5 0:4 131567:5 0:46 131567:1 0:16 131567:2 0:26 131567:1 0:10 131567:2 0:7 131567:1 0:40 131567:4 0:71 498019:4 0:19 131567:5 0:237
C	2439	544580	851	0:49 131567:4 0:16 131567:4 0:63 131567:5 0:8 131567:2 0:7 131567:4 0:14 131567:4 0:19 131567:8 0:7 131567:5 0:19 131567:4 0:6 131567:4 0:98 131567:1 0:13 131567:1 0:7 131567:2 0:10 131567:1 0:26 131567:2 0:16 131567:1 0:46 131567:5 0:4 131567:5 0:2 131567:5 0:48 131567:5 0:17 131567:8 0:1 131567:11 0:12 131567:3 0:33 544580:5 0:2 544580:5 0:4 544580:2 0:3 544580:1 0:19 131567:1 0:13 131567:1 0:69 131567:5 0:1 131567:5 0:4 131567:4 0:38
C	2440	544580	852	0:45 131567:4 0:16 131567:4 0:63 131567:5 0:60 131567:7 0:7 131567:5 0:19 131567:4 0:6 131567:4 0:63 131567:4 0:19 131567:1 0:11 131567:1 0:13 131567:1 0:7 131567:2 0:10 131567:1 0:26 131567:2 0:62 131567:5 0:4 131567:5 0:2 131567:5 0:12 131567:5 0:1 131567:4 0:16 131567:5 0:6 131567:5 0:17 131567:2 0:5 131567:1 0:1 131567:3 0:56 544580:5 0:2 544580:5 0:4 544580:2 0:3 544580:1 0:19 131567:1 0:13 131567:1 0:73 131567:5 0:1 131567:5 0:4 131567:4 0:38
C	2444	544580	996	0:22 131567:1 0:56 131567:2 0:48 131567:4 0:4 131567:5 0:1 131567:5 0:104 544580:1 0:3 544580:2 0:4 544580:5 0:2 544580:5 0:33 131567:3 0:12 131567:11 0:1 131567:8 0:51 131567:4 0:1 131567:5 0:12 131567:5 0:2 131567:5 0:4 131567:5 0:46 131567:1 0:16 131567:2 0:26 131567:1 0:10 131567:2 0:7 131567:1 0:13 131567:1 0:11 131567:1 0:124 131567:5 0:7 131567:8 0:19 131567:4 0:14 131567:4 0:7 131567:2 0:8 131567:5 0:63 131567:4 0:71 131567:5 0:16 131567:1 0:21
C	2445	544580	845	0:46 131567:4 0:16 131567:4 0:121 131567:8 0:7 131567:5 0:19 131567:4 0:6 131567:4 0:62 131567:4 0:19 131567:1 0:11 131567:1 0:13 131567:1 0:7 131567:2 0:10 131567:1 0:26 131567:2 0:64 131567:5 0:4 131567:5 0:2 131567:5 0:12 131567:5 0:1 131567:4 0:16 131567:5 0:6 131567:5 0:17 131567:8 0:1 131567:11 0:12 131567:3 0:33 544580:5 0:2 544580:5 0:4 544580:2 0:3 544580:1 0:19 131567:1 0:13 131567:1 0:69 131567:5 0:1 131567:5 0:4 131567:4 0:39
C	2446	1224	946	0:270 131567:1 0:20 40324:5 0:39 2:3 0:41 3273430:5 0:200 131567:5 0:3 2:5 0:315
C	2449	544580	852	0:48 131567:4 0:25 4893:2 0:56 131567:5 0:8 131567:2 0:7 131567:4 0:14 131567:4 0:19 131567:8 0:7 131567:5 0:19 131567:4 0:6 131567:5 0:63 131567:4 0:19 131567:1 0:11 131567:1 0:13 131567:1 0:7 131567:2 0:10 131567:1 0:106 131567:5 0:12 131567:5 0:1 131567:4 0:16 131567:5 0:6 131567:5 0:17 131567:8 0:1 131567:11 0:12 131567:3 0:33 544580:5 0:2 544580:5 0:4 544580:2 0:3 544580:1 0:19 131567:1 0:13 131567:1 0:70 131567:5 0:1 131567:5 0:4 131567:4 0:38
C	2451	40324	920	0:191 477697:2 0:90 40324:5 0:20 131567:5 0:169 3273430:5 0:72 40324:5 0:13 131567:5 0:3 2:5 0:296
C	2452	544580	879	0:81 131567:4 0:16 131567:4 0:63 131567:5 0:8 131567:2 0:7 131567:4 0:47 131567:5 0:19 131567:4 0:6 131567:4 0:63 131567:4 0:19 131567:1 0:11 131567:1 0:13 131567:1 0:7 131567:2 0:10 131567:1 0:45 131567:1 0:46 131567:5 0:4 131567:5 0:2 131567:5 0:12 131567:5 0:1 131567:4 0:16 131567:5 0:6 131567:5 0:17 131567:8 0:1 131567:9 0:50 544580:5 0:2 544580:5 0:4 544580:2 0:3 544580:1 0:19 131567:1 0:13 131567:1 0:70 131567:5 0:1 131567:5 0:4 131567:4 0:36
C	2453	544580	893	0:64 131567:4 0:63 131567:5 0:8 131567:2 0:49 131567:8 0:7 131567:5 0:19 131567:4 0:6 131567:4 0:97 131567:1 0:13 131567:1 0:7 131567:2 0:10 131567:1 0:26 131567:2 0:64 131567:5 0:4 131567:5 0:2 131567:5 0:39 131567:5 0:6 131567:5 0:17 131567:8 0:1 131567:11 0:12 131567:3 0:33 544580:5 0:2 544580:5 0:131 131567:2 0:81
C	2454	131567	835	0:162 131567:4 0:34 131567:4 0:19 131567:4 0:6 131567:4 0:63 131567:4 0:55 131567:2 0:10 131567:1 0:26 131567:2 0:16 131567:1 0:62 131567:5 0:12 131567:5 0:1 131567:4 0:16 131567:5 0:6 131567:5 0:206 131567:5 0:1 131567:5 0:4 131567:4 0:38
C	2455	490731	771	0:31 490731:3 0:7 490731:5 0:13 490731:1 0:433 131567:3 0:10 131567:1 0:119 181124:1 0:59 5338:3 0:48
C	2456	544580	875	0:96 131567:4 0:63 131567:5 0:8 131567:2 0:7 131567:4 0:14 131567:4 0:19 131567:8 0:7 131567:5 0:19 131567:4 0:6 131567:4 0:63 131567:4 0:109 131567:1 0:46 131567:5 0:4 131567:5 0:2 131567:5 0:12 131567:5 0:1 131567:4 0:16 131567:5 0:6 131567:5 0:82 544580:5 0:11 544580:2 0:23 131567:1 0:13 131567:1 0:69 131567:5 0:1 131567:5 0:4 131567:4 0:38
C	2457	477697	975	0:2 477697:4 0:345 2:5 0:3 131567:5 0:246 2:3 0:138 477697:2 0:188
C	2458	544580	884	0:84 131567:4 0:16 131567:4 0:62 131567:5 0:8 131567:2 0:7 131567:4 0:14 131567:4 0:19 131567:8 0:7 131567:5 0:19 131567:4 0:6 131567:4 0:63 131567:4 0:55 131567:2 0:10 131567:1 0:87 131567:5 0:4 131567:5 0:2 131567:5 0:12 131567:5 0:1 131567:4 0:16 131567:5 0:6 131567:5 0:17 131567:8 0:1 131567:11 0:12 131567:3 0:33 544580:5 0:2 544580:5 0:4 544580:2 0:3 544580:1 0:19 131567:1 0:13 131567:1 0:70 131567:5 0:1 131567:5 0:4 131567:4 0:37
C	2459	544580	977	0:22 131567:1 0:58 131567:2 0:63 131567:5 0:69 131567:1 0:13 131567:1 0:19 544580:1 0:3 544580:2 0:4 544580:5 0:40 131567:3 0:12 131567:11 0:1 131567:5 0:30 131567:5 0:44 131567:5 0:4 131567:5 0:45 131567:1 0:16 131567:2 0:26 131567:1 0:10 131567:2 0:7 131567:1 0:13 131567:1 0:11 131567:1 0:19 131567:4 0:71 498019:4 0:19 131567:5 0:7 131567:8 0:19 131567:4 0:14 131567:4 0:7 131567:2 0:8 131567:5 0:63 131567:4 0:16 131567:4 0:54 131567:5 0:16 131567:1 0:9
C	2460	131567	839	0:48 131567:5 0:16 131567:4 0:63 131567:5 0:8 131567:2 0:7 131567:4 0:14 131567:4 0:34 131567:4 0:94 131567:4 0:19 131567:1 0:11 131567:1 0:13 131567:1 0:7 131567:2 0:10 131567:1 0:151 131567:5 0:17 131567:3 0:191 131567:5 0:1 131567:5 0:4 131567:4 0:37
C	2461	131567	848	0:66 131567:4 0:125 131567:8 0:7 131567:5 0:29 131567:4 0:61 131567:3 0:19 131567:1 0:11 131567:1 0:13 131567:1 0:7 131567:2 0:10 131567:1 0:107 131567:5 0:38 131567:5 0:6 131567:5 0:17 131567:8 0:1 131567:3 0:100 131567:1 0:13 131567:1 0:126
C	2462	544580	990	0:22 131567:1 0:58 131567:2 0:63 131567:5 0:65 131567:1 0:13 131567:1 0:19 544580:1 0:3 544580:2 0:4 544580:5 0:2 544580:5 0:33 131567:3 0:12 131567:11 0:1 131567:8 0:17 131567:5 0:6 131567:5 0:44 131567:5 0:4 131567:5 0:46 131567:1 0:16 131567:2 0:26 131567:1 0:10 131567:2 0:7 131567:1 0:13 131567:1 0:11 131567:1 0:19 131567:4 0:63 131567:4 0:6 131567:4 0:19 131567:5 0:7 131567:8 0:19 131567:4 0:14 131567:4 0:7 131567:2 0:8 131567:5 0:63 131567:4 0:16 131567:4 0:92 131567:1 0:5
C	2463	490731	1153	0:41 490731:3 0:7 490731:5 0:13 490731:1 0:420 131567:3 0:10 131567:1 0:56 4751:2 0:62 181124:1 0:59 5338:3 0:58 131567:5 0:5 131567:4 0:40 131567:4 0:26 131567:5 0:30 131567:2 0:238 181762:1 0:14
C	2464	181762	1058	0:8 181762:1 0:1 181762:5 0:230 131567:2 0:30 131567:5 0:26 131567:5 0:34 131567:9 0:5 131567:5 0:118 181124:1 0:60 4751:2 0:56 131567:1 0:10 131567:3 0:407
C	2466	131567	841	0:46 131567:4 0:16 131567:4 0:140 131567:4 0:19 131567:4 0:6 131567:5 0:61 131567:4 0:19 131567:1 0:11 131567:1 0:13 131567:1 0:7 131567:2 0:10 131567:1 0:43 131567:1 0:46 131567:5 0:4 131567:5 0:2 131567:5 0:12 131567:5 0:1 131567:4 0:16 131567:5 0:6 131567:5 0:17 131567:8 0:1 131567:11 0:12 131567:3 0:153 131567:5 0:1 131567:5 0:4 131567:4 0:39
C	2467	544580	1126	0:22 131567:1 0:58 131567:2 0:48 131567:4 0:4 131567:5 0:1 131567:5 0:69 131567:1 0:13 131567:1 0:19 544580:1 0:3 544580:2 0:4 544580:5 0:2 544580:5 0:33 131567:3 0:12 131567:11 0:1 131567:5 0:31 131567:5 0:16 131567:4 0:1 131567:5 0:12 131567:5 0:2 131567:5 0:4 131567:5 0:90 131567:1 0:10 131567:2 0:7 131567:1 0:13 131567:1 0:11 131567:1 0:19 131567:4 0:63 131567:4 0:6 131567:4 0:19 131567:5 0:7 131567:8 0:19 131567:4 0:14 131567:4 0:7 131567:2 0:8 131567:5 0:63 131567:4 0:16 131567:4 0:51 131567:5 0:16 131567:1 0:19 131567:1 0:138
C	2470	131567	850	0:46 131567:4 0:16 131567:4 0:64 131567:5 0:8 131567:2 0:7 131567:4 0:14 131567:4 0:57 131567:4 0:6 131567:4 0:63 131567:4 0:19 131567:1 0:11 131567:1 0:13 131567:1 0:7 131567:2 0:10 131567:1 0:26 131567:2 0:16 131567:1 0:45 131567:5 0:4 131567:5 0:52 131567:5 0:131 131567:1 0:13 131567:1 0:70 131567:5 0:1 131567:5 0:4 131567:4 0:38
C	2472	544580	937	0:133 131567:5 0:102 544580:5 0:2 544580:5 0:33 131567:3 0:12 131567:11 0:1 131567:8 0:52 131567:5 0:12 131567:5 0:2 131567:5 0:4 131567:5 0:42 131567:1 0:88 131567:1 0:19 131567:4 0:92 131567:4 0:50 131567:4 0:7 131567:2 0:8 131567:5 0:63 131567:4 0:99
C	2473	477697	1298	0:299 477697:2 0:36 1884633:1 0:326 2:5 0:3 131567:5 0:203 3273430:5 0:41 2:3 0:41 40324:5 0:20 131567:1 0:13 477697:3 0:55 477697:2 0:195
C	2474	544580	535	0:37 131567:4 0:4 131567:5 0:1 131567:5 0:70 131567:1 0:13 131567:1 0:19 544580:1 0:3 544580:2 0:4 544580:5 0:2 544580:5 0:33 131567:3 0:12 131567:11 0:1 131567:8 0:17 131567:5 0:6 131567:5 0:16 131567:4 0:1 131567:5 0:12 131567:5 0:2 131567:5 0:4 131567:5 0:46 131567:1 0:16 131567:2 0:26 131567:1 0:10 131567:2 0:7 131567:1 0:13 131567:1 0:11 131567:1 0:19 131567:2
C	2475	490731	1162	0:41 490731:3 0:7 490731:5 0:13 490731:1 0:680 131567:5 0:5 131567:9 0:8 131567:5 0:22 131567:4 0:20 4779:5 0:41 131567:2 0:230 181762:5 0:1 181762:1 0:15
C	2476	477697	1375	0:338 477697:5 0:34 477697:4 0:344 477697:1 0:5 477697:5 0:56 227086:1 0:60 3273430:5 0:127 2:1 0:22 2:3 0:15 131567:5 0:14 2:6 131567:7 0:18 131567:1 0:13 477697:3 0:56 477697:2 0:190
C	2477	544580	842	0:43 131567:4 0:16 131567:4 0:63 131567:5 0:8 131567:2 0:7 131567:4 0:14 131567:4 0:19 131567:8 0:7 131567:5 0:19 131567:4 0:6 131567:4 0:63 131567:4 0:19 131567:1 0:11 131567:1 0:13 131567:1 0:7 131567:2 0:10 131567:1 0:26 131567:2 0:16 131567:1 0:46 131567:5 0:4 131567:5 0:2 131567:5 0:12 131567:5 0:1 131567:4 0:16 131567:5 0:6 131567:5 0:31 131567:5 0:47 544580:5 0:2 544580:5 0:4 544580:2 0:3 544580:1 0:19 131567:1 0:13 131567:1 0:70 131567:5 0:1 131567:5 0:4 131567:4 0:35
C	2478	28985	958	0:12 4893:5 0:5 4910:1 0:25 451864:5 0:2 4893:10 0:15 147537:1 0:2 147537:5 0:18 4910:4 0:43 28985:5 0:2 28985:5 0:22 4910:2 0:37 4910:5 0:2 4910:3 0:54 4910:5 0:87 131567:5 0:71 147537:5 0:69 131567:1 0:10 131567:2 0:7 131567:1 0:1 4893:7 4910:5 0:19 4910:4 0:21 131567:2 0:51 131567:5 0:6 131567:4 0:19 131567:5 0:7 131567:8 0:19 131567:4 0:127 4910:5 0:6 4910:3 0:24 4910:3 0:16
C	2479	28985	829	0:184 131567:4 0:19 131567:4 0:6 131567:4 0:53 131567:2 0:21 4910:4 0:19 4910:5 4893:7 0:1 131567:1 0:7 131567:2 0:10 131567:1 0:56 147537:6 0:9 147537:5 0:15 131567:5 0:4 131567:5 0:2 131567:5 0:12 131567:5 0:1 131567:4 0:16 131567:5 0:6 131567:5 0:17 131567:4 0:112 4910:3 0:45 4910:2 0:22 28985:5 0:2 28985:5 0:58
C	2480	3273430	1080	0:565 3273430:5 0:215 131567:1 0:13 477697:3 0:244
C	2483	181762	1174	0:69 490731:1 0:434 131567:3 0:10 131567:1 0:56 4751:2 0:62 181124:1 0:59 5338:3 0:85 131567:5 0:22 131567:4 0:26 131567:5 0:30 131567:2 0:231 181762:5 0:1 181762:1 0:22
C	2484	131567	834	0:66 131567:4 0:73 131567:2 0:7 131567:4 0:14 131567:4 0:56 131567:4 0:6 131567:4 0:64 131567:4 0:65 131567:1 0:83 131567:5 0:4 131567:5 0:2 131567:5 0:36 131567:5 0:6 131567:5 0:17 131567:8 0:1 131567:11 0:88 131567:1 0:13 131567:1 0:70 131567:5 0:1 131567:5 0:4 131567:4 0:37
C	2485	544580	847	0:126 131567:5 0:8 131567:2 0:7 131567:4 0:52 131567:4 0:19 131567:4 0:6 131567:4 0:50 181124:5 0:32 131567:1 0:11 131567:1 0:13 131567:1 0:7 131567:2 0:10 131567:1 0:91 131567:5 0:4 131567:5 0:2 131567:5 0:38 131567:5 0:6 131567:5 0:17 131567:8 0:1 131567:11 0:51 544580:5 0:2 544580:5 0:4 544580:2 0:3 544580:1 0:19 131567:1 0:13 131567:1 0:69 131567:5 0:1 131567:5 0:4 131567:4 0:40
C	2486	544580	984	0:22 131567:1 0:58 131567:2 0:136 131567:1 0:13 131567:1 0:19 544580:1 0:3 544580:2 0:4 544580:5 0:2 544580:5 0:45 131567:11 0:1 131567:8 0:73 131567:5 0:2 131567:5 0:4 131567:5 0:46 131567:1 0:46 131567:1 0:10 131567:2 0:7 131567:1 0:13 131567:1 0:11 131567:1 0:19 131567:4 0:63 131567:4 0:6 131567:4 0:19 131567:5 0:7 131567:8 0:19 131567:4 0:34 131567:5 0:63 131567:4 0:16 131567:4 0:51 131567:5 0:16 131567:1 0:15
C	2487	544580	847	0:43 131567:4 0:16 131567:4 0:63 131567:5 0:8 131567:2 0:7 131567:4 0:14 131567:4 0:32 131567:5 0:19 131567:4 0:6 131567:5 0:65 131567:4 0:19 131567:1 0:11 131567:1 0:13 131567:1 0:7 131567:2 0:10 131567:1 0:122 131567:5 0:1 131567:4 0:16 131567:5 0:6 131567:5 0:17 131567:8 0:1 131567:11 0:12 131567:3 0:33 544580:5 0:2 544580:5 0:4 544580:2 0:3 544580:1 0:19 131567:1 0:85 131567:5 0:1 131567:5 0:4 131567:4 0:38
C	2488	9606	529	0:36 131567:4 0:4 131567:5 0:1 131567:5 0:169 131567:11 0:1 131567:5 0:25 451864:3 0:4 131567:5 0:16 131567:4 0:1 131567:5 0:12 131567:5 0:2 131567:5 0:4 131567:5 0:90 131567:1 0:10 131567:2 0:7 131567:1 0:6 9606:5 0:36
C	2489	4910	914	0:143 131567:4 0:19 131567:8 0:7 131567:5 0:19 131567:4 0:6 131567:4 0:53 131567:2 0:21 4910:4 0:19 4910:5 4893:7 0:1 131567:1 0:7 131567:2 0:10 131567:1 0:54 147537:6 0:27 131567:5 0:4 131567:5 0:2 131567:5 0:12 131567:5 0:1 131567:4 0:16 131567:5 0:6 131567:5 0:17 131567:4 0:55 4910:5 0:100 4910:2 0:183
C	2490	544580	848	0:47 131567:4 0:16 131567:4 0:80 131567:4 0:14 131567:4 0:19 131567:8 0:7 131567:5 0:19 131567:4 0:6 131567:4 0:86 131567:1 0:11 131567:1 0:62 131567:1 0:63 131567:5 0:4 131567:5 0:2 131567:5 0:12 131567:5 0:1 131567:4 0:16 131567:5 0:6 131567:5 0:17 131567:8 0:1 131567:11 0:12 131567:3 0:33 544580:5 0:2 544580:5 0:4 544580:2 0:3 544580:1 0:19 131567:1 0:13 131567:1 0:70 131567:5 0:1 131567:5 0:4 131567:4 0:39
C	2491	477697	681	0:156 1612552:2 0:178 477697:5 0:34 477697:4 0:268
C	2492	2	933	0:190 477697:2 0:55 477697:3 0:13 131567:1 0:20 40324:5 0:194 3273430:5 0:91 131567:5 0:3 2:5 0:307
C	2493	3273430	940	0:190 477697:2 0:55 477697:3 0:13 131567:1 0:20 40324:5 0:84 3273430:5 0:106 3273430:1 0:421
C	2494	3273430	939	0:189 477697:2 0:140 2:3 0:41 3273430:5 0:197 131567:5 0:3 2:5 0:315
C	2495	1224	942	0:498 3273430:5 0:70 40324:5 0:13 131567:5 0:3 2:5 0:304
C	2496	181762	1394	0:265 131567:3 0:71 181762:1 0:1 181762:5 0:263 131567:3 0:26 131567:4 0:22 131567:5 0:8 131567:9 0:5 131567:5 0:58 5338:3 0:59 181124:1 0:120 131567:1 0:10 131567:3 0:409
C	2497	544580	846	0:46 131567:4 0:83 131567:5 0:8 131567:2 0:48 131567:8 0:107 131567:4 0:19 131567:1 0:11 131567:1 0:13 131567:1 0:7 131567:2 0:10 131567:1 0:26 131567:2 0:16 131567:1 0:59 131567:5 0:12 131567:5 0:1 131567:4 0:16 131567:5 0:6 131567:5 0:17 131567:8 0:1 131567:11 0:12 131567:3 0:49 544580:2 0:3 544580:1 0:19 131567:1 0:13 131567:1 0:70 131567:5 0:1 131567:5 0:4 131567:4 0:38
C	2498	544580	1117	0:4 3448587:8 0:207 131567:2 0:48 131567:4 0:4 131567:5 0:1 131567:5 0:69 131567:1 0:13 131567:1 0:19 544580:1 0:3 544580:2 0:4 544580:5 0:2 544580:5 0:33 131567:3 0:81 131567:4 0:1 131567:5 0:12 131567:5 0:2 131567:5 0:4 131567:5 0:46 131567:1 0:16 131567:2 0:26 131567:1 0:10 131567:2 0:7 131567:1 0:13 131567:1 0:11 131567:1 0:19 131567:4 0:63 131567:4 0:6 131567:4 0:19 131567:5 0:7 131567:8 0:19 131567:4 0:14 131567:4 0:7 131567:2 0:8 131567:5 0:64 131567:4 0:16 131567:4 0:82
C	2499	544580	954	0:277 131567:4 0:34 131567:4 0:19 131567:4 0:6 131567:4 0:63 131567:4 0:19 131567:1 0:11 131567:1 0:13 131567:1 0:47 131567:2 0:65 131567:5 0:4 131567:5 0:39 131567:5 0:3 131567:5 0:6 131567:5 0:17 131567:8 0:1 131567:11 0:12 131567:3 0:33 544580:5 0:2 544580:5 0:4 544580:2 0:3 544580:1 0:100 131567:5 0:1 131567:5 0:4 131567:4 0:38
C	2500	569360	848	0:9 569360:5 0:177 5144:2 0:9 5125:5 0:77 716546:1 0:32 147550:5 0:165 716546:5 0:1 131567:3 5144:5 0:28 131567:1 0:16 131567:5 0:5 716545:1 0:257
C	2502	131567	966	0:21 131567:1 0:57 131567:2 0:48 131567:4 0:4 131567:5 0:1 131567:5 0:70 131567:1 0:13 131567:1 0:154 131567:1 0:1 131567:5 0:12 131567:5 0:2 131567:5 0:4 131567:5 0:46 131567:1 0:16 131567:2 0:26 131567:1 0:10 131567:2 0:7 131567:1 0:143 131567:5 0:7 131567:5 0:49 131567:2 0:8 131567:5 0:83 131567:4 0:82
C	2503	1224	926	0:188 477697:2 0:115 131567:5 0:15 2:3 0:151 3273430:5 0:72 40324:5 0:13 131567:5 0:3 2:5 0:305
C	2504	544580	846	0:46 131567:4 0:16 131567:4 0:81 131567:4 0:14 131567:4 0:19 131567:8 0:7 131567:5 0:19 131567:4 0:6 131567:4 0:63 131567:4 0:19 131567:1 0:11 131567:1 0:13 131567:1 0:7 131567:2 0:10 131567:1 0:26 131567:2 0:16 131567:1 0:79 131567:5 0:1 131567:4 0:16 131567:5 0:6 131567:5 0:17 131567:8 0:1 131567:11 0:12 131567:3 0:33 544580:5 0:2 544580:5 0:4 544580:2 0:3 544580:1 0:19 131567:1 0:13 131567:1 0:70 131567:5 0:1 131567:5 0:4 131567:4 0:38
C	2505	544580	532	0:36 131567:4 0:4 131567:5 0:1 131567:5 0:70 131567:1 0:13 131567:1 0:19 544580:1 0:3 544580:2 0:4 544580:5 0:2 544580:5 0:33 131567:3 0:12 131567:11 0:1 131567:8 0:17 131567:5 0:6 131567:5 0:16 131567:4 0:1 131567:5 0:12 131567:5 0:2 131567:5 0:4 131567:5 0:46 131567:1 0:16 131567:2 0:26 131567:1 0:10 131567:2 0:7 131567:1 0:13 131567:1 0:11 131567:1 0:19
C	2506	569360	907	0:9 569360:5 0:184 5144:2 0:9 5125:5 0:2 5125:5 0:8 131567:5 0:4 716546:3 0:51 716546:1 0:32 147550:5 0:167 716546:5 0:4 5144:5 0:28 131567:1 0:16 131567:5 0:5 716545:1 0:306
C	2507	544580	987	0:22 131567:1 0:58 131567:2 0:48 131567:4 0:4 131567:5 0:1 131567:5 0:71 131567:1 0:13 131567:1 0:19 544580:1 0:3 544580:2 0:4 544580:5 0:2 544580:5 0:33 131567:3 0:12 131567:11 0:1 131567:8 0:17 131567:5 0:6 131567:5 0:16 131567:4 0:1 131567:5 0:12 131567:5 0:2 131567:5 0:4 131567:5 0:46 131567:1 0:82 131567:1 0:11 131567:1 0:19 131567:4 0:136 131567:4 0:14 131567:4 0:102 131567:4 0:87
C	2508	544580	985	0:46 131567:4 0:16 131567:4 0:63 131567:5 0:8 131567:2 0:7 131567:4 0:14 131567:4 0:19 131567:8 0:7 131567:5 0:19 131567:4 0:6 131567:4 0:63 131567:4 0:19 131567:1 0:8 1071383:2 0:2 1071383:5 0:8 131567:1 0:7 131567:1 0:11 131567:1 0:26 131567:2 0:80 131567:5 0:12 131567:5 0:1 131567:4 0:16 131567:5 0:6 131567:5 0:17 131567:8 0:1 131567:11 0:12 131567:3 0:33 544580:5 0:2 544580:5 0:4 544580:2 0:3 544580:1 0:19 131567:1 0:83 131567:5 0:1 131567:5 0:4 131567:4 0:48 131567:2 0:123
C	2509	544580	809	0:45 131567:4 0:16 131567:4 0:71 131567:2 0:7 131567:4 0:14 131567:4 0:19 131567:8 0:7 131567:5 0:19 131567:4 0:6 131567:4 0:130 131567:2 0:16 131567:1 0:46 131567:5 0:48 131567:5 0:6 131567:5 0:17 131567:8 0:1 131567:11 0:12 131567:3 0:33 544580:5 0:2 544580:5 0:4 544580:2 0:3 544580:1 0:19 131567:1 0:13 131567:1 0:71 131567:5 0:1 131567:5 0:4 131567:4 0:37
C	2510	569360	902	0:2 1760811:4 0:42 131567:1 147550:2 0:28 147550:1 0:220 716545:1 0:5 131567:5 0:16 131567:1 0:28 5144:5 131567:3 0:1 716546:5 0:205 716546:1 0:51 716546:3 0:4 131567:5 0:8 5125:5 0:2 5125:5 0:9 5144:2 0:184 569360:5 0:9
C	2511	181762	1054	0:8 181762:1 0:1 181762:5 0:231 131567:2 0:29 131567:5 0:26 131567:4 0:22 131567:5 0:8 131567:9 0:5 131567:5 0:58 5338:3 0:59 181124:1 0:58 4751:2 0:473
C	2512	181762	1160	0:41 490731:3 0:7 490731:5 0:13 490731:1 0:429 131567:3 0:10 131567:1 0:56 4751:2 0:124 5338:5 0:58 131567:5 0:5 131567:9 0:8 131567:5 0:51 131567:5 0:30 131567:2 0:233 181762:5 0:1 181762:1 0:8
C	2516	544580	843	0:67 131567:4 0:63 131567:5 0:8 131567:2 0:7 131567:4 0:51 131567:4 0:19 131567:4 0:6 131567:4 0:19 296543:3 0:42 131567:2 0:19 131567:1 0:11 131567:1 0:13 131567:1 0:7 131567:5 0:164 131567:5 0:17 131567:8 0:1 131567:11 0:12 131567:3 0:33 544580:5 0:2 544580:5 0:4 544580:2 0:3 544580:1 0:19 131567:1 0:13 131567:1 0:89 1071378:1 0:37
C	2517	5144	933	0:315 716546:3 0:51 716546:1 0:203 716546:5 0:1 131567:3 5144:5 0:28 131567:1 0:248 147550:1 0:34
C	2518	569360	806	0:9 569360:5 0:185 5144:2 0:9 5125:5 0:2 5125:2 0:73 716546:1 0:32 147550:5 0:165 716546:5 0:1 131567:3 5144:5 0:28 131567:1 0:16 131567:5 0:5 716545:1 0:207
C	2519	5125	900	0:2 1760811:4 0:42 131567:1 147550:2 0:28 147550:1 0:219 716545:1 0:5 131567:5 0:16 131567:1 0:28 5144:5 131567:3 0:1 716546:5 0:167 147550:5 0:32 716546:1 0:51 716546:3 0:4 131567:5 0:8 5125:5 0:2 5125:5 0:9 5144:2 0:198
C	2520	181762	1172	0:504 131567:3 0:10 131567:1 0:56 4751:2 0:62 181124:1 0:59 5338:3 0:74 131567:5 0:8 131567:5 0:22 131567:4 0:26 131567:5 0:30 131567:2 0:234 181762:5 0:1 181762:1 0:15
C	2521	40324	988	0:9 477697:4 0:346 2:5 0:3 131567:5 0:13 40324:5 0:227 2:3 0:15 131567:5 0:20 40324:5 0:20 131567:1 0:13 477697:3 0:55 477697:2 0:195
C	2522	40324	918	0:184 477697:2 0:55 477697:3 0:13 131567:1 0:20 40324:5 0:20 131567:5 0:15 2:3 0:218 40324:5 0:13 131567:5 0:3 2:5 0:309
C	2523	544580	848	0:46 131567:4 0:16 131567:4 0:71 131567:2 0:7 131567:4 0:14 131567:4 0:19 131567:8 0:7 131567:5 0:19 131567:4 0:6 131567:4 0:63 131567:4 0:19 131567:1 0:11 131567:1 0:13 131567:1 0:7 131567:2 0:10 131567:1 0:94 131567:5 0:4 131567:5 0:2 131567:5 0:12 131567:5 0:1 131567:4 0:16 131567:5 0:6 131567:5 0:17 131567:8 0:1 131567:11 0:12 131567:3 0:33 544580:5 0:2 544580:5 0:4 544580:2 0:3 544580:1 0:19 131567:1 0:13 131567:1 0:70 131567:5 0:1 131567:5 0:4 131567:4 0:38
C	2524	544580	955	0:151 131567:4 0:16 131567:4 0:63 131567:5 0:8 131567:2 0:7 131567:4 0:14 131567:4 0:19 131567:8 0:7 131567:5 0:19 131567:4 0:6 131567:4 0:63 131567:4 0:19 131567:1 0:11 131567:1 0:13 131567:1 0:7 131567:2 0:10 131567:1 0:26 131567:2 0:16 131567:1 0:46 131567:5 0:4 131567:5 0:2 131567:5 0:12 131567:5 0:1 131567:4 0:16 131567:5 0:6 131567:5 0:17 131567:8 0:1 131567:11 0:12 131567:3 0:33 544580:5 0:2 544580:5 0:4 544580:2 0:3 544580:1 0:19 131567:1 0:13 131567:1 0:70 131567:5 0:1 131567:5 0:4 131567:4 0:38
C	2525	569360	803	0:9 569360:5 0:192 5125:5 0:15 131567:5 0:4 716546:3 0:257 2072407:1 0:36 131567:1 0:16 131567:5 0:5 716545:1 0:209
C	2526	131567	1270	0:46 131567:4 0:16 131567:4 0:63 131567:5 0:8 131567:2 0:7 131567:4 0:14 131567:4 0:32 131567:5 0:19 131567:4 0:71 131567:4 0:19 131567:1 0:11 131567:1 0:13 131567:1 0:7 131567:2 0:10 131567:2 0:45 131567:1 0:61 131567:5 0:73 131567:4 0:24 131567:5 0:37 131567:4 0:1 131567:5 0:141 131567:1 0:13 131567:1 0:11 131567:1 0:86 131567:4 0:6 131567:4 0:19 131567:4 0:34 131567:4 0:100 131567:4 0:16 131567:4 0:139
C	2527	544580	851	0:46 131567:4 0:16 131567:4 0:63 131567:5 0:8 131567:2 0:7 131567:4 0:14 131567:4 0:19 131567:8 0:7 131567:5 0:19 131567:4 0:6 131567:4 0:63 131567:4 0:19 131567:1 0:11 131567:1 0:59 131567:2 0:64 131567:5 0:4 131567:5 0:2 131567:5 0:38 131567:5 0:6 131567:5 0:17 131567:8 0:1 131567:11 0:49 544580:5 0:2 544580:5 0:4 544580:2 0:3 544580:1 0:19 131567:1 0:13 131567:1 0:70 131567:5 0:1 131567:5 0:4 131567:4 0:38
C	2528	544580	842	0:46 131567:4 0:16 131567:4 0:63 131567:5 0:8 131567:2 0:7 131567:5 0:38 131567:7 0:7 131567:5 0:19 131567:4 0:6 131567:4 0:63 131567:4 0:19 131567:1 0:32 131567:2 0:10 131567:1 0:26 131567:2 0:16 131567:1 0:46 131567:5 0:4 131567:5 0:2 131567:5 0:38 131567:5 0:6 131567:5 0:17 131567:8 0:56 544580:5 0:2 544580:5 0:4 544580:2 0:3 544580:1 0:19 131567:1 0:13 131567:1 0:65 131567:5 0:1 131567:5 0:4 131567:4 0:39
C	2529	40324	943	0:226 477697:2 0:89 40324:5 0:20 131567:5 0:15 2:3 0:133 3273430:5 0:72 40324:5 0:13 131567:5 0:3 2:5 0:303
C	2530	3273430	945	0:247 477697:3 0:13 131567:1 0:20 40324:5 0:40 2:3 0:41 3273430:5 0:104 3273430:5 0:93 131567:5 0:3 2:5 0:318
C	2531	181762	1065	0:9 181762:1 0:1 181762:5 0:231 131567:2 0:33 131567:3 0:26 131567:4 0:112 5338:3 0:59 181124:1 0:119 131567:1 0:10 131567:3 0:408
C	2532	544580	972	0:22 131567:4 0:119 131567:5 0:65 131567:1 0:13 131567:1 0:19 544580:1 0:3 544580:2 0:4 544580:5 0:2 544580:5 0:33 131567:3 0:12 131567:11 0:1 131567:8 0:49 131567:5 0:12 131567:5 0:2 131567:5 0:4 131567:5 0:46 131567:1 0:16 131567:2 0:235 131567:4 0:14 131567:4 0:7 131567:2 0:73 131567:4 0:73 131567:5 0:26
C	2533	544580	809	0:22 131567:1 0:58 131567:2 0:48 131567:4 0:4 131567:5 0:1 131567:5 0:100 544580:1 0:3 544580:2 0:4 544580:5 0:2 544580:5 0:33 131567:3 0:12 131567:11 0:1 131567:8 0:17 131567:5 0:6 131567:5 0:16 131567:4 0:1 131567:5 0:12 131567:5 0:2 131567:5 0:4 131567:5 0:64 131567:1 0:58 131567:1 0:11 131567:1 0:19 131567:4 0:63 131567:4 0:40 131567:8 0:19 131567:4 0:14 131567:4 0:7 131567:2 0:8 131567:5 0:6
C	2534	544580	849	0:46 131567:4 0:16 131567:4 0:63 131567:5 0:8 131567:2 0:49 131567:8 0:7 131567:5 0:19 131567:4 0:6 131567:4 0:63 131567:4 0:19 131567:1 0:11 131567:1 0:13 131567:1 0:7 131567:2 0:10 131567:1 0:45 131567:1 0:46 131567:5 0:4 131567:5 0:2 131567:5 0:12 131567:5 0:1 131567:4 0:16 131567:5 0:6 131567:5 0:17 131567:8 0:1 131567:11 0:12 131567:3 0:33 544580:5 0:118 131567:5 0:1 131567:5 0:4 131567:4 0:38
C	2535	544580	848	0:46 131567:4 0:16 131567:4 0:63 131567:5 0:8 131567:2 0:63 131567:4 0:19 131567:4 0:6 131567:4 0:63 131567:4 0:19 131567:1 0:11 131567:1 0:13 131567:1 0:7 131567:2 0:10 131567:1 0:26 131567:2 0:16 131567:1 0:46 131567:5 0:4 131567:5 0:2 131567:5 0:49 131567:5 0:17 131567:8 0:1 131567:11 0:12 131567:3 0:33 544580:5 0:2 544580:5 0:4 544580:2 0:3 544580:1 0:19 131567:1 0:13 131567:1 0:69 131567:5 0:1 131567:5 0:4 131567:4 0:38
C	2536	45151	822	0:220 131567:2 0:13 131567:5 0:41 716546:2 0:59 45151:5 0:165 131567:5 0:4 131567:5 0:28 131567:1 0:16 131567:5 0:7 131567:4 0:10 131567:2 0:5 716546:4 0:180
C	2537	181124	1130	0:318 131567:2 0:30 131567:5 0:26 131567:4 0:22 131567:5 0:8 131567:9 0:5 131567:5 0:58 5338:3 0:59 181124:1 0:116 131567:1 0:10 131567:3 0:406
C	2538	477697	996	0:346 477697:1 0:5 477697:5 0:16 2:5 0:3 131567:5 0:29 227086:1 0:194 2:1 0:22 2:3 0:61 131567:1 0:13 477697:3 0:248
C	2539	40324	986	0:241 477697:3 0:13 131567:1 0:20 40324:5 0:20 131567:5 0:15 2:3 0:150 3273430:5 0:71 40324:5 0:13 131567:5 0:3 2:5 0:343 477697:4 0:18 131567:4
C	2540	544580	848	0:46 131567:4 0:16 131567:4 0:63 131567:5 0:34 131567:4 0:19 131567:8 0:7 131567:5 0:19 131567:4 0:6 131567:4 0:63 131567:4 0:55 131567:2 0:10 131567:1 0:26 131567:2 0:16 131567:1 0:47 131567:2 0:4 131567:5 0:2 131567:5 0:12 131567:5 0:1 131567:4 0:16 131567:5 0:6 131567:5 0:17 131567:8 0:1 131567:11 0:12 131567:5 0:30 544580:5 0:2 544580:5 0:4 544580:2 0:3 544580:1 0:19 131567:1 0:13 131567:1 0:70 131567:5 0:1 131567:5 0:4 131567:4 0:38
C	2541	544580	844	0:49 131567:4 0:16 131567:4 0:63 131567:5 0:8 131567:2 0:7 131567:4 0:38 131567:7 0:7 131567:5 0:19 131567:4 0:6 131567:4 0:58 131567:4 0:19 131567:1 0:11 131567:1 0:13 131567:1 0:7 131567:2 0:10 131567:1 0:123 131567:5 0:1 131567:4 0:16 131567:5 0:6 131567:5 0:17 131567:8 0:1 131567:3 0:52 544580:5 0:2 544580:5 0:4 544580:2 0:109 131567:5 0:1 131567:5 0:4 131567:4 0:38
C	2542	544580	981	0:22 131567:1 0:58 131567:2 0:56 131567:5 0:1 131567:5 0:69 131567:1 0:13 131567:1 0:19 544580:1 0:3 544580:2 0:4 544580:5 0:2 544580:5 0:33 131567:3 0:12 131567:11 0:1 131567:8 0:17 131567:5 0:6 131567:5 0:16 131567:4 0:1 131567:5 0:12 131567:5 0:2 131567:5 0:4 131567:5 0:46 131567:1 0:16 131567:2 0:26 131567:1 0:10 131567:2 0:7 131567:1 0:13 131567:1 0:11 131567:1 0:19 131567:4 0:62 131567:4 0:6 131567:4 0:19 131567:5 0:7 131567:8 0:19 131567:4 0:14 131567:4 0:7 131567:2 0:8 131567:5 0:63 131567:4 0:16 131567:4 0:51 131567:5 0:16 131567:1 0:13
C	2543	181762	1067	0:8 181762:1 0:1 181762:5 0:232 131567:2 0:30 131567:3 0:54 131567:5 0:8 131567:9 0:5 131567:4 0:5 1071382:5 0:113 181124:1 0:120 131567:1 0:10 131567:3 0:408
C	2544	1224	924	0:189 477697:2 0:106 168172:6 0:176 3273430:5 0:72 40324:5 0:13 131567:5 0:3 2:5 0:303
C	2545	131567	838	0:46 131567:4 0:16 131567:4 0:73 131567:2 0:7 131567:4 0:14 131567:4 0:19 131567:8 0:7 131567:5 0:94 131567:4 0:19 131567:1 0:163 131567:5 0:1 131567:4 0:16 131567:5 0:6 131567:5 0:49 131567:3 0:160 131567:5 0:1 131567:5 0:4 131567:4 0:37
C	2546	1224	545	0:21 3273430:5 0:149 2:3 0:15 131567:5 0:20 40324:5 0:20 131567:1 0:13 477697:3 0:251
C	2548	181762	1058	0:7 181762:1 0:1 181762:5 0:268 131567:2 0:26 131567:4 0:22 131567:5 0:8 131567:9 0:5 131567:5 0:58 5338:3 0:59 181124:1 0:61 4751:2 0:56 131567:1 0:10 131567:3 0:402
C	2549	544580	978	0:22 131567:1 0:58 131567:2 0:48 131567:4 0:4 131567:5 0:1 131567:5 0:65 131567:1 0:13 131567:1 0:19 544580:1 0:3 544580:2 0:4 544580:5 0:2 544580:5 0:33 131567:3 0:12 131567:11 0:1 131567:8 0:17 131567:5 0:6 131567:5 0:16 131567:4 0:1 131567:5 0:27 131567:5 0:46 131567:1 0:16 131567:2 0:26 131567:1 0:10 131567:2 0:7 131567:1 0:13 131567:1 0:11 131567:1 0:19 131567:4 0:63 131567:4 0:6 131567:4 0:19 131567:5 0:7 131567:8 0:19 131567:4 0:14 131567:4 0:7 131567:2 0:8 131567:5 0:82 131567:4 0:88
C	2550	544580	981	0:22 131567:1 0:58 131567:2 0:48 131567:4 0:4 131567:5 0:1 131567:5 0:114 544580:5 0:91 131567:3 0:48 131567:5 0:2 131567:5 0:4 131567:5 0:124 131567:1 0:11 131567:1 0:19 131567:4 0:92 131567:5 0:7 131567:8 0:127 131567:4 0:16 131567:4 0:92
C	2551	544580	849	0:46 131567:4 0:16 131567:4 0:104 131567:4 0:19 131567:8 0:7 131567:5 0:19 131567:4 0:6 131567:4 0:62 131567:4 0:19 131567:1 0:11 131567:1 0:124 131567:5 0:4 131567:5 0:2 131567:5 0:12 131567:5 0:1 131567:4 0:16 131567:5 0:6 131567:5 0:92 544580:5 0:4 544580:2 0:3 544580:1 0:19 131567:1 0:13 131567:1 0:70 131567:5 0:1 131567:5 0:4 131567:4 0:38
C	2552	544580	877	0:21 131567:5 0:51 131567:4 0:16 131567:4 0:63 131567:5 0:8 131567:2 0:7 131567:4 0:14 131567:4 0:34 131567:4 0:19 131567:4 0:6 131567:4 0:65 131567:4 0:92 131567:2 0:69 131567:5 0:2 131567:5 0:49 131567:5 0:48 131567:3 0:33 544580:5 0:11 544580:2 0:23 131567:3 0:95 131567:5 0:38
C	2554	544580	1013	0:112 131567:1 0:48 131567:4 0:4 131567:5 0:1 131567:5 0:68 131567:1 0:13 131567:1 0:19 544580:1 0:3 544580:2 0:4 544580:5 0:2 544580:5 0:80 131567:5 0:6 131567:5 0:16 131567:4 0:1 131567:5 0:12 131567:5 0:2 131567:5 0:4 131567:5 0:46 131567:1 0:43 131567:2 0:10 131567:2 0:7 131567:1 0:13 131567:1 0:11 131567:1 0:19 131567:4 0:63 131567:4 0:6 131567:4 0:19 131567:5 0:7 131567:8 0:19 131567:4 0:14 131567:4 0:7 131567:2 0:8 131567:5 0:63 131567:4 0:71 131567:5 0:16 131567:1 0:19 131567:1
C	2555	544580	979	0:22 131567:1 0:109 131567:4 0:4 131567:5 0:1 131567:5 0:63 131567:1 0:13 131567:1 0:34 544580:5 0:33 131567:3 0:12 131567:11 0:1 131567:8 0:17 131567:5 0:6 131567:5 0:37 131567:5 0:2 131567:5 0:4 131567:5 0:46 131567:1 0:16 131567:2 0:91 131567:4 0:63 131567:4 0:6 131567:4 0:19 131567:4 0:34 131567:4 0:14 131567:4 0:7 131567:2 0:8 131567:5 0:63 131567:4 0:16 131567:5 0:90 131567:1 0:1
C	2557	490731	1150	0:41 490731:3 0:7 490731:5 0:13 490731:1 0:444 131567:1 0:56 4751:2 0:178 131567:5 0:5 131567:9 0:65 131567:5 0:261 181762:5 0:1 181762:1 0:8
C	2558	544580	921	0:267 131567:8 0:7 131567:5 0:19 131567:4 0:6 131567:4 0:63 131567:4 0:19 131567:1 0:11 131567:1 0:13 131567:1 0:7 131567:2 0:10 131567:1 0:45 131567:1 0:46 131567:5 0:4 131567:5 0:2 131567:5 0:12 131567:5 0:1 131567:4 0:16 131567:5 0:6 131567:5 0:17 131567:8 0:1 131567:11 0:12 131567:3 0:33 544580:5 0:2 544580:5 0:4 544580:2 0:3 544580:1 0:19 131567:1 0:13 131567:1 0:70 131567:5 0:1 131567:5 0:4 131567:4 0:37
C	2559	544580	534	0:37 131567:4 0:4 131567:5 0:1 131567:5 0:104 544580:1 0:3 544580:2 0:4 544580:5 0:2 544580:5 0:44 131567:11 0:1 131567:8 0:17 131567:5 0:6 131567:5 0:16 131567:4 0:1 131567:5 0:12 131567:5 0:2 131567:5 0:4 131567:5 0:62 131567:2 0:26 131567:1 0:10 131567:2 0:7 131567:1 0:13 131567:1 0:11 131567:1 0:25
C	2561	5302	1157	0:41 490731:3 0:7 490731:5 0:13 490731:1 0:444 131567:1 0:56 4751:2 0:115 5338:3 0:60 131567:5 0:5 131567:9 0:8 131567:5 0:51 131567:5 0:30 131567:2 0:232 181762:5 0:1 181762:1 0:13
C	2562	477697	950	0:243 477697:3 0:13 131567:1 0:18 131567:7 2:6 0:14 131567:5 0:15 2:3 0:22 2:1 0:127 3273430:5 0:60 227086:1 0:29 131567:5 0:3 2:5 0:16 477697:5 0:5 477697:1 0:303
C	2563	477697	1124	0:337 477697:5 0:34 477697:4 0:377 131567:5 0:29 227086:1 0:60 3273430:5 0:127 2:1 0:22 2:3 0:15 131567:5 0:14 2:6 131567:7 0:18 131567:1 0:14
C	2564	1224	947	0:194 477697:2 0:91 40324:5 0:84 3273430:5 0:201 131567:5 0:3 2:5 0:318
C	2565	181762	1055	0:8 181762:1 0:1 181762:5 0:218 1423913:5 0:6 131567:2 0:30 131567:5 0:26 131567:4 0:22 131567:5 0:8 131567:9 0:5 131567:5 0:57 5338:3 0:58 181124:1 0:120 131567:1 0:10 131567:3 0:403
C	2566	181762	1170	0:48 490731:5 0:13 490731:1 0:444 131567:1 0:56 4751:2 0:62 181124:1 0:59 5338:3 0:143 131567:2 0:272 181762:5 0:1 181762:1 0:17
C	2567	3273430	1002	0:247 477697:2 0:54 477697:3 0:13 131567:1 0:20 40324:5 0:40 2:3 0:41 3273430:5 0:108 3273430:5 0:93 131567:5 0:3 2:5 0:315
C	2568	40324	922	0:242 477697:3 0:13 131567:1 0:20 40324:5 0:20 131567:5 0:15 2:3 0:150 3273430:5 0:72 40324:5 0:13 131567:5 0:3 2:5 0:303
C	2569	40324	916	0:185 477697:2 0:90 40324:5 0:20 131567:5 0:15 2:3 0:244 131567:5 0:3 2:5 0:300
C	2570	2	930	0:188 477697:2 0:55 477697:3 0:13 131567:1 0:45 131567:5 0:15 2:3 0:151 3273430:5 0:410
C	2571	181762	849	0:200 181762:5 0:3 181762:1 0:50 131567:5 0:9 131567:2 0:143 5338:3 0:21 456999:2 0:140 131567:5 0:3 131567:5 0:5 131567:1 0:10 131567:3 0:199
C	2572	40324	926	0:280 40324:5 0:20 131567:5 0:15 2:3 0:150 3273430:5 0:72 40324:5 0:13 131567:5 0:3 2:5 0:306
C	2573	477697	916	0:188 477697:2 0:55 477697:3 0:13 131567:1 0:66 2:3 0:243 131567:5 0:3 2:5 0:295
C	2574	490731	1159	0:41 490731:3 0:7 490731:5 0:13 490731:1 0:434 131567:3 0:130 181124:1 0:59 5338:3 0:58 131567:5 0:5 131567:9 0:8 131567:5 0:22 131567:4 0:26 131567:5 0:30 131567:2 0:246
C	2575	569360	807	0:9 569360:5 0:183 5144:2 0:9 5125:5 0:2 5125:5 0:8 131567:5 0:4 716546:3 0:51 716546:1 0:202 716546:5 0:1 131567:3 5144:5 0:28 131567:1 0:16 131567:5 0:5 716545:1 0:209
C	2576	40324	924	0:188 477697:2 0:55 477697:3 0:13 131567:1 0:20 40324:5 0:187 3273430:5 0:72 40324:5 0:13 131567:5 0:3 2:5 0:308
C	2577	544580	844	0:47 131567:4 0:16 131567:4 0:63 131567:5 0:8 131567:2 0:7 131567:4 0:37 131567:7 0:7 131567:5 0:19 131567:4 0:6 131567:4 0:63 131567:4 0:19 131567:1 0:11 131567:1 0:13 131567:1 0:7 131567:2 0:10 131567:1 0:26 131567:2 0:16 131567:1 0:110 131567:5 0:32 131567:6 0:48 544580:5 0:2 544580:5 0:4 544580:2 0:3 544580:1 0:19 131567:1 0:13 131567:1 0:126
C	2578	477697	605	0:2 477697:4 0:346 477697:1 0:5 477697:5 0:16 2:5 0:95 3273430:5 0:87
C	2580	477697	949	0:188 477697:2 0:91 131567:7 2:6 0:14 131567:5 0:15 2:3 0:22 2:1 0:191 227086:1 0:29 131567:5 0:3 2:5 0:16 477697:5 0:5 477697:1 0:300
C	2581	181762	973	0:22 131567:1 0:8 5204:2 0:289 131567:1 0:5 131567:5 0:3 131567:5 0:239 131567:5 0:8 131567:5 0:22 131567:4 0:18 131567:2 0:12 131567:2 0:9 131567:5 0:49 181762:1 0:3 181762:5 0:209
C	2582	544580	855	0:137 131567:5 0:8 131567:2 0:7 131567:4 0:14 131567:4 0:19 131567:8 0:132 131567:1 0:86 131567:1 0:46 131567:5 0:4 131567:5 0:2 131567:5 0:40 131567:5 0:6 131567:5 0:109 544580:1 0:19 131567:1 0:13 131567:1 0:70 131567:5 0:1 131567:5 0:4 131567:4 0:37
C	2583	544580	841	0:46 131567:4 0:16 131567:4 0:85 131567:4 0:14 131567:4 0:57 131567:4 0:6 131567:4 0:63 131567:4 0:29 131567:4 0:13 131567:1 0:7 131567:2 0:10 131567:2 0:40 131567:1 0:45 131567:5 0:4 131567:5 0:2 131567:5 0:12 131567:5 0:1 131567:4 0:16 131567:5 0:6 131567:5 0:83 544580:5 0:2 544580:5 0:4 544580:2 0:3 544580:1 0:19 131567:1 0:13 131567:1 0:67 131567:5 0:1 131567:5 0:4 131567:4 0:38
C	2584	3273430	1288	0:261 477697:5 0:34 477697:2 0:468 3273430:5 0:104 3273430:5 0:41 2:3 0:40 40324:5 0:91 477697:2 0:188
C	2585	544580	990	0:22 131567:1 0:58 131567:2 0:48 131567:4 0:4 131567:5 0:1 131567:5 0:70 131567:1 0:13 131567:1 0:19 544580:1 0:3 544580:2 0:4 544580:5 0:2 544580:5 0:49 131567:7 0:44 131567:5 0:16 131567:4 0:1 131567:5 0:12 131567:5 0:2 131567:5 0:4 131567:5 0:46 131567:1 0:80 131567:1 0:11 131567:1 0:19 131567:4 0:63 131567:4 0:6 131567:4 0:19 131567:5 0:7 131567:8 0:19 131567:4 0:14 131567:4 0:7 131567:2 0:8 131567:5 0:63 131567:4 0:16 131567:4 0:87
C	2586	131567	845	0:45 131567:4 0:16 131567:4 0:64 131567:5 0:35 131567:4 0:19 131567:8 0:7 131567:5 0:19 131567:4 0:6 131567:4 0:65 131567:4 0:19 131567:1 0:11 131567:1 0:132 131567:5 0:12 131567:5 0:1 131567:4 0:16 131567:5 0:6 131567:5 0:17 131567:8 0:1 131567:11 0:12 131567:3 0:162 131567:3 0:1 131567:5 0:4 131567:4 0:39
C	2587	3273430	940	0:188 477697:2 0:55 477697:3 0:13 131567:1 0:20 40324:5 0:40 2:3 0:41 3273430:5 0:104 3273430:5 0:93 131567:5 0:3 2:5 0:315
C	2588	544580	1303	0:260 131567:3 0:43 131567:4 0:38 131567:1 0:58 131567:2 0:48 131567:4 0:4 131567:5 0:1 131567:5 0:70 131567:1 0:13 131567:1 0:19 544580:1 0:3 544580:2 0:4 544580:5 0:2 544580:5 0:33 131567:3 0:12 131567:11 0:1 131567:8 0:17 131567:5 0:6 131567:5 0:16 131567:4 0:1 131567:5 0:12 131567:5 0:2 131567:5 0:4 131567:5 0:46 131567:1 0:16 131567:2 0:26 131567:1 0:10 131567:2 0:7 131567:1 0:13 131567:1 0:11 131567:1 0:19 131567:4 0:63 131567:4 0:6 131567:4 0:19 131567:5 0:7 131567:8 0:46 131567:2 0:8 131567:5 0:63 131567:4 0:16 131567:4 0:51 131567:5 0:16 131567:1 0:9
C	2589	544580	980	0:22 131567:1 0:58 131567:2 0:48 131567:4 0:4 131567:5 0:1 131567:5 0:71 131567:1 0:13 131567:1 0:19 544580:1 0:3 544580:2 0:4 544580:5 0:2 544580:5 0:33 131567:3 0:12 131567:11 0:1 131567:8 0:17 131567:5 0:6 131567:5 0:16 131567:4 0:1 131567:5 0:12 131567:5 0:2 131567:5 0:4 131567:5 0:91 131567:1 0:65 131567:4 0:63 131567:4 0:6 131567:4 0:19 131567:5 0:51 131567:4 0:7 131567:2 0:8 131567:5 0:63 131567:4 0:16 131567:4 0:83
C	2590	544580	848	0:46 131567:4 0:16 131567:4 0:63 131567:5 0:8 131567:2 0:7 131567:4 0:14 131567:4 0:19 131567:8 0:7 131567:5 0:19 131567:4 0:6 131567:4 0:63 131567:4 0:62 131567:1 0:91 131567:5 0:4 131567:5 0:2 131567:5 0:50 131567:5 0:17 131567:8 0:1 131567:11 0:12 131567:3 0:33 544580:5 0:2 544580:5 0:4 544580:2 0:3 544580:1 0:19 131567:1 0:13 131567:1 0:70 131567:5 0:1 131567:5 0:4 131567:4 0:38
C	2591	181762	1151	0:50 490731:5 0:13 490731:1 0:431 131567:3 0:10 131567:1 0:56 4751:2 0:62 181124:1 0:57 5338:3 0:58 131567:5 0:5 131567:9 0:8 131567:5 0:50 131567:5 0:30 131567:2 0:230 181762:5 0:1 181762:1 0:8
C	2592	131567	902	0:66 131567:4 0:104 131567:4 0:34 131567:4 0:19 131567:4 0:6 131567:4 0:63 131567:4 0:19 131567:1 0:11 131567:1 0:13 131567:1 0:7 131567:2 0:10 131567:1 0:26 131567:2 0:16 131567:1 0:46 131567:5 0:58 131567:5 0:6 131567:5 0:17 131567:8 0:1 131567:11 0:105 131567:1 0:68 131567:5 0:1 131567:5 0:4 131567:4 0:86
C	2593	222543	818	0:159 147550:1 0:28 147550:3 131567:5 0:174 222543:5 0:43 131567:1 0:5 147550:5 0:16 147550:5 0:9 716546:5 0:1 131567:5 0:2 716545:1 0:7 131567:1 0:4 131567:4 0:9 131567:5 0:15 131567:5 0:5 716545:1 0:255
C	2594	40324	926	0:244 477697:3 0:13 131567:1 0:20 40324:5 0:20 131567:5 0:15 2:3 0:151 3273430:5 0:72 40324:5 0:13 131567:5 0:3 2:5 0:304
C	2595	569360	1231	0:267 131567:3 0:43 131567:4 0:5 131567:1 0:12 1760811:4 0:42 131567:1 147550:2 0:28 147550:1 0:248 131567:1 0:28 5144:5 131567:3 0:1 716546:5 0:200 716546:1 0:51 716546:3 0:4 131567:5 0:8 5125:5 0:2 5125:5 0:9 5144:2 0:184 569360:5 0:9
C	2596	477697	1024	0:268 477697:2 0:55 477697:3 0:13 131567:1 0:18 131567:7 2:6 0:14 131567:5 0:40 2:1 0:71 1528104:5 0:109 227086:1 0:29 131567:5 0:3 2:5 0:16 477697:5 0:5 477697:1 0:302
C	2597	9606	1429	0:22 131567:1 0:58 131567:2 0:48 131567:4 0:4 131567:5 0:1 131567:5 0:70 131567:1 0:13 131567:1 0:19 544580:1 0:3 544580:2 0:4 544580:5 0:2 544580:5 0:33 131567:3 0:12 131567:11 0:1 131567:8 0:17 131567:5 0:6 131567:5 0:16 131567:4 0:1 131567:5 0:97 131567:1 0:26 131567:1 0:10 131567:2 0:7 131567:1 0:13 131567:1 0:11 131567:1 0:19 131567:4 0:63 131567:4 0:6 131567:4 0:19 131567:5 0:7 131567:8 0:19 131567:4 0:14 131567:4 0:7 131567:2 0:8 131567:5 0:63 131567:4 0:114 131567:1 0:247 9606:10 0:108 9606:5 0:67
C	2598	40324	922	0:187 477697:2 0:55 477697:3 0:13 131567:1 0:20 40324:5 0:132 3236805:5 0:53 3273430:5 0:72 40324:5 0:13 131567:5 0:3 2:5 0:304
C	2599	544580	844	0:46 131567:4 0:16 131567:4 0:62 131567:5 0:8 131567:2 0:7 131567:4 0:14 131567:4 0:41 2916678:5 0:12 131567:4 0:6 131567:4 0:63 131567:4 0:217 131567:5 0:6 131567:5 0:17 131567:8 0:1 131567:1 0:52 544580:5 0:2 544580:5 0:4 544580:2 0:3 544580:1 0:19 131567:1 0:13 131567:1 0:70 131567:5 0:1 131567:5 0:4 131567:4 0:38
C	2600	871575	797	0:167 131567:4 0:19 131567:8 0:41 131567:4 0:132 131567:1 0:105 1156497:2 0:10 131567:4 0:12 131567:1 0:16 131567:5 0:19 131567:4 0:102 871575:2 0:105
C	2601	181762	1051	0:7 181762:1 0:1 181762:5 0:217 1423913:5 0:6 131567:2 0:30 131567:5 0:26 131567:4 0:22 131567:5 0:8 131567:9 0:5 131567:5 0:58 5338:3 0:172 131567:1 0:420
C	2602	477697	1295	0:261 477697:5 0:34 477697:2 0:36 1884633:1 0:323 2:5 0:3 131567:5 0:93 3273430:5 0:103 3273430:5 0:41 2:3 0:40 40324:5 0:20 131567:1 0:13 477697:3 0:55 477697:2 0:197
C	2603	1268659	982	0:24 131567:3 0:5 5204:2 0:316 131567:1 0:5 131567:5 0:3 131567:5 0:3 131567:1 0:222 55193:2 0:54 131567:4 0:18 131567:2 0:12 131567:2 0:9 131567:5 0:13 131567:2 0:26 1268659:5 0:115 1268:1 0:83
C	2604	147550	807	0:207 5125:5 0:15 131567:5 0:4 716546:3 0:51 716546:1 0:206 131567:3 5144:5 0:28 131567:1 0:16 131567:5 0:5 716545:1 0:212
C	2605	544580	987	0:82 131567:2 0:48 131567:4 0:4 131567:5 0:1 131567:5 0:83 131567:1 0:19 544580:1 0:3 544580:2 0:4 544580:5 0:2 544580:5 0:33 131567:3 0:12 131567:11 0:1 131567:8 0:17 131567:5 0:6 131567:5 0:16 131567:4 0:1 131567:5 0:12 131567:5 0:2 131567:5 0:4 131567:5 0:53 131567:1 0:16 131567:2 0:26 131567:1 0:10 131567:2 0:53 131567:4 0:93 131567:5 0:7 131567:8 0:19 131567:4 0:14 131567:4 0:7 131567:2 0:8 131567:5 0:63 131567:4 0:16 131567:4 0:51 131567:5 0:16 131567:1 0:13
C	2607	477697	641	0:349 477697:5 0:34 477697:4 0:215
C	2608	544580	1094	0:22 131567:1 0:58 131567:2 0:48 131567:4 0:4 131567:5 0:1 131567:5 0:69 131567:1 0:13 131567:1 0:37 544580:5 0:33 131567:3 0:12 131567:11 0:1 131567:8 0:17 131567:5 0:6 131567:5 0:16 131567:4 0:1 131567:5 0:12 131567:5 0:2 131567:5 0:4 131567:5 0:46 131567:1 0:16 131567:2 0:61 131567:1 0:11 131567:1 0:19 131567:4 0:63 131567:4 0:6 131567:4 0:19 131567:5 0:7 131567:8 0:19 131567:4 0:14 131567:4 0:7 131567:2 0:8 131567:5 0:63 131567:4 0:16 131567:4 0:51 131567:5 0:16 131567:1 0:19 131567:1 0:103
C	2609	131567	835	0:43 131567:4 0:16 131567:4 0:73 131567:2 0:7 131567:4 0:14 131567:4 0:32 131567:5 0:19 131567:4 0:6 131567:5 0:112 131567:5 0:3 131567:2 0:10 131567:1 0:124 131567:2 0:245 131567:5 0:1 131567:5 0:4 131567:4 0:36
C	2610	477697	1005	0:2 477697:4 0:345 477697:1 0:5 477697:5 0:16 2:5 0:3 131567:5 0:29 227086:1 0:60 3273430:5 0:127 2:1 0:22 2:3 0:15 131567:5 0:14 2:6 131567:7 0:18 131567:1 0:13 477697:3 0:55 477697:2 0:193
C	2611	544580	977	0:216 131567:1 0:13 131567:1 0:19 544580:1 0:3 544580:2 0:4 544580:5 0:2 544580:5 0:33 131567:3 0:12 131567:11 0:1 131567:8 0:17 131567:5 0:6 131567:5 0:16 131567:4 0:1 131567:5 0:12 131567:5 0:2 131567:5 0:4 131567:5 0:46 131567:1 0:16 131567:2 0:26 131567:1 0:10 131567:2 0:7 131567:1 0:13 131567:1 0:11 131567:1 0:19 131567:4 0:63 131567:4 0:6 131567:4 0:19 131567:5 0:7 131567:8 0:19 131567:4 0:14 131567:4 0:7 131567:2 0:8 131567:5 0:63 131567:4 0:16 131567:4 0:84
C	2612	544580	844	0:152 131567:5 0:35 131567:7 0:7 131567:5 0:19 131567:4 0:6 131567:4 0:63 131567:4 0:19 131567:1 0:11 131567:1 0:60 131567:1 0:17 131567:1 0:46 131567:5 0:4 131567:5 0:2 131567:5 0:38 131567:5 0:6 131567:5 0:17 131567:8 0:1 131567:11 0:12 131567:3 0:33 544580:5 0:2 544580:5 0:43 131567:1 0:84 131567:4 0:38
C	2613	544580	850	0:44 131567:4 0:16 131567:4 0:63 131567:5 0:8 131567:2 0:7 131567:4 0:14 131567:4 0:19 131567:8 0:7 131567:5 0:19 131567:4 0:6 131567:4 0:63 131567:4 0:19 131567:1 0:11 131567:1 0:13 131567:1 0:7 131567:2 0:10 131567:1 0:26 131567:2 0:16 131567:1 0:79 131567:5 0:1 131567:4 0:16 131567:5 0:6 131567:5 0:17 131567:4 0:32 131567:1 0:33 544580:5 0:2 544580:5 0:4 544580:2 0:3 544580:1 0:104 131567:5 0:1 131567:5 0:4 131567:4 0:38
C	2617	477697	987	0:189 477697:2 0:90 131567:7 0:185 3273430:1 0:65 227086:1 0:413
C	2618	544580	1241	0:16 9606:2 0:2 9606:2 0:215 131567:5 0:38 131567:1 0:108 131567:4 0:4 131567:5 0:1 131567:5 0:70 131567:1 0:13 131567:1 0:19 544580:1 0:3 544580:2 0:4 544580:5 0:2 544580:4 0:49 131567:11 0:1 131567:8 0:17 131567:5 0:6 131567:5 0:16 131567:4 0:1 131567:5 0:12 131567:5 0:2 131567:6 0:98 131567:1 0:10 131567:2 0:51 131567:4 0:63 131567:4 0:6 131567:4 0:19 131567:5 0:7 131567:8 0:19 131567:4 0:14 131567:4 0:7 131567:2 0:8 131567:5 0:63 131567:4 0:16 131567:4 0:89
C	2619	131567	912	0:46 131567:4 0:144 131567:8 0:7 131567:5 0:92 131567:4 0:19 131567:1 0:11 131567:1 0:13 131567:1 0:7 131567:2 0:10 131567:1 0:257 131567:1 0:13 131567:1 0:230
C	2620	181762	1118	0:8 181762:1 0:1 181762:5 0:232 131567:2 0:30 131567:5 0:26 131567:4 0:116 5338:3 0:59 181124:1 0:61 4751:2 0:56 131567:1 0:10 131567:3 0:449 490731:5 0:4
C	2621	544580	1020	0:119 131567:2 0:48 131567:4 0:4 131567:5 0:1 131567:5 0:69 131567:1 0:13 131567:1 0:19 544580:1 0:3 544580:2 0:4 544580:5 0:2 544580:5 0:45 131567:11 0:1 131567:8 0:17 131567:5 0:6 131567:5 0:39 131567:5 0:62 131567:1 0:16 131567:2 0:26 131567:1 0:10 131567:2 0:7 131567:1 0:13 131567:1 0:11 131567:1 0:19 131567:4 0:63 131567:4 0:6 131567:4 0:19 131567:5 0:7 131567:8 0:19 131567:4 0:14 131567:4 0:7 131567:2 0:8 131567:5 0:63 131567:4 0:16 131567:4 0:88
C	2623	477697	1275	0:267 477697:5 0:12 131567:4 0:18 477697:4 0:344 2:5 0:3 131567:5 0:13 40324:5 0:72 3273430:5 0:149 2:3 0:15 131567:5 0:20 40324:5 0:20 131567:1 0:13 477697:3 0:55 477697:2 0:188
C	2624	544580	845	0:46 131567:4 0:16 131567:4 0:63 131567:5 0:8 131567:2 0:7 131567:4 0:14 131567:4 0:55 131567:4 0:6 131567:4 0:62 131567:4 0:19 131567:1 0:11 131567:1 0:13 131567:1 0:7 131567:2 0:10 131567:1 0:26 131567:2 0:16 131567:1 0:48 131567:2 0:4 131567:5 0:2 131567:5 0:12 131567:5 0:1 131567:4 0:49 131567:8 0:1 131567:11 0:12 131567:3 0:33 544580:5 0:2 544580:5 0:4 544580:2 0:3 544580:1 0:19 131567:1 0:13 131567:1 0:70 131567:5 0:1 131567:5 0:4 131567:4 0:38
C	2625	544580	531	0:37 131567:4 0:4 131567:5 0:1 131567:5 0:65 131567:1 0:36 544580:2 0:4 544580:5 0:2 544580:5 0:33 131567:3 0:12 131567:11 0:1 131567:8 0:17 131567:5 0:6 131567:5 0:16 131567:4 0:1 131567:5 0:12 131567:5 0:2 131567:5 0:4 131567:5 0:92 131567:1 0:10 131567:2 0:7 131567:1 0:13 131567:1 0:11 131567:1 0:22
C	2626	5338	1058	0:8 181762:1 0:1 181762:5 0:231 131567:2 0:60 131567:4 0:19 181124:5 0:26 131567:5 0:58 5338:3 0:59 181124:1 0:118 131567:1 0:10 131567:3 0:404
C	2627	544580	845	0:45 131567:4 0:16 131567:4 0:74 131567:2 0:7 131567:4 0:51 131567:4 0:19 131567:4 0:6 131567:4 0:63 131567:4 0:19 131567:1 0:11 131567:1 0:13 131567:1 0:8 508771:1 0:53 131567:1 0:46 131567:5 0:4 131567:5 0:2 131567:5 0:12 131567:5 0:1 131567:4 0:16 131567:5 0:6 131567:5 0:17 131567:8 0:1 131567:11 0:12 131567:3 0:40 544580:5 0:9 544580:1 0:19 131567:1 0:13 131567:1 0:129
C	2628	40324	1284	0:304 477697:4 0:343 2:5 0:3 131567:5 0:13 40324:5 0:73 3273430:5 0:151 2:3 0:15 131567:5 0:20 40324:5 0:20 131567:1 0:13 477697:3 0:55 477697:2 0:197
C	2629	544580	963	0:103 131567:5 0:51 131567:4 0:16 131567:4 0:63 131567:5 0:8 131567:2 0:7 131567:4 0:14 131567:4 0:34 131567:4 0:19 131567:4 0:6 131567:4 0:63 131567:4 0:19 131567:1 0:11 131567:1 0:13 131567:1 0:7 131567:2 0:10 131567:1 0:90 131567:5 0:4 131567:5 0:2 131567:5 0:39 131567:5 0:6 131567:5 0:17 131567:8 0:1 131567:11 0:12 131567:3 0:33 544580:5 0:2 544580:5 0:4 544580:2 0:3 544580:1 0:19 131567:1 0:13 131567:1 0:71 131567:5 0:1 131567:5 0:4 131567:4 0:38
C	2630	544580	846	0:46 131567:4 0:16 131567:4 0:63 131567:5 0:8 131567:2 0:7 131567:4 0:14 131567:4 0:19 131567:8 0:7 131567:5 0:19 131567:4 0:6 131567:4 0:64 131567:4 0:19 131567:1 0:11 131567:1 0:13 131567:1 0:7 131567:2 0:10 131567:2 0:86 131567:5 0:4 131567:5 0:2 131567:5 0:12 131567:5 0:1 131567:4 0:16 131567:5 0:6 131567:5 0:17 131567:8 0:1 131567:11 0:12 131567:3 0:33 544580:5 0:11 544580:2 0:23 131567:1 0:13 131567:1 0:69 131567:5 0:1 131567:5 0:4 131567:4 0:38
C	2631	131567	978	0:222 131567:1 0:13 131567:1 0:76 131567:3 0:81 131567:4 0:251 131567:4 0:6 131567:4 0:59 131567:4 0:14 131567:4 0:7 131567:2 0:8 131567:5 0:175
C	2632	181762	1065	0:8 181762:1 0:1 181762:5 0:229 131567:2 0:30 131567:5 0:26 131567:4 0:22 131567:5 0:150 181124:1 0:60 4751:2 0:67 131567:3 0:410
C	2633	477697	1377	0:338 477697:5 0:12 131567:4 0:18 477697:4 0:344 477697:1 0:5 477697:5 0:16 2:5 0:3 131567:5 0:29 227086:1 0:60 3273430:5 0:124 2:1 0:22 2:3 0:15 131567:5 0:14 2:6 131567:7 0:18 131567:1 0:13 477697:3 0:56 477697:2 0:193
C	2634	544580	973	0:22 131567:1 0:58 131567:2 0:48 131567:4 0:4 131567:5 0:1 131567:5 0:65 131567:1 0:13 131567:1 0:19 544580:1 0:3 544580:2 0:4 544580:5 0:2 544580:5 0:33 131567:3 0:12 131567:11 0:1 131567:5 0:30 131567:5 0:16 131567:4 0:1 131567:5 0:12 131567:5 0:2 131567:5 0:4 131567:5 0:46 131567:1 0:16 131567:2 0:26 131567:1 0:10 131567:2 0:7 131567:1 0:13 131567:1 0:11 131567:1 0:19 131567:4 0:63 131567:4 0:6 131567:4 0:19 131567:5 0:7 131567:8 0:19 131567:4 0:14 131567:4 0:7 131567:2 0:8 131567:5 0:63 131567:4 0:16 131567:4 0:82
C	2635	5302	1146	0:41 490731:3 0:7 490731:5 0:13 490731:1 0:557 181124:1 0:59 5338:3 0:58 131567:5 0:5 131567:9 0:8 131567:5 0:46 131567:5 0:266 181762:5 0:1 181762:1 0:8
C	2636	477697	955	0:247 477697:3 0:13 131567:1 0:18 131567:7 2:6 0:14 131567:5 0:15 2:3 0:22 2:1 0:192 227086:1 0:29 131567:5 0:3 2:5 0:16 477697:5 0:5 477697:1 0:304
C	2638	544580	992	0:22 131567:1 0:58 131567:2 0:63 131567:5 0:69 131567:1 0:13 131567:1 0:34 544580:5 0:33 131567:3 0:12 131567:11 0:1 131567:8 0:17 131567:5 0:6 131567:5 0:16 131567:4 0:1 131567:5 0:12 131567:5 0:2 131567:5 0:4 131567:5 0:46 131567:1 0:16 131567:2 0:62 131567:1 0:11 131567:1 0:19 131567:4 0:97 131567:5 0:7 131567:8 0:19 131567:4 0:14 131567:4 0:7 131567:2 0:8 131567:5 0:63 131567:4 0:16 131567:4 0:92 131567:1 0:1
C	2639	181762	1157	0:41 490731:2 0:20 1268659:5 0:429 131567:3 0:10 131567:1 0:56 4751:2 0:62 181124:1 0:59 5338:3 0:58 131567:5 0:5 131567:9 0:8 131567:5 0:22 131567:4 0:26 131567:3 0:31 131567:2 0:231 181762:5 0:1 181762:1 0:13
C	2640	2	981	0:220 477697:2 0:55 477697:3 0:13 131567:1 0:45 131567:5 0:15 2:3 0:22 2:1 0:128 3273430:5 0:60 227086:1 0:29 131567:3 0:336
C	2641	544580	1026	0:22 131567:1 0:57 131567:2 0:55 131567:5 0:1 131567:5 0:80 131567:1 0:19 544580:1 0:3 544580:2 0:99 131567:5 0:6 131567:5 0:16 131567:4 0:1 131567:5 0:12 131567:5 0:2 131567:5 0:4 131567:5 0:46 131567:1 0:16 131567:2 0:59 131567:1 0:11 131567:1 0:19 131567:4 0:108 131567:8 0:19 131567:4 0:14 131567:4 0:7 131567:2 0:8 131567:5 0:63 131567:4 0:16 131567:4 0:92 131567:1 0:45
C	2642	544580	841	0:37 131567:5 0:16 131567:4 0:57 131567:5 0:8 131567:2 0:7 131567:4 0:54 131567:4 0:118 131567:1 0:11 131567:1 0:128 131567:5 0:122 131567:1 0:40 544580:3 0:6 544580:2 0:3 544580:1 0:19 131567:1 0:13 131567:1 0:128
C	2644	544580	980	0:22 131567:1 0:58 131567:2 0:48 131567:4 0:4 131567:5 0:1 131567:5 0:70 131567:1 0:13 131567:1 0:19 544580:1 0:3 544580:2 0:4 544580:5 0:2 544580:5 0:33 131567:3 0:12 131567:11 0:1 131567:8 0:17 131567:5 0:6 131567:5 0:16 131567:4 0:1 131567:5 0:12 131567:5 0:2 131567:5 0:4 131567:5 0:90 131567:1 0:10 131567:2 0:7 131567:1 0:13 131567:1 0:11 131567:1 0:19 131567:4 0:63 131567:4 0:6 131567:4 0:19 131567:5 0:7 131567:8 0:19 131567:4 0:103 131567:4 0:68 131567:5 0:16 131567:1 0:14
C	2645	477697	941	0:189 477697:2 0:55 477697:3 0:13 131567:1 0:18 131567:7 2:6 0:14 131567:5 0:15 2:3 0:22 2:1 0:182 227086:1 0:29 131567:5 0:3 2:5 0:16 477697:5 0:5 477697:1 0:301
C	2646	5125	805	0:194 5144:2 0:9 5125:5 0:2 5125:5 0:8 131567:5 0:4 716546:3 0:51 716546:1 0:32 147550:5 0:167 716546:5 0:1 131567:3 5144:5 0:28 131567:1 0:16 131567:5 0:5 716545:1 0:208
C	2647	544580	889	0:22 131567:1 0:37 42260:1 0:20 131567:1 0:47 131567:4 0:4 131567:5 0:1 131567:5 0:101 544580:2 0:4 544580:5 0:2 544580:5 0:45 131567:8 0:85 131567:5 0:2 131567:5 0:4 131567:5 0:46 131567:1 0:87 131567:1 0:85 131567:4 0:6 131567:4 0:19 131567:5 0:7 131567:8 0:19 131567:4 0:14 131567:4 0:7 131567:2 0:8 131567:5 0:83 131567:5 0:5
C	2648	181762	1149	0:512 131567:1 0:54 4751:2 0:62 181124:1 0:59 5338:3 0:69 131567:5 0:8 131567:5 0:51 131567:5 0:30 131567:2 0:227 181762:5 0:1 181762:1 0:12
C	2650	544580	851	0:46 131567:4 0:16 131567:4 0:64 131567:5 0:8 131567:2 0:7 131567:4 0:14 131567:4 0:34 131567:4 0:19 131567:4 0:6 131567:4 0:64 131567:4 0:19 131567:1 0:34 131567:2 0:10 131567:1 0:45 131567:1 0:46 131567:5 0:4 131567:5 0:2 131567:5 0:12 131567:5 0:1 131567:4 0:16 131567:5 0:6 131567:5 0:17 131567:8 0:1 131567:11 0:12 131567:3 0:33 544580:5 0:34 131567:1 0:13 131567:1 0:70 131567:5 0:1 131567:5 0:4 131567:4 0:38
C	2651	477697	970	0:2 477697:4 0:350 131567:5 0:89 3273430:5 0:212 131567:1 0:13 477697:3 0:55 477697:2 0:195
C	2652	5144	746	0:176 131567:2 0:13 131567:5 0:4 716546:3 0:28 131567:2 0:58 131567:5 0:161 716546:5 0:1 131567:3 5144:5 0:28 131567:1 0:16 131567:5 0:191
C	2653	477697	1290	0:261 477697:5 0:34 477697:2 0:359 2:5 0:102 3273430:5 0:104 3273430:5 0:41 2:3 0:40 40324:5 0:20 131567:1 0:13 477697:3 0:55 477697:2 0:191
C	2654	5144	754	0:175 131567:2 0:13 131567:5 0:4 716546:3 0:93 131567:6 0:112 37727:1 0:56 716546:5 0:1 131567:3 5144:5 0:57 131567:4 0:10 131567:2 0:5 716546:4 0:154
C	2655	131567	844	0:47 131567:4 0:16 131567:4 0:156 131567:2 0:6 131567:4 0:64 131567:3 0:19 131567:1 0:11 131567:1 0:13 131567:1 0:7 131567:2 0:56 131567:1 0:105 131567:5 0:6 131567:5 0:17 131567:2 0:252
C	2656	569360	808	0:9 569360:5 0:184 5144:2 0:9 5125:5 0:2 5125:5 0:8 131567:5 0:4 716546:3 0:51 716546:1 0:203 716546:5 0:1 131567:3 5144:5 0:28 131567:1 0:235
C	2657	40324	928	0:247 477697:3 0:13 131567:1 0:20 40324:5 0:20 131567:5 0:15 2:3 0:152 3273430:5 0:72 40324:5 0:13 131567:5 0:3 2:5 0:302
C	2658	131567	540	0:25 131567:4 0:1 131567:5 0:12 131567:5 0:2 131567:5 0:4 131567:5 0:90 131567:1 0:10 131567:2 0:7 131567:1 0:13 131567:1 0:11 131567:1 0:19 131567:4 0:64 131567:4 0:6 131567:4 0:19 131567:5 0:7 131567:8 0:19 131567:4 0:14 131567:4 0:7 131567:2 0:8 131567:5 0:65 131567:4 0:29
C	2660	544580	984	0:22 131567:1 0:60 131567:2 0:48 131567:4 0:4 131567:5 0:1 131567:5 0:82 131567:1 0:19 544580:1 0:3 544580:2 0:4 544580:5 0:2 544580:5 0:31 131567:5 0:24 131567:8 0:17 131567:5 0:6 131567:5 0:16 131567:4 0:1 131567:5 0:12 131567:5 0:2 131567:5 0:4 131567:5 0:46 131567:1 0:16 131567:2 0:26 131567:1 0:10 131567:2 0:7 131567:1 0:13 131567:1 0:11 131567:1 0:19 131567:4 0:63 131567:4 0:6 131567:4 0:7 4895:1 0:23 131567:8 0:19 131567:4 0:14 131567:4 0:7 131567:2 0:8 131567:5 0:63 131567:4 0:16 131567:4 0:87
C	2661	477697	933	0:143 477697:5 0:39 477697:2 0:55 477697:3 0:13 131567:1 0:20 40324:5 0:82 3273430:5 0:202 131567:5 0:8 131567:3 0:308
C	2662	544580	980	0:22 131567:1 0:58 131567:2 0:48 131567:4 0:4 131567:5 0:1 131567:5 0:101 544580:1 0:3 544580:2 0:4 544580:5 0:2 544580:4 0:85 131567:5 0:6 131567:5 0:16 131567:4 0:1 131567:5 0:12 131567:5 0:2 131567:5 0:4 131567:5 0:46 131567:1 0:16 131567:2 0:60 131567:1 0:11 131567:1 0:19 131567:4 0:71 131567:4 0:19 131567:5 0:7 131567:8 0:38 131567:4 0:7 131567:2 0:8 131567:5 0:63 131567:4 0:92 131567:1 0:15
C	2663	544580	849	0:46 131567:4 0:16 131567:4 0:62 131567:5 0:8 131567:2 0:7 131567:4 0:14 131567:4 0:39 2916678:5 0:12 131567:4 0:6 131567:4 0:63 131567:4 0:19 131567:1 0:11 131567:1 0:13 131567:1 0:7 131567:2 0:10 131567:1 0:26 131567:1 0:82 131567:5 0:38 131567:5 0:6 131567:5 0:17 131567:8 0:1 131567:11 0:12 131567:3 0:33 544580:5 0:2 544580:5 0:4 544580:2 0:3 544580:1 0:19 131567:1 0:13 131567:1 0:70 131567:5 0:1 131567:5 0:4 131567:4 0:38
C	2664	544580	971	0:22 131567:1 0:58 131567:2 0:48 131567:4 0:4 131567:5 0:1 131567:5 0:70 131567:1 0:13 131567:1 0:19 544580:1 0:3 544580:2 0:4 544580:5 0:2 544580:5 0:45 131567:7 0:29 131567:5 0:6 131567:5 0:16 131567:4 0:1 131567:5 0:12 131567:5 0:2 131567:5 0:4 131567:5 0:46 131567:1 0:16 131567:2 0:60 131567:1 0:11 131567:1 0:19 131567:4 0:63 131567:4 0:6 131567:4 0:19 131567:5 0:7 131567:8 0:125 131567:4 0:99
C	2665	544580	627	0:91 9606:1 0:43 470:1 0:5 470:1 0:38 131567:5 0:38 131567:1 0:58 131567:2 0:48 131567:4 0:4 131567:5 0:1 131567:5 0:69 131567:1 0:13 131567:1 0:19 544580:1 0:3 544580:2 0:4 544580:5 0:2 544580:5 0:33 131567:3 0:12 131567:11 0:1 131567:8 0:17 131567:5 0:27
C	2666	3273430	629	0:261 477697:2 0:115 131567:5 0:40 2:1 0:127 3273430:5 0:39
C	2667	3273430	941	0:187 477697:2 0:136 2:3 0:41 3273430:5 0:105 3273430:5 0:93 131567:5 0:3 2:5 0:317
C	2669	477697	957	0:251 477697:3 0:13 131567:1 0:18 131567:7 2:6 0:14 131567:5 0:15 2:3 0:22 2:1 0:127 3273430:5 0:60 227086:1 0:57 477697:5 0:5 477697:1 0:303
C	2670	477697	1061	0:386 131567:5 0:29 227086:1 0:190 2:1 0:56 2:6 131567:7 0:18 131567:1 0:13 477697:3 0:55 477697:2 0:254
C	2671	477697	944	0:190 477697:2 0:90 131567:7 2:6 0:14 131567:5 0:15 2:3 0:22 2:1 0:126 3273430:5 0:112 477697:5 0:5 477697:1 0:301
C	2673	131567	846	0:46 131567:4 0:16 131567:4 0:63 131567:5 0:8 131567:2 0:7 131567:4 0:14 131567:4 0:39 2916678:5 0:12 131567:4 0:6 131567:4 0:63 131567:4 0:19 131567:1 0:11 131567:1 0:13 131567:1 0:7 131567:2 0:10 131567:1 0:91 131567:5 0:4 131567:5 0:2 131567:5 0:39 131567:5 0:6 131567:5 0:17 131567:2 0:63 544580:5 0:35 131567:3 0:13 131567:1 0:69 131567:5 0:1 131567:5 0:4 131567:4 0:38
C	2674	544580	840	0:46 131567:4 0:16 131567:4 0:63 131567:5 0:8 131567:2 0:7 131567:4 0:14 131567:4 0:19 131567:8 0:7 131567:5 0:19 131567:4 0:6 131567:4 0:62 131567:4 0:30 131567:1 0:13 131567:1 0:7 131567:2 0:10 131567:2 0:35 131567:1 0:46 131567:5 0:4 131567:5 0:2 131567:5 0:40 131567:5 0:38 131567:9 0:12 131567:3 0:33 544580:5 0:2 544580:5 0:4 544580:2 0:3 544580:1 0:19 131567:1 0:13 131567:1 0:69 131567:5 0:1 131567:5 0:4 131567:4 0:38
C	2675	477697	1021	0:228 477697:5 0:39 477697:2 0:55 477697:3 0:13 131567:1 0:20 40324:5 0:40 2:3 0:41 3273430:5 0:212 131567:3 0:312
C	2676	3273430	944	0:189 477697:2 0:54 477697:3 0:13 131567:1 0:110 3273430:5 0:105 3273430:5 0:93 131567:5 0:3 2:5 0:317
C	2677	544580	1036	0:208 131567:5 0:68 131567:1 0:13 131567:1 0:19 544580:1 0:3 544580:2 0:4 544580:5 0:2 544580:5 0:33 131567:3 0:12 131567:11 0:1 131567:8 0:17 131567:5 0:6 131567:5 0:16 131567:4 0:1 131567:5 0:12 131567:5 0:2 131567:5 0:4 131567:5 0:132 131567:1 0:19 131567:4 0:64 131567:4 0:6 131567:4 0:19 131567:5 0:7 131567:8 0:19 131567:4 0:14 131567:4 0:7 131567:2 0:8 131567:5 0:63 131567:4 0:16 131567:4 0:51 131567:5 0:16 131567:1 0:9
C	2678	544580	851	0:46 131567:4 0:16 131567:4 0:66 131567:5 0:8 131567:2 0:7 131567:4 0:14 131567:4 0:19 131567:8 0:7 131567:5 0:19 131567:4 0:6 131567:4 0:63 131567:4 0:19 131567:1 0:11 131567:1 0:13 131567:1 0:7 131567:2 0:10 131567:1 0:26 131567:2 0:16 131567:1 0:103 131567:5 0:30 131567:5 0:1 131567:11 0:12 131567:3 0:49 544580:2 0:3 544580:1 0:19 131567:1 0:13 131567:1 0:71 131567:5 0:1 131567:5 0:4 131567:4 0:38
C	2679	2	1289	0:244 477697:3 0:34 40324:5 0:40 2:3 0:41 3273430:5 0:104 3273430:5 0:95 131567:5 0:3 2:5 0:322 1884633:1 0:36 477697:2 0:34 477697:5 0:263
C	2680	477697	1276	0:269 477697:5 0:34 477697:4 0:346 2:5 0:3 131567:5 0:13 40324:5 0:72 3273430:5 0:189 40324:5 0:20 131567:1 0:13 477697:3 0:55 477697:2 0:188
C	2681	5144	919	0:23 131567:3 0:225 716546:4 0:5 131567:2 0:10 131567:4 0:7 131567:5 0:16 131567:1 0:28 5144:5 131567:3 0:1 716546:5 0:172 131567:6 0:43 716546:1 0:9 716546:2 0:34 716546:3 0:4 131567:5 0:13 131567:2 0:18 716545:5 0:221
C	2682	544580	845	0:46 131567:4 0:16 131567:4 0:63 131567:5 0:8 131567:2 0:7 131567:4 0:14 131567:4 0:19 131567:8 0:7 131567:5 0:19 131567:4 0:71 131567:4 0:19 131567:1 0:11 131567:1 0:59 131567:2 0:68 131567:2 0:4 131567:5 0:2 131567:5 0:12 131567:5 0:1 131567:4 0:16 131567:5 0:6 131567:5 0:17 131567:8 0:1 131567:11 0:12 131567:3 0:33 544580:5 0:2 544580:5 0:4 544580:2 0:3 544580:1 0:19 131567:1 0:13 131567:1 0:66 131567:5 0:1 131567:5 0:4 131567:4 0:38
C	2683	2	954	0:188 477697:2 0:55 477697:3 0:13 131567:1 0:18 131567:7 2:6 0:14 131567:5 0:15 2:3 0:22 2:1 0:130 3273430:5 0:60 227086:1 0:29 131567:5 0:337
C	2684	3273430	994	0:186 477697:2 0:55 477697:3 0:13 131567:1 0:20 40324:5 0:40 2:3 0:41 3273430:5 0:104 3273430:5 0:94 131567:5 0:3 2:5 0:325 1884633:1 0:44
C	2685	544580	722	0:9 131567:5 0:8 131567:2 0:62 131567:5 0:19 131567:4 0:128 131567:2 0:170 131567:5 0:17 131567:8 0:1 131567:11 0:12 131567:5 0:32 544580:5 0:2 544580:5 0:4 544580:2 0:3 544580:1 0:19 131567:1 0:13 131567:1 0:70 131567:5 0:1 131567:5 0:4 131567:4 0:38
C	2686	544580	680	0:5 131567:4 0:34 131567:4 0:19 131567:4 0:6 131567:4 0:63 131567:4 0:19 131567:1 0:11 131567:1 0:13 131567:1 0:7 131567:2 0:10 131567:1 0:26 131567:2 0:16 131567:1 0:46 131567:5 0:4 131567:5 0:2 131567:5 0:12 131567:5 0:1 131567:4 0:16 131567:5 0:6 131567:5 0:17 131567:4 0:63 544580:5 0:2 544580:5 0:4 544580:2 0:3 544580:1 0:19 131567:1 0:13 131567:1 0:70 131567:5 0:1 131567:5 0:4 131567:4 0:38
C	2687	544580	814	0:15 131567:4 0:16 131567:4 0:79 131567:2 0:24 131567:4 0:19 131567:8 0:7 131567:5 0:19 131567:4 0:6 131567:4 0:86 131567:1 0:11 131567:1 0:13 131567:1 0:7 131567:2 0:10 131567:1 0:144 131567:5 0:6 131567:5 0:17 131567:4 0:27 131567:3 0:40 544580:5 0:9 544580:1 0:19 131567:1 0:13 131567:1 0:69 131567:5 0:1 131567:5 0:4 131567:4 0:39
C	2688	544580	550	0:11 131567:4 0:19 131567:1 0:11 131567:1 0:13 131567:1 0:7 131567:2 0:10 131567:1 0:26 131567:2 0:16 131567:1 0:62 131567:5 0:40 131567:5 0:6 131567:5 0:17 131567:8 0:1 131567:11 0:12 131567:3 0:33 544580:5 0:2 544580:5 0:4 544580:2 0:3 544580:1 0:19 131567:1 0:13 131567:1 0:69 131567:5 0:1 131567:5 0:4 131567:4 0:38
C	2689	544580	535	131567:2 0:19 131567:1 0:11 131567:1 0:13 131567:1 0:7 131567:2 0:10 131567:1 0:44 131567:1 0:60 131567:5 0:38 131567:5 0:6 131567:5 0:17 131567:8 0:1 131567:11 0:12 131567:3 0:33 544580:5 0:2 544580:5 0:43 131567:1 0:71 131567:5 0:1 131567:5 0:4 131567:4 0:38
C	2694	477697	948	0:239 477697:3 0:13 131567:1 0:18 131567:7 2:6 0:60 2:1 0:126 3273430:5 0:61 227086:1 0:29 131567:5 0:3 2:5 0:16 477697:5 0:5 477697:1 0:304
C	2695	544580	1400	0:462 131567:4 0:16 131567:4 0:62 131567:5 0:8 131567:2 0:7 131567:2 0:39 131567:8 0:7 131567:5 0:19 131567:4 0:6 131567:5 0:68 131567:2 0:54 131567:2 0:10 131567:2 0:38 131567:1 0:226 131567:4 0:16 131567:5 0:6 131567:5 0:17 131567:8 0:1 131567:11 0:12 131567:3 0:41 544580:5 0:4 544580:2 0:3 544580:1 0:97 131567:5 0:1 131567:5 0:4 131567:4 0:38
C	2696	544580	930	0:46 131567:4 0:16 131567:4 0:63 131567:5 0:8 131567:2 0:7 131567:4 0:14 131567:4 0:34 131567:4 0:19 131567:4 0:6 131567:4 0:63 131567:4 0:19 131567:1 0:11 131567:1 0:13 131567:1 0:7 131567:2 0:10 131567:1 0:26 131567:2 0:78 131567:5 0:12 131567:5 0:1 131567:4 0:16 131567:5 0:6 131567:5 0:17 131567:8 0:1 131567:11 0:55 544580:2 0:3 544580:1 0:252
C	2697	477697	1003	0:2 477697:4 0:344 477697:1 0:5 477697:5 0:16 2:5 0:3 131567:5 0:29 227086:1 0:60 3273430:5 0:151 2:3 0:15 131567:5 0:57 477697:3 0:55 477697:2 0:193
C	2699	5144	901	0:23 131567:3 0:225 716546:4 0:5 131567:2 0:10 131567:4 0:7 131567:5 0:16 131567:1 0:28 5144:5 0:180 131567:6 0:87 716546:3 0:4 131567:5 0:13 131567:2 0:22 716545:1 0:2 332648:2 0:197 131567:2 0:3
C	2700	40324	987	0:379 2:5 0:3 131567:5 0:13 40324:5 0:72 3273430:5 0:150 2:3 0:15 131567:5 0:20 40324:5 0:92 477697:2 0:174
C	2701	569360	810	0:8 569360:5 0:186 5144:2 0:9 5125:5 0:2 5125:5 0:8 131567:5 0:4 716546:3 0:51 716546:1 0:32 147550:5 0:168 716546:5 0:1 131567:3 5144:5 0:28 131567:1 0:16 131567:5 0:5 716545:1 0:207
C	2702	544580	841	0:46 131567:4 0:16 131567:4 0:63 131567:5 0:8 131567:2 0:7 131567:4 0:14 131567:4 0:19 131567:8 0:7 131567:5 0:19 131567:4 0:6 131567:4 0:63 131567:4 0:19 131567:1 0:11 131567:1 0:13 131567:1 0:7 131567:2 0:10 131567:1 0:26 131567:2 0:16 131567:1 0:61 131567:5 0:12 131567:5 0:1 131567:4 0:16 131567:5 0:6 131567:5 0:77 544580:5 0:2 544580:5 0:4 544580:2 0:3 544580:1 0:19 131567:1 0:13 131567:1 0:70 131567:5 0:1 131567:5 0:4 131567:4 0:38
C	2705	544580	853	0:45 131567:4 0:16 131567:4 0:63 131567:5 0:8 131567:2 0:7 131567:4 0:14 131567:5 0:33 131567:4 0:19 131567:4 0:6 131567:4 0:63 131567:4 0:19 131567:1 0:11 131567:1 0:63 131567:2 0:16 131567:1 0:85 131567:4 0:16 131567:5 0:6 131567:5 0:17 131567:1 0:70 544580:5 0:2 544580:5 0:4 544580:2 0:3 544580:1 0:19 131567:1 0:13 131567:1 0:70 131567:5 0:1 131567:5 0:4 131567:4 0:37
C	2706	5125	807	0:198 5144:2 0:9 5125:5 0:2 5125:5 0:8 131567:5 0:4 716546:3 0:51 716546:1 0:203 716546:5 0:1 131567:3 5144:5 0:263
C	2707	40324	982	0:176 28211:3 0:120 477697:3 0:13 131567:1 0:20 40324:5 0:20 131567:5 0:15 2:3 0:151 3273430:5 0:72 40324:5 0:13 131567:5 0:3 2:5 0:305
C	2708	544580	974	0:22 131567:1 0:123 131567:5 0:65 131567:1 0:13 131567:1 0:19 544580:1 0:3 544580:2 0:4 544580:5 0:2 544580:5 0:7 226126:3 0:23 131567:3 0:12 131567:11 0:1 131567:8 0:17 131567:5 0:48 131567:5 0:148 131567:1 0:19 131567:4 0:63 131567:4 0:6 131567:4 0:19 131567:5 0:7 131567:8 0:19 131567:4 0:14 131567:4 0:7 131567:2 0:8 131567:5 0:139 131567:5 0:16 131567:1 0:13
C	2709	544580	970	0:210 131567:1 0:13 131567:1 0:19 544580:1 0:3 544580:2 0:4 544580:5 0:2 544580:5 0:33 131567:3 0:12 131567:11 0:1 131567:8 0:17 131567:5 0:6 131567:5 0:16 131567:4 0:1 131567:5 0:12 131567:5 0:2 131567:5 0:4 131567:5 0:64 131567:2 0:26 131567:1 0:10 131567:2 0:7 131567:1 0:13 131567:1 0:11 131567:1 0:19 131567:4 0:63 131567:4 0:6 131567:4 0:19 131567:5 0:7 131567:8 0:19 131567:4 0:14 131567:4 0:7 131567:2 0:8 131567:5 0:63 131567:4 0:16 131567:4 0:51 131567:5 0:16 131567:1 0:9
C	2710	544580	855	0:46 131567:4 0:16 131567:4 0:63 131567:5 0:8 131567:2 0:7 131567:4 0:14 131567:4 0:19 131567:8 0:7 131567:5 0:19 131567:4 0:6 131567:4 0:65 131567:4 0:54 131567:2 0:10 131567:1 0:26 131567:2 0:16 131567:1 0:46 131567:5 0:4 131567:5 0:2 131567:5 0:39 131567:5 0:6 131567:5 0:17 131567:8 0:1 131567:11 0:50 544580:5 0:2 544580:5 0:4 544580:2 0:3 544580:1 0:19 131567:1 0:13 131567:1 0:69 131567:5 0:1 131567:5 0:4 131567:4 0:38
C	2711	544580	661	0:22 131567:1 0:58 131567:2 0:48 131567:4 0:4 131567:5 0:1 131567:5 0:69 131567:1 0:13 131567:1 0:19 544580:1 0:3 544580:2 0:4 544580:5 0:2 544580:5 0:33 131567:3 0:12 131567:11 0:1 131567:8 0:17 131567:5 0:6 131567:5 0:43 131567:5 0:4 131567:5 0:91 131567:1 0:10 131567:2 0:7 131567:1 0:13 131567:1 0:11 131567:1 0:19 131567:4 0:33
C	2712	1268659	964	0:23 131567:3 0:5 5204:2 0:310 131567:1 0:5 131567:5 0:3 131567:5 0:3 131567:1 0:36 131567:5 0:178 55193:2 0:54 131567:4 0:18 131567:2 0:12 131567:2 0:9 131567:5 0:13 131567:2 0:26 1268659:5 0:191
C	2713	569360	903	0:50 131567:1 147550:2 0:28 147550:1 0:221 716545:1 0:5 131567:5 0:16 131567:1 0:28 5144:5 131567:3 0:1 716546:5 0:165 147550:5 0:32 716546:1 0:51 716546:3 0:4 131567:5 0:8 5125:5 0:203 569360:5 0:9
C	2714	544580	841	0:45 131567:4 0:16 131567:4 0:64 131567:5 0:8 131567:2 0:7 131567:4 0:14 131567:4 0:34 131567:4 0:19 131567:4 0:6 131567:4 0:97 131567:1 0:13 131567:1 0:7 131567:2 0:10 131567:1 0:26 131567:2 0:16 131567:1 0:45 131567:5 0:4 131567:5 0:2 131567:5 0:39 131567:5 0:6 131567:5 0:17 131567:8 0:1 131567:11 0:12 131567:3 0:33 544580:5 0:2 544580:5 0:4 544580:2 0:3 544580:1 0:19 131567:1 0:13 131567:1 0:64 131567:5 0:1 131567:5 0:4 131567:4 0:37
C	2715	569360	516	0:9 569360:5 0:217 131567:5 0:4 716546:3 0:51 716546:1 0:32 147550:5 0:150
C	2716	544580	982	0:22 131567:1 0:108 131567:4 0:4 131567:5 0:1 131567:5 0:70 131567:1 0:13 131567:3 0:30 544580:5 0:2 544580:5 0:33 131567:3 0:12 131567:7 0:39 131567:5 0:38 131567:5 0:2 131567:5 0:4 131567:5 0:88 131567:1 0:10 131567:2 0:7 131567:1 0:13 131567:1 0:11 131567:1 0:19 131567:4 0:95 131567:5 0:7 131567:8 0:19 131567:4 0:14 131567:4 0:7 131567:2 0:8 131567:5 0:63 131567:4 0:16 131567:4 0:88
C	2717	181762	1066	0:8 181762:1 0:1 181762:5 0:217 1423913:5 0:6 131567:2 0:30 131567:5 0:26 131567:4 0:175 181124:1 0:62 4751:2 0:56 131567:1 0:10 131567:3 0:412
C	2718	544580	852	0:46 131567:4 0:16 131567:4 0:63 131567:5 0:8 131567:2 0:7 131567:4 0:14 131567:4 0:19 131567:8 0:7 131567:5 0:19 131567:4 0:6 131567:4 0:60 1071382:3 0:33 131567:4 0:13 131567:1 0:7 131567:2 0:10 131567:1 0:26 131567:2 0:16 131567:1 0:65 131567:5 0:12 131567:5 0:1 131567:4 0:16 131567:5 0:6 131567:5 0:83 544580:5 0:2 544580:5 0:4 544580:2 0:3 544580:1 0:19 131567:1 0:13 131567:1 0:70 131567:5 0:1 131567:5 0:4 131567:4 0:38
C	2719	28985	872	0:162 131567:8 0:177 131567:1 0:56 147537:6 0:37 131567:5 0:45 131567:5 0:6 131567:5 0:17 131567:4 0:55 4910:5 0:141 28985:5 0:98
C	2720	544580	959	0:22 131567:1 0:101 131567:4 0:4 131567:5 0:1 131567:5 0:69 131567:1 0:13 131567:1 0:19 544580:1 0:3 544580:2 0:4 544580:5 0:2 544580:5 0:85 131567:5 0:16 131567:4 0:1 131567:5 0:12 131567:5 0:2 131567:5 0:4 131567:5 0:46 131567:1 0:16 131567:2 0:71 131567:1 0:19 131567:4 0:63 131567:4 0:6 131567:4 0:19 131567:5 0:7 131567:8 0:19 131567:4 0:14 131567:4 0:7 131567:2 0:8 131567:5 0:63 131567:4 0:16 131567:4 0:82
C	2721	477697	997	0:2 477697:4 0:345 477697:1 0:5 477697:5 0:16 2:5 0:3 131567:5 0:29 227086:1 0:60 3273430:5 0:166 131567:5 0:14 2:6 131567:7 0:18 131567:1 0:13 477697:3 0:55 477697:2 0:187
C	2722	544580	982	0:22 131567:1 0:108 131567:4 0:4 131567:5 0:1 131567:5 0:99 544580:1 0:53 131567:3 0:12 131567:7 0:39 131567:5 0:16 131567:4 0:1 131567:5 0:12 131567:5 0:2 131567:5 0:4 131567:5 0:64 131567:2 0:26 131567:1 0:10 131567:2 0:7 131567:1 0:13 131567:1 0:11 131567:1 0:19 131567:4 0:73 131567:4 0:19 131567:5 0:7 131567:8 0:19 131567:4 0:101 131567:4 0:16 131567:4 0:48 131567:5 0:16 131567:1 0:24
C	2724	569360	806	0:9 569360:5 0:183 5144:2 0:9 5125:5 0:2 5125:5 0:8 131567:5 0:4 716546:3 0:84 147550:5 0:166 716546:5 0:1 131567:3 5144:5 0:28 131567:1 0:16 131567:5 0:5 716545:1 0:207
C	2725	569360	811	0:9 569360:5 0:206 5125:5 0:8 131567:5 0:4 716546:3 0:51 716546:1 0:32 147550:5 0:165 716546:5 0:1 131567:3 5144:5 0:28 131567:1 0:16 131567:5 0:5 716545:1 0:208
C	2726	544580	544	0:36 131567:4 0:4 131567:5 0:1 131567:5 0:69 131567:1 0:13 131567:1 0:19 544580:1 0:3 544580:2 0:4 544580:5 0:2 544580:5 0:45 131567:6 0:32 131567:5 0:6 131567:5 0:16 131567:4 0:1 131567:5 0:12 131567:5 0:2 131567:6 0:92 131567:2 0:10 131567:2 0:7 131567:1 0:13 131567:1 0:11 131567:1 0:19 131567:4 0:17
C	2727	544580	974	0:73 131567:2 0:48 131567:5 0:82 131567:1 0:13 131567:1 0:38 544580:5 0:33 131567:3 0:12 131567:6 0:40 131567:5 0:16 131567:4 0:1 131567:5 0:12 131567:5 0:2 131567:5 0:4 131567:5 0:90 131567:1 0:10 131567:2 0:7 131567:1 0:13 131567:1 0:11 131567:1 0:19 131567:4 0:63 131567:4 0:6 131567:4 0:19 131567:5 0:7 131567:8 0:19 131567:4 0:14 131567:4 0:7 131567:2 0:8 131567:5 0:63 131567:4 0:16 131567:4 0:51 131567:5 0:16 131567:1 0:15
C	2728	1268659	976	0:23 131567:3 0:5 5204:2 0:280 131567:3 0:10 131567:1 0:5 131567:5 0:3 131567:5 0:3 131567:1 0:138 456999:2 0:21 5338:3 0:58 131567:5 0:5 131567:9 0:8 131567:5 0:22 131567:4 0:18 131567:2 0:12 131567:2 0:9 131567:5 0:13 131567:2 0:22 131567:1 0:3 1268659:5 0:219
C	2729	544580	821	0:15 131567:5 0:16 131567:4 0:86 131567:4 0:14 131567:4 0:19 131567:8 0:7 131567:5 0:19 131567:4 0:6 131567:4 0:63 131567:3 0:66 131567:1 0:121 131567:5 0:1 131567:3 0:17 131567:5 0:6 131567:5 0:17 131567:4 0:67 544580:5 0:37 131567:1 0:13 131567:1 0:69 131567:5 0:1 131567:5 0:4 131567:4 0:38
C	2731	544580	846	0:46 131567:4 0:16 131567:4 0:64 131567:5 0:8 131567:2 0:7 131567:4 0:14 131567:4 0:34 131567:4 0:19 131567:4 0:6 131567:4 0:83 131567:1 0:11 131567:1 0:13 131567:1 0:7 131567:2 0:10 131567:1 0:26 131567:2 0:16 131567:1 0:60 131567:5 0:12 131567:5 0:1 131567:4 0:16 131567:5 0:6 131567:5 0:17 131567:8 0:1 131567:11 0:12 131567:3 0:33 544580:5 0:2 544580:5 0:4 544580:2 0:3 544580:1 0:19 131567:1 0:13 131567:1 0:70 131567:5 0:1 131567:5 0:4 131567:4 0:39
C	2732	544580	960	0:22 131567:1 0:58 131567:2 0:48 131567:4 0:4 131567:5 0:1 131567:5 0:98 544580:1 0:3 544580:2 0:4 544580:5 0:2 544580:5 0:33 131567:3 0:12 131567:6 0:41 2093779:5 0:34 131567:5 0:2 131567:5 0:4 131567:5 0:156 131567:4 0:70 498019:4 0:62 131567:4 0:14 131567:4 0:7 131567:2 0:8 131567:5 0:63 131567:4 0:16 131567:4 0:51 131567:5 0:18
C	2733	477697	1003	0:2 477697:4 0:349 477697:5 0:16 2:5 0:95 3273430:5 0:127 2:1 0:22 2:3 0:15 131567:5 0:14 2:6 131567:7 0:18 131567:1 0:13 477697:3 0:56 477697:2 0:195
C	2734	181762	573	0:22 5204:2 0:317 131567:5 0:189 181762:4
C	2735	5144	896	0:252 716546:4 0:5 131567:2 0:10 131567:4 0:7 131567:5 0:46 5144:5 131567:3 0:1 716546:5 0:169 131567:6 0:94 131567:5 0:13 131567:2 0:22 716545:1 0:2 332648:2 0:197
C	2736	544580	981	0:123 131567:4 0:4 131567:5 0:1 131567:5 0:70 131567:1 0:13 131567:1 0:19 544580:1 0:3 544580:2 0:4 544580:5 0:2 544580:5 0:45 131567:11 0:1 131567:8 0:75 131567:5 0:4 131567:5 0:46 131567:1 0:16 131567:2 0:26 131567:1 0:10 131567:2 0:7 131567:1 0:13 131567:1 0:11 131567:1 0:87 131567:4 0:6 131567:4 0:19 131567:5 0:7 131567:8 0:19 131567:4 0:14 131567:4 0:7 131567:2 0:8 131567:5 0:63 131567:4 0:16 131567:4 0:92 131567:1 0:4
U	2737	0	628	0:2 477697:4 0:588
C	2738	544580	979	0:22 131567:1 0:107 131567:4 0:4 131567:5 0:1 131567:5 0:70 131567:1 0:13 131567:1 0:19 544580:1 0:3 544580:2 0:4 544580:5 0:2 544580:5 0:49 131567:11 0:1 131567:8 0:17 131567:5 0:6 131567:5 0:16 131567:4 0:1 131567:5 0:12 131567:5 0:2 131567:5 0:4 131567:5 0:46 131567:1 0:16 131567:2 0:60 131567:1 0:11 131567:1 0:19 131567:4 0:63 131567:4 0:6 131567:4 0:19 131567:5 0:7 131567:8 0:48 131567:2 0:8 131567:5 0:63 131567:4 0:16 131567:4 0:82
C	2739	544580	851	0:47 131567:4 0:16 131567:4 0:66 131567:5 0:8 131567:2 0:60 131567:4 0:19 131567:4 0:6 131567:4 0:63 131567:4 0:19 131567:1 0:11 131567:1 0:13 131567:1 0:7 131567:2 0:10 131567:1 0:26 131567:2 0:16 131567:1 0:46 131567:5 0:4 131567:5 0:2 131567:5 0:77 131567:3 0:60 544580:5 0:2 544580:5 0:4 544580:2 0:3 544580:1 0:19 131567:1 0:13 131567:1 0:70 131567:5 0:1 131567:5 0:4 131567:4 0:38
C	2740	544580	984	0:80 147537:1 0:51 131567:4 0:4 131567:5 0:1 131567:5 0:70 131567:1 0:13 131567:1 0:19 544580:1 0:3 544580:2 0:4 544580:5 0:2 544580:5 0:47 131567:7 0:41 131567:5 0:16 131567:4 0:1 131567:5 0:12 131567:5 0:2 131567:5 0:4 131567:5 0:91 131567:1 0:45 131567:1 0:19 131567:4 0:63 131567:4 0:6 131567:4 0:31 131567:8 0:19 131567:4 0:14 131567:4 0:7 131567:2 0:8 131567:5 0:164 131567:1 0:9
C	2742	2	899	0:262 477697:5 0:395 2:5 0:3 131567:5 0:93 3273430:5 0:92
C	2743	131567	1040	0:22 131567:1 0:116 131567:5 0:270 131567:5 0:55 131567:1 0:113 131567:4 0:61 131567:4 0:6 131567:4 0:19 131567:5 0:7 131567:8 0:49 131567:2 0:8 131567:5 0:86 131567:4 0:146
C	2744	477697	1001	0:2 477697:4 0:384 131567:4 0:29 227086:1 0:190 2:1 0:60 2:6 131567:7 0:18 131567:1 0:13 477697:3 0:55 477697:2 0:187
C	2745	544580	958	0:181 131567:4 0:85 131567:3 0:14 131567:4 0:19 131567:8 0:32 131567:4 0:6 131567:4 0:63 131567:3 0:19 131567:1 0:11 131567:1 0:13 131567:1 0:7 131567:2 0:111 131567:5 0:12 131567:5 0:1 131567:4 0:16 131567:5 0:6 131567:5 0:17 131567:8 0:1 131567:3 0:3 131567:5 0:46 544580:5 0:37 131567:1 0:13 131567:1 0:70 131567:5 0:1 131567:5 0:4 131567:4 0:40
C	2746	544580	983	0:22 131567:1 0:58 131567:2 0:48 131567:4 0:4 131567:5 0:1 131567:5 0:70 131567:1 0:13 131567:1 0:19 544580:1 0:3 544580:2 0:4 544580:5 0:2 544580:5 0:33 131567:3 0:12 131567:11 0:1 131567:8 0:17 131567:5 0:6 131567:5 0:16 131567:4 0:1 131567:5 0:80 131567:1 0:16 131567:2 0:26 131567:1 0:10 131567:2 0:7 131567:1 0:13 131567:1 0:11 131567:1 0:19 131567:4 0:76 131567:4 0:19 131567:5 0:7 131567:8 0:19 131567:4 0:14 131567:4 0:7 131567:2 0:8 131567:5 0:63 131567:4 0:16 131567:4 0:82
C	2747	181762	1034	0:8 181762:1 0:1 181762:5 0:231 131567:2 0:30 131567:5 0:26 131567:4 0:22 131567:5 0:8 131567:5 0:41 5338:3 0:59 181124:1 0:119 131567:1 0:10 131567:3 0:410
C	2748	181762	1138	0:41 490731:3 0:692 131567:5 0:5 131567:9 0:8 131567:5 0:22 131567:4 0:26 131567:5 0:264 181762:5 0:1 181762:1 0:8
C	2749	544580	847	0:46 131567:4 0:16 131567:4 0:63 131567:5 0:8 131567:2 0:7 131567:4 0:14 131567:4 0:34 131567:4 0:19 131567:4 0:6 131567:4 0:63 131567:4 0:65 131567:1 0:26 131567:2 0:16 131567:1 0:46 131567:5 0:4 131567:5 0:2 131567:5 0:12 131567:5 0:1 131567:4 0:16 131567:5 0:30 131567:5 0:1 131567:11 0:12 131567:3 0:33 544580:5 0:2 544580:5 0:4 544580:3 0:2 544580:1 0:19 131567:1 0:13 131567:1 0:70 131567:5 0:1 131567:5 0:4 131567:4 0:37
C	2750	544580	975	0:12 4956:5 0:5 131567:1 0:55 131567:2 0:48 131567:4 0:4 131567:5 0:1 131567:5 0:69 131567:1 0:13 131567:1 0:19 544580:1 0:3 544580:2 0:4 544580:5 0:2 544580:5 0:33 131567:3 0:12 131567:11 0:1 131567:8 0:17 131567:5 0:6 131567:5 0:16 131567:4 0:1 131567:5 0:12 131567:5 0:2 131567:5 0:4 131567:5 0:64 131567:1 0:59 131567:1 0:11 131567:1 0:87 131567:4 0:6 131567:4 0:19 131567:5 0:7 131567:8 0:19 131567:4 0:14 131567:4 0:7 131567:2 0:8 131567:5 0:63 131567:4 0:102
C	2751	1268659	1069	0:374 131567:5 0:3 131567:5 0:3 131567:1 0:221 131567:9 0:1 131567:9 0:71 131567:2 0:9 131567:5 0:41 1268659:5 0:271
C	2752	544580	846	0:42 131567:4 0:16 131567:4 0:63 131567:5 0:8 131567:2 0:7 131567:4 0:14 131567:4 0:19 131567:8 0:7 131567:5 0:19 131567:4 0:6 131567:4 0:63 131567:4 0:54 131567:2 0:10 131567:1 0:26 131567:2 0:16 131567:1 0:62 131567:5 0:48 131567:5 0:17 131567:2 0:66 544580:5 0:2 544580:5 0:4 544580:2 0:3 544580:1 0:19 131567:1 0:13 131567:1 0:70 131567:5 0:1 131567:5 0:4 131567:4 0:38
C	2753	544580	847	0:46 131567:4 0:16 131567:4 0:63 131567:5 0:8 131567:2 0:7 131567:4 0:14 131567:4 0:34 131567:4 0:19 131567:4 0:6 131567:4 0:63 131567:4 0:19 131567:1 0:11 131567:1 0:13 131567:1 0:7 131567:2 0:10 131567:1 0:89 131567:5 0:4 131567:5 0:2 131567:5 0:12 131567:5 0:1 131567:4 0:16 131567:5 0:6 131567:5 0:17 131567:8 0:1 131567:6 0:17 131567:3 0:33 544580:5 0:2 544580:5 0:4 544580:2 0:3 544580:1 0:19 131567:1 0:13 131567:1 0:70 131567:5 0:1 131567:5 0:4 131567:4 0:38
C	2754	5125	793	0:190 5144:2 0:9 5125:5 0:2 5125:5 0:71 716546:1 0:32 147550:5 0:166 716546:5 0:37 131567:1 0:16 131567:5 0:207
C	2755	544580	1007	0:106 131567:2 0:48 131567:4 0:4 131567:5 0:1 131567:5 0:69 131567:1 0:13 131567:1 0:19 544580:1 0:3 544580:2 0:4 544580:5 0:2 544580:5 0:45 131567:11 0:1 131567:8 0:17 131567:5 0:6 131567:5 0:16 131567:4 0:1 131567:5 0:12 131567:5 0:2 131567:5 0:4 131567:5 0:46 131567:1 0:16 131567:2 0:62 131567:1 0:11 131567:1 0:19 131567:4 0:63 131567:4 0:6 131567:4 0:19 131567:5 0:7 131567:8 0:48 131567:2 0:8 131567:5 0:63 131567:4 0:16 131567:4 0:87
C	2757	544580	848	0:45 131567:4 0:16 131567:4 0:82 131567:4 0:14 131567:4 0:19 131567:8 0:7 131567:5 0:19 131567:4 0:6 131567:4 0:63 131567:4 0:19 131567:1 0:11 131567:1 0:13 131567:1 0:7 131567:2 0:10 131567:1 0:88 131567:5 0:4 131567:5 0:2 131567:5 0:39 131567:5 0:6 131567:5 0:17 131567:8 0:62 544580:5 0:2 544580:5 0:4 544580:2 0:3 544580:1 0:19 131567:1 0:13 131567:1 0:72 131567:5 0:1 131567:5 0:4 131567:4 0:38
C	2758	40324	1185	0:446 477697:2 0:55 477697:3 0:13 131567:1 0:20 40324:5 0:20 131567:5 0:15 2:3 0:150 3273430:5 0:71 40324:5 0:13 131567:5 0:3 2:5 0:306
C	2759	544580	986	0:22 131567:1 0:58 131567:2 0:48 131567:4 0:4 131567:5 0:1 131567:5 0:65 131567:1 0:13 131567:1 0:19 544580:1 0:3 544580:2 0:4 544580:5 0:2 544580:5 0:33 131567:3 0:12 131567:7 0:42 131567:5 0:16 131567:4 0:1 131567:5 0:79 131567:1 0:16 131567:2 0:26 131567:1 0:10 131567:2 0:7 131567:1 0:13 131567:1 0:11 131567:1 0:87 131567:4 0:6 131567:4 0:19 131567:5 0:7 131567:8 0:19 131567:4 0:14 131567:4 0:7 131567:2 0:8 131567:5 0:63 131567:4 0:16 131567:4 0:51 131567:5 0:16 131567:1 0:19
C	2760	544580	861	0:32 131567:4 0:16 131567:4 0:73 131567:2 0:7 131567:4 0:36 131567:7 0:7 131567:5 0:19 131567:4 0:6 131567:4 0:63 131567:4 0:19 131567:1 0:11 131567:1 0:13 131567:1 0:7 131567:2 0:10 131567:1 0:105 131567:5 0:12 131567:5 0:1 131567:4 0:51 131567:5 0:1 131567:7 0:53 544580:5 0:2 544580:5 0:4 544580:2 0:3 544580:1 0:19 131567:1 0:13 131567:1 0:68 131567:5 0:1 131567:5 0:4 131567:4 0:44 131567:4 0:24
C	2761	28985	955	0:12 4893:5 0:5 4910:1 0:25 451864:5 0:2 4893:10 0:15 147537:1 0:70 28985:5 0:2 28985:5 0:22 4910:2 0:38 4910:5 0:2 4910:3 0:113 131567:4 0:17 131567:5 0:6 131567:5 0:16 131567:4 0:1 131567:5 0:12 131567:5 0:2 131567:5 0:4 131567:5 0:15 147537:5 0:9 147537:6 0:56 131567:1 0:10 131567:2 0:7 131567:1 0:56 131567:2 0:51 131567:4 0:6 131567:4 0:19 131567:5 0:7 131567:8 0:19 131567:4 0:14 131567:3 0:5 4893:1 0:6 4910:4 0:93 4910:5 0:6 4910:3 0:40
C	2762	544580	984	0:112 131567:1 0:75 131567:4 0:16 131567:4 0:73 131567:2 0:7 131567:4 0:14 131567:4 0:19 131567:8 0:7 131567:5 0:19 131567:4 0:6 131567:4 0:86 131567:1 0:11 131567:1 0:13 131567:1 0:7 131567:2 0:10 131567:1 0:160 131567:5 0:17 131567:4 0:60 544580:5 0:2 544580:5 0:4 544580:2 0:3 544580:1 0:19 131567:1 0:13 131567:1 0:70 131567:5 0:1 131567:5 0:4 131567:4 0:38
C	2763	544580	1016	0:112 131567:2 0:48 131567:4 0:4 131567:5 0:1 131567:5 0:70 131567:1 0:13 131567:1 0:19 544580:1 0:3 544580:2 0:4 544580:5 0:2 544580:5 0:33 131567:3 0:12 131567:11 0:1 131567:8 0:17 131567:5 0:6 131567:5 0:16 131567:4 0:1 131567:5 0:12 131567:5 0:2 131567:5 0:4 131567:5 0:45 131567:1 0:16 131567:2 0:26 131567:1 0:10 131567:2 0:7 131567:1 0:13 131567:1 0:11 131567:1 0:19 131567:4 0:63 131567:4 0:6 131567:4 0:19 131567:5 0:7 131567:8 0:19 131567:4 0:14 131567:4 0:7 131567:2 0:8 131567:5 0:63 131567:4 0:16 131567:4 0:51 131567:5 0:16 131567:1 0:16
C	2764	5302	1161	0:41 490731:3 0:7 490731:5 0:13 490731:1 0:426 131567:3 0:10 131567:1 0:56 4751:2 0:62 181124:1 0:59 5338:3 0:58 131567:5 0:5 131567:9 0:8 131567:5 0:53 131567:5 0:30 131567:2 0:233 181762:5 0:1 181762:1 0:14
C	2765	477697	1277	0:267 477697:5 0:34 477697:4 0:342 2:5 0:3 131567:5 0:13 40324:5 0:227 2:3 0:15 131567:5 0:20 40324:5 0:20 131567:1 0:13 477697:3 0:55 477697:2 0:191
C	2766	477697	1392	0:368 477697:5 0:34 477697:4 0:351 2:5 0:99 3273430:5 0:168 131567:5 0:20 40324:5 0:20 131567:1 0:13 477697:3 0:55 477697:2 0:195
C	2767	477697	1336	0:308 477697:5 0:34 477697:2 0:36 1884633:1 0:322 2:5 0:3 131567:5 0:93 3273430:5 0:104 3273430:5 0:41 2:3 0:40 40324:5 0:20 131567:1 0:13 477697:3 0:55 477697:2 0:191
C	2768	477697	969	0:2 477697:4 0:439 3273430:5 0:151 2:3 0:15 131567:5 0:20 40324:5 0:20 131567:1 0:13 477697:3 0:249
C	2769	477697	987	0:4 477697:2 0:361 131567:5 0:89 3273430:5 0:127 2:1 0:22 2:3 0:15 131567:5 0:14 2:6 131567:7 0:18 131567:1 0:13 477697:3 0:55 477697:2 0:195
C	2770	2	1287	0:258 477697:5 0:12 131567:4 0:18 477697:2 0:368 131567:5 0:91 3273430:5 0:104 3273430:5 0:40 2:3 0:39 40324:5 0:20 131567:1 0:13 477697:3 0:252
C	2771	544580	979	0:83 131567:2 0:48 131567:4 0:4 131567:5 0:1 131567:5 0:70 131567:1 0:13 131567:1 0:19 544580:1 0:3 544580:2 0:4 544580:5 0:2 544580:5 0:33 131567:3 0:12 131567:11 0:1 131567:8 0:17 131567:5 0:6 131567:5 0:16 131567:4 0:1 131567:5 0:12 131567:5 0:2 131567:5 0:4 131567:5 0:46 131567:1 0:16 131567:2 0:26 131567:1 0:10 131567:2 0:7 131567:1 0:13 131567:1 0:11 131567:1 0:19 131567:4 0:72 131567:4 0:19 131567:5 0:7 131567:8 0:19 131567:4 0:14 131567:4 0:104 131567:4 0:51 131567:5 0:16 131567:1 0:9
C	2774	544580	772	0:22 131567:1 0:58 131567:2 0:56 131567:5 0:1 131567:5 0:69 131567:1 0:13 131567:1 0:19 544580:1 0:3 544580:2 0:4 544580:5 0:2 544580:5 0:49 131567:11 0:1 131567:8 0:17 131567:5 0:6 131567:5 0:16 131567:4 0:1 131567:5 0:12 131567:5 0:2 131567:5 0:4 131567:5 0:46 131567:1 0:16 131567:2 0:26 131567:1 0:10 131567:2 0:7 131567:1 0:13 131567:1 0:11 131567:1 0:19 131567:4 0:63 131567:4 0:6 131567:4 0:19 131567:5 0:7 131567:8 0:25
C	2775	544580	845	0:46 131567:4 0:16 131567:4 0:63 131567:5 0:8 131567:2 0:7 131567:4 0:14 131567:4 0:19 131567:8 0:7 131567:5 0:19 131567:4 0:6 131567:4 0:63 131567:4 0:19 131567:1 0:11 131567:1 0:31 131567:1 0:37 226230:5 0:62 131567:5 0:12 131567:5 0:1 131567:4 0:16 131567:5 0:6 131567:5 0:17 131567:8 0:1 131567:11 0:12 131567:3 0:33 544580:5 0:2 544580:5 0:4 544580:2 0:3 544580:1 0:19 131567:1 0:13 131567:1 0:70 131567:5 0:1 131567:5 0:4 131567:4 0:38
C	2776	544580	846	0:46 131567:4 0:16 131567:4 0:63 131567:5 0:8 131567:2 0:7 131567:4 0:14 131567:4 0:32 131567:5 0:19 131567:4 0:6 131567:4 0:96 131567:1 0:13 131567:1 0:7 131567:2 0:10 131567:1 0:27 131567:1 0:96 131567:5 0:1 131567:4 0:16 131567:5 0:6 131567:5 0:17 131567:8 0:1 131567:11 0:12 131567:3 0:33 544580:5 0:2 544580:5 0:4 544580:2 0:3 544580:1 0:19 131567:1 0:13 131567:1 0:69 131567:5 0:1 131567:5 0:4 131567:4 0:39
C	2777	181124	873	0:106 181124:2 0:101 181762:1 0:49 131567:5 0:9 131567:2 0:12 131567:2 0:18 131567:4 0:22 131567:5 0:8 131567:9 0:5 131567:5 0:58 5338:3 0:159 131567:1 0:3 131567:5 0:3 131567:5 0:5 131567:1 0:10 131567:3 0:218
C	2778	544580	846	0:46 131567:4 0:16 131567:4 0:63 131567:5 0:8 131567:2 0:7 131567:4 0:14 131567:4 0:19 131567:8 0:7 131567:5 0:19 131567:4 0:6 131567:5 0:61 131567:4 0:42 131567:1 0:7 131567:2 0:55 131567:1 0:79 131567:5 0:1 131567:4 0:16 131567:5 0:6 131567:5 0:17 131567:8 0:1 131567:11 0:12 131567:3 0:33 544580:5 0:2 544580:5 0:4 544580:2 0:3 544580:1 0:19 131567:1 0:13 131567:1 0:70 131567:5 0:1 131567:5 0:4 131567:4 0:38
C	2779	477697	967	0:2 477697:4 0:656 131567:1 0:13 477697:3 0:254
C	2780	477697	1302	0:254 477697:5 0:34 477697:2 0:36 1884633:1 0:329 131567:5 0:93 3273430:5 0:108 3273430:5 0:85 40324:5 0:20 131567:1 0:13 477697:3 0:54 477697:2 0:208
C	2781	131567	848	0:46 131567:4 0:16 131567:4 0:64 131567:5 0:8 131567:2 0:7 131567:4 0:14 131567:4 0:57 131567:4 0:6 131567:4 0:60 131567:4 0:19 131567:1 0:11 131567:1 0:13 131567:1 0:7 131567:2 0:10 131567:1 0:26 131567:2 0:16 131567:1 0:46 131567:5 0:4 131567:5 0:2 131567:5 0:12 131567:5 0:1 131567:4 0:16 131567:5 0:6 131567:5 0:17 131567:8 0:1 131567:11 0:12 131567:3 0:75 131567:1 0:13 131567:1 0:70 131567:5 0:1 131567:5 0:4 131567:4 0:38
C	2782	181762	1073	0:8 181762:1 0:1 181762:5 0:288 131567:4 0:173 181124:1 0:558
C	2783	544580	839	0:46 131567:4 0:16 131567:4 0:61 131567:5 0:8 131567:2 0:47 131567:7 0:7 131567:5 0:19 131567:4 0:6 131567:4 0:62 131567:4 0:19 131567:1 0:11 131567:1 0:13 131567:1 0:7 131567:2 0:10 131567:1 0:91 131567:5 0:4 131567:5 0:2 131567:5 0:12 131567:5 0:1 131567:4 0:16 131567:5 0:6 131567:5 0:17 131567:2 0:5 131567:1 0:57 544580:5 0:2 544580:5 0:4 544580:2 0:3 544580:1 0:19 131567:1 0:13 131567:1 0:70 131567:5 0:1 131567:5 0:4 131567:4 0:35
C	2784	40324	929	0:265 131567:1 0:299 40324:5 0:325
C	2785	544580	847	0:46 131567:4 0:16 131567:4 0:63 131567:5 0:8 131567:2 0:47 131567:8 0:7 131567:5 0:19 131567:4 0:6 131567:4 0:64 131567:4 0:19 131567:1 0:11 131567:1 0:13 131567:1 0:7 131567:2 0:10 131567:1 0:26 131567:2 0:16 131567:1 0:46 131567:5 0:4 131567:5 0:2 131567:5 0:38 131567:5 0:6 131567:5 0:103 544580:1 0:19 131567:1 0:13 131567:1 0:70 131567:5 0:1 131567:5 0:4 131567:4 0:38
C	2787	40324	1062	0:438 2:5 0:3 131567:5 0:13 40324:5 0:72 3273430:5 0:150 2:3 0:15 131567:5 0:20 40324:5 0:20 131567:1 0:13 477697:3 0:54 477697:2 0:191
C	2788	569360	915	0:355 5144:5 0:1 131567:2 0:1 716546:5 0:172 147550:5 0:102 5125:5 0:205 569360:5 0:13 5144:2 0:3
C	2789	477697	975	0:270 477697:3 0:13 131567:1 0:18 131567:7 2:6 0:14 131567:5 0:40 2:1 0:128 3273430:5 0:91 131567:5 0:3 2:5 0:16 477697:5 0:5 477697:1 0:299
C	2790	544580	851	0:66 131567:4 0:63 131567:5 0:8 131567:2 0:7 131567:4 0:14 131567:4 0:19 131567:8 0:7 131567:5 0:19 131567:4 0:6 131567:4 0:64 131567:5 0:19 131567:1 0:11 131567:1 0:13 131567:1 0:7 131567:2 0:10 131567:2 0:42 131567:1 0:46 131567:5 0:4 131567:5 0:2 131567:5 0:12 131567:5 0:1 131567:4 0:16 131567:5 0:6 131567:5 0:17 131567:8 0:1 131567:11 0:12 131567:3 0:33 544580:5 0:37 131567:1 0:13 131567:1 0:70 131567:5 0:51
C	2791	2	924	0:257 131567:1 0:45 131567:4 0:262 131567:5 0:3 2:5 0:308
C	2792	544580	979	0:82 131567:2 0:48 131567:4 0:4 131567:5 0:1 131567:5 0:69 131567:1 0:13 131567:1 0:19 544580:1 0:3 544580:2 0:4 544580:5 0:2 544580:5 0:33 131567:3 0:12 131567:9 0:39 131567:5 0:16 131567:4 0:1 131567:5 0:12 131567:5 0:2 131567:5 0:4 131567:5 0:64 131567:1 0:67 131567:1 0:19 131567:4 0:133 131567:4 0:14 131567:4 0:7 131567:2 0:8 131567:5 0:64 131567:4 0:94 131567:1 0:13
C	2793	544580	849	0:45 131567:4 0:16 131567:4 0:62 131567:5 0:8 131567:2 0:7 131567:5 0:74 131567:4 0:6 131567:4 0:63 131567:4 0:19 131567:1 0:11 131567:1 0:13 131567:1 0:7 131567:2 0:10 131567:1 0:108 131567:5 0:40 131567:5 0:6 131567:5 0:86 544580:5 0:2 544580:5 0:43 131567:1 0:125
C	2794	544580	850	0:46 131567:4 0:16 131567:4 0:63 131567:5 0:8 131567:2 0:7 131567:4 0:14 131567:4 0:19 131567:8 0:7 131567:5 0:19 131567:4 0:6 131567:4 0:85 131567:1 0:11 131567:1 0:60 131567:2 0:16 131567:1 0:47 131567:5 0:4 131567:5 0:2 131567:5 0:38 131567:5 0:6 131567:5 0:17 131567:8 0:1 131567:11 0:12 131567:3 0:33 544580:5 0:2 544580:5 0:4 544580:2 0:3 544580:1 0:19 131567:1 0:13 131567:1 0:70 131567:5 0:1 131567:5 0:4 131567:4 0:38
C	2795	477697	1296	0:302 477697:2 0:359 2:5 0:3 131567:5 0:93 3273430:5 0:150 2:3 0:40 40324:5 0:20 131567:1 0:13 477697:3 0:55 477697:2 0:196
C	2796	477697	952	0:247 477697:3 0:13 131567:1 0:18 131567:7 2:6 0:14 131567:5 0:15 2:3 0:22 2:1 0:127 3273430:5 0:60 227086:1 0:29 131567:5 0:3 2:5 0:16 477697:5 0:5 477697:1 0:301
C	2797	336722	896	0:23 131567:3 0:225 336722:4 0:5 131567:2 336722:5 0:5 131567:4 0:7 131567:5 0:16 131567:1 0:28 5144:5 131567:3 0:1 716546:5 0:56 37727:1 0:113 131567:6 0:43 716546:1 0:9 716546:2 0:34 716546:3 0:4 131567:5 0:13 131567:2 0:22 716545:1 0:2 332648:2 0:196
C	2798	544580	846	0:67 131567:4 0:63 131567:5 0:8 131567:2 0:7 131567:5 0:70 131567:4 0:6 131567:4 0:63 131567:4 0:19 131567:1 0:11 131567:1 0:13 131567:1 0:7 131567:2 0:10 131567:1 0:89 131567:5 0:4 131567:5 0:2 131567:5 0:12 131567:5 0:31 131567:5 0:17 131567:8 0:1 131567:11 0:12 131567:3 0:33 544580:5 0:37 131567:1 0:13 131567:1 0:129
C	2799	40324	972	0:2 477697:4 0:342 2:5 0:3 131567:5 0:13 40324:5 0:72 3273430:5 0:166 131567:5 0:20 40324:5 0:20 131567:1 0:13 477697:3 0:55 477697:2 0:192
C	2801	40324	757	0:19 477697:2 0:55 477697:3 0:13 131567:1 0:20 40324:5 0:20 131567:5 0:15 2:3 0:150 3273430:5 0:72 40324:5 0:13 131567:5 0:3 2:5 0:304
C	2802	1224	759	0:189 477697:2 0:70 131567:1 0:20 40324:5 0:39 2:3 0:41 3273430:5 0:202 131567:5 0:3 2:5 0:135
C	2803	544580	837	0:46 131567:4 0:16 131567:4 0:115 131567:8 0:7 131567:5 0:19 131567:4 0:6 131567:4 0:63 131567:4 0:19 131567:1 0:11 131567:1 0:13 131567:1 0:7 131567:2 0:10 131567:1 0:44 131567:1 0:62 131567:5 0:72 131567:5 0:1 131567:11 0:12 131567:3 0:33 544580:5 0:2 544580:5 0:4 544580:2 0:3 544580:1 0:19 131567:1 0:13 131567:1 0:70 131567:5 0:1 131567:5 0:4 131567:4 0:38
C	2804	544580	979	0:22 131567:4 0:104 131567:5 0:92 131567:1 0:19 544580:1 0:3 544580:2 0:4 544580:5 0:2 544580:5 0:33 131567:3 0:12 131567:11 0:1 131567:8 0:17 131567:5 0:116 131567:1 0:42 131567:1 0:10 131567:2 0:117 131567:4 0:6 131567:4 0:19 131567:5 0:7 131567:8 0:19 131567:4 0:14 131567:4 0:7 131567:2 0:8 131567:5 0:64 131567:4 0:16 131567:4 0:93
U	2805	0	510	0:188 477697:2 0:286
C	2806	284811	849	0:49 131567:4 0:16 131567:4 0:18 284811:4 0:39 131567:5 0:8 131567:2 0:7 131567:4 0:14 131567:4 0:19 131567:8 0:7 131567:5 0:19 131567:4 0:6 131567:4 0:63 131567:4 0:53 131567:2 0:37 131567:1 0:16 131567:1 0:44 131567:5 0:4 131567:5 0:2 131567:5 0:12 131567:5 0:1 131567:4 0:16 131567:5 0:6 131567:5 0:17 131567:8 0:1 131567:11 0:12 131567:3 0:55 544580:1 0:19 131567:1 0:84 131567:5 0:1 131567:5 0:4 131567:4 0:38
C	2807	477697	978	0:2 477697:4 0:343 2:5 0:3 131567:5 0:88 3273430:5 0:150 2:3 0:15 131567:5 0:20 40324:5 0:20 131567:1 0:13 477697:3 0:55 477697:2 0:197
C	2809	544580	979	0:22 131567:1 0:58 131567:2 0:48 131567:4 0:4 131567:5 0:1 131567:5 0:69 131567:1 0:13 131567:1 0:19 544580:1 0:3 544580:2 0:4 544580:5 0:54 131567:8 0:29 131567:5 0:6 131567:5 0:16 131567:4 0:1 131567:5 0:12 131567:5 0:2 131567:5 0:4 131567:5 0:90 131567:1 0:10 131567:2 0:52 131567:4 0:94 131567:5 0:7 131567:8 0:19 131567:4 0:14 131567:4 0:7 131567:2 0:8 131567:5 0:63 131567:4 0:16 131567:4 0:51 131567:5 0:16 131567:1 0:15
C	2811	544580	839	0:46 131567:4 0:78 131567:5 0:8 131567:2 0:7 131567:4 0:14 131567:4 0:34 131567:4 0:19 131567:4 0:6 131567:4 0:63 131567:4 0:19 131567:1 0:11 131567:1 0:13 131567:1 0:7 131567:2 0:10 131567:1 0:26 131567:2 0:16 131567:1 0:46 131567:5 0:4 131567:5 0:2 131567:5 0:12 131567:5 0:1 131567:4 0:16 131567:5 0:6 131567:5 0:17 131567:8 0:1 131567:1 0:58 544580:5 0:2 544580:5 0:4 544580:2 0:3 544580:1 0:19 131567:1 0:13 131567:1 0:66 131567:5 0:1 131567:5 0:4 131567:4 0:37
C	2812	131567	1052	0:244 131567:2 0:61 131567:5 0:294 131567:1 0:10 131567:3 0:398
C	2813	544580	960	0:107 131567:5 0:71 131567:4 0:84 131567:4 0:14 131567:4 0:19 131567:8 0:42 131567:4 0:65 131567:2 0:19 131567:1 0:11 131567:1 0:13 131567:1 0:7 131567:2 0:10 131567:1 0:90 131567:5 0:4 131567:5 0:2 131567:5 0:12 131567:5 0:1 131567:4 0:16 131567:5 0:6 131567:5 0:17 131567:8 0:60 544580:5 0:51 131567:1 0:69 131567:5 0:46
C	2814	544580	851	0:51 131567:4 0:16 131567:4 0:119 131567:8 0:7 131567:5 0:19 131567:4 0:6 131567:4 0:63 131567:4 0:19 131567:1 0:11 131567:1 0:13 131567:1 0:7 131567:2 0:10 131567:1 0:91 131567:5 0:4 131567:5 0:2 131567:5 0:12 131567:5 0:1 131567:4 0:53 131567:2 0:5 131567:1 0:59 544580:5 0:2 544580:5 0:4 544580:2 0:3 544580:1 0:19 131567:1 0:13 131567:1 0:70 131567:5 0:1 131567:5 0:4 131567:4 0:38
C	2815	181762	1066	0:11 181762:1 0:1 181762:5 0:232 131567:2 0:30 131567:5 0:26 131567:4 0:22 131567:1 0:86 5338:3 0:59 181124:1 0:63 4751:2 0:56 131567:1 0:10 131567:3 0:408
C	2816	3273430	988	0:2 477697:2 0:359 2:5 0:3 131567:5 0:93 3273430:5 0:104 3273430:5 0:83 40324:5 0:20 131567:1 0:13 477697:3 0:55 477697:2 0:189
C	2818	544580	847	0:46 131567:4 0:16 131567:4 0:63 131567:5 0:8 131567:2 0:7 131567:4 0:14 131567:4 0:19 131567:8 0:7 131567:5 0:19 131567:4 0:6 131567:4 0:63 131567:4 0:19 131567:1 0:11 131567:1 0:13 131567:1 0:7 131567:2 0:10 131567:1 0:26 131567:2 0:16 131567:1 0:48 131567:2 0:4 131567:5 0:2 131567:5 0:37 131567:5 0:6 131567:5 0:17 131567:8 0:1 131567:11 0:12 131567:3 0:33 544580:5 0:2 544580:5 0:4 544580:2 0:3 544580:1 0:103 131567:5 0:1 131567:5 0:4 131567:4 0:38
C	2819	131567	584	0:47 131567:4 0:125 131567:4 0:19 131567:8 0:7 131567:5 0:19 131567:4 0:6 131567:4 0:63 131567:4 0:44 131567:5 0:3 131567:2 0:10 131567:1 0:104 131567:5 0:36 131567:5 0:6 131567:5 0:5
C	2820	544580	969	0:22 131567:1 0:187 131567:1 0:36 544580:2 0:4 544580:5 0:2 544580:5 0:33 131567:3 0:12 131567:11 0:1 131567:5 0:3 168172:5 0:22 131567:5 0:16 131567:4 0:1 131567:5 0:12 131567:5 0:2 131567:5 0:4 131567:5 0:64 131567:1 0:26 131567:1 0:10 131567:2 0:7 131567:1 0:13 131567:1 0:11 131567:1 0:88 131567:4 0:6 131567:4 0:19 131567:5 0:7 131567:8 0:19 131567:4 0:35 131567:5 0:63 131567:4 0:16 131567:4 0:82
C	2821	40324	972	0:349 2:5 0:3 131567:5 0:13 40324:5 0:234 2:3 0:15 131567:5 0:20 40324:5 0:20 131567:1 0:255
C	2822	5144	755	0:157 716545:5 0:18 131567:2 0:13 131567:5 0:4 716546:3 0:34 716546:2 0:9 716546:1 0:43 131567:6 0:109 37727:1 0:63 131567:3 5144:5 0:28 131567:1 0:16 131567:5 0:7 131567:4 0:10 131567:3 0:164
C	2823	131567	1002	0:117 131567:4 0:16 131567:4 0:61 131567:5 0:35 131567:4 0:19 131567:8 0:7 131567:5 0:19 131567:4 0:6 131567:4 0:63 131567:4 0:19 131567:1 0:11 131567:1 0:13 131567:1 0:7 131567:2 0:97 131567:5 0:4 131567:5 0:2 131567:5 0:41 131567:5 0:6 131567:5 0:141 131567:1 0:84 131567:4 0:123
C	2824	544580	982	0:22 131567:1 0:58 131567:2 0:48 131567:4 0:4 131567:5 0:1 131567:5 0:70 131567:1 0:13 131567:1 0:19 544580:1 0:3 544580:2 0:4 544580:5 0:52 131567:11 0:1 131567:8 0:17 131567:5 0:6 131567:5 0:16 131567:4 0:1 131567:5 0:12 131567:5 0:2 131567:5 0:4 131567:5 0:46 131567:1 0:16 131567:2 0:26 131567:1 0:10 131567:2 0:7 131567:1 0:13 131567:1 0:11 131567:1 0:83 131567:4 0:6 131567:4 0:19 131567:5 0:7 131567:8 0:19 131567:4 0:14 131567:4 0:7 131567:2 0:8 131567:5 0:66 131567:4 0:16 131567:4 0:88
C	2825	569360	808	0:8 569360:5 0:185 5144:2 0:9 5125:5 0:2 5125:5 0:8 131567:5 0:4 716546:3 0:84 147550:5 0:166 716546:5 0:1 131567:3 5144:5 0:28 131567:1 0:16 131567:5 0:5 716545:1 0:208
C	2828	544580	907	0:21 131567:6 0:73 131567:4 0:16 131567:4 0:63 131567:5 0:8 131567:2 0:7 131567:4 0:14 131567:4 0:19 131567:8 0:7 131567:5 0:19 131567:4 0:6 131567:4 0:63 131567:4 0:19 131567:1 0:11 131567:1 0:13 131567:1 0:7 131567:2 0:10 131567:1 0:26 131567:2 0:16 131567:1 0:46 131567:5 0:4 131567:5 0:2 131567:5 0:12 131567:5 0:1 131567:4 0:16 131567:5 0:6 131567:5 0:17 131567:8 0:1 131567:11 0:12 131567:3 0:33 544580:5 0:2 544580:5 0:4 544580:2 0:3 544580:1 0:107 131567:5 0:1 131567:5 0:4 131567:4 0:38
C	2829	544580	846	0:46 131567:4 0:16 131567:4 0:63 131567:5 0:8 131567:2 0:7 131567:4 0:14 131567:4 0:19 131567:8 0:31 131567:5 0:6 131567:4 0:63 131567:4 0:19 131567:1 0:25 131567:1 0:19 131567:1 0:26 131567:2 0:16 131567:1 0:78 131567:5 0:1 131567:4 0:16 131567:5 0:6 131567:5 0:17 131567:8 0:1 131567:11 0:48 544580:5 0:2 544580:5 0:4 544580:2 0:3 544580:1 0:19 131567:1 0:13 131567:1 0:69 131567:5 0:1 131567:5 0:4 131567:4 0:35
C	2830	284811	956	0:22 131567:1 0:59 131567:1 0:48 131567:4 0:4 131567:5 0:1 131567:5 0:152 131567:3 0:55 131567:5 0:254 296543:2 0:19 131567:4 0:45 131567:8 0:19 131567:4 0:14 131567:1 0:68 284811:5 0:114
C	2831	477697	940	0:51 986106:5 0:187 477697:3 0:13 131567:1 0:18 131567:7 2:6 0:14 131567:5 0:15 2:3 0:245 131567:5 0:3 2:5 0:16 477697:5 0:5 477697:1 0:293
C	2834	3273430	1492	0:146 2:3 0:4 2:1 0:43 131567:3 0:657 2:5 0:3 131567:5 0:203 3273430:5 0:109 131567:1 0:71 477697:2 0:197
C	2836	544580	848	0:46 131567:4 0:16 131567:4 0:62 131567:5 0:8 131567:2 0:7 131567:4 0:14 131567:4 0:19 131567:8 0:7 131567:5 0:19 131567:4 0:6 131567:4 0:63 131567:4 0:19 131567:1 0:11 131567:1 0:13 131567:1 0:7 131567:2 0:10 131567:1 0:40 131567:1 0:46 131567:5 0:4 131567:5 0:2 131567:5 0:40 131567:5 0:6 131567:5 0:17 131567:8 0:1 131567:11 0:12 131567:3 0:33 544580:5 0:2 544580:5 0:4 544580:2 0:3 544580:1 0:19 131567:1 0:13 131567:1 0:71 131567:5 0:1 131567:5 0:4 131567:4 0:38
C	2837	1279085	766	0:31 72144:5 0:103 5455:4 0:96 716546:2 0:9 716546:1 0:28 5125:5 0:15 147550:1 0:53 232080:2 5125:1 0:15 222543:5 0:14 5125:5 0:7 5125:1 0:1 232080:1 5125:5 0:4 5125:2 0:3 131567:2 0:46 716546:2 0:1 131567:5 0:2 716545:1 0:7 131567:1 0:4 131567:4 0:9 131567:5 0:15 131567:5 0:5 716545:1 0:177 1279085:5 0:16
C	2838	544580	1078	0:313 131567:1 0:13 131567:1 0:19 544580:1 0:3 544580:2 0:4 544580:5 0:2 544580:5 0:33 131567:3 0:12 131567:11 0:1 131567:8 0:17 131567:5 0:6 131567:5 0:16 131567:4 0:1 131567:5 0:12 131567:5 0:2 131567:5 0:4 131567:5 0:91 131567:1 0:10 131567:2 0:7 131567:1 0:13 131567:1 0:11 131567:1 0:19 131567:4 0:63 131567:4 0:6 131567:4 0:19 131567:5 0:7 131567:8 0:19 131567:4 0:14 131567:4 0:7 131567:2 0:8 131567:5 0:81 131567:4 0:90
C	2839	477697	947	0:183 477697:2 0:89 131567:7 2:6 0:57 2:1 0:126 3273430:5 0:60 227086:1 0:29 131567:5 0:3 2:5 0:16 477697:5 0:5 477697:1 0:307
C	2840	2	924	0:188 477697:2 0:52 477697:3 0:13 131567:1 0:20 40324:5 0:20 131567:5 0:167 3273430:5 0:99 2:5 0:305
C	2841	544580	847	0:46 131567:4 0:16 131567:4 0:63 131567:5 0:8 131567:2 0:7 131567:4 0:14 131567:4 0:19 131567:8 0:7 131567:5 0:19 131567:4 0:6 131567:4 0:49 131567:5 0:9 131567:4 0:19 131567:1 0:11 131567:1 0:75 131567:1 0:103 131567:5 0:6 131567:5 0:17 131567:8 0:1 131567:11 0:12 131567:3 0:33 544580:5 0:37 131567:1 0:13 131567:1 0:70 131567:5 0:1 131567:5 0:4 131567:4 0:39
C	2842	544580	851	0:45 131567:5 0:16 131567:4 0:63 131567:5 0:8 131567:2 0:7 131567:4 0:14 131567:4 0:19 131567:8 0:7 131567:5 0:98 131567:4 0:19 131567:1 0:11 131567:1 0:13 131567:1 0:7 131567:2 0:10 131567:1 0:26 131567:2 0:16 131567:1 0:46 131567:5 0:4 131567:5 0:2 131567:5 0:12 131567:5 0:1 131567:4 0:16 131567:5 0:6 131567:5 0:17 131567:8 0:1 131567:11 0:12 131567:3 0:33 544580:5 0:2 544580:5 0:4 544580:2 0:3 544580:1 0:19 131567:1 0:13 131567:1 0:69 131567:5 0:1 131567:5 0:4 131567:4 0:38
C	2843	1224	1282	0:277 40324:5 0:41 2:3 0:150 3273430:5 0:90 131567:5 0:3 2:5 0:351 477697:4 0:27 131567:2 0:280
C	2844	5302	998	0:67 122368:4 0:269 451864:3 0:4 131567:5 0:3 131567:5 0:3 131567:1 0:34 4751:2 0:19 181124:5 0:161 131567:5 0:5 131567:4 0:40 131567:4 0:18 131567:2 0:23 131567:5 0:13 131567:2 0:22 131567:1 0:3 1268659:5 0:227
C	2846	544580	976	0:22 131567:1 0:8 5204:3 0:39 131567:2 0:57 131567:5 0:1 131567:5 0:104 544580:1 0:3 544580:2 0:4 544580:5 0:2 544580:5 0:79 131567:5 0:6 131567:5 0:16 131567:6 0:86 131567:1 0:16 131567:2 0:55 131567:1 0:99 131567:4 0:39 131567:8 0:19 131567:4 0:14 131567:4 0:7 131567:2 0:195
C	2847	544580	984	0:22 131567:1 0:58 131567:2 0:48 131567:4 0:4 131567:5 0:1 131567:5 0:70 131567:1 0:13 131567:1 0:19 544580:1 0:3 544580:2 0:4 544580:5 0:2 544580:5 0:33 131567:3 0:24 131567:4 0:30 131567:5 0:16 131567:4 0:1 131567:5 0:12 131567:5 0:2 131567:5 0:4 131567:5 0:44 131567:1 0:45 131567:1 0:10 131567:2 0:7 131567:1 0:13 131567:4 0:28 131567:4 0:64 131567:4 0:6 131567:4 0:19 131567:5 0:7 131567:8 0:47 131567:2 0:8 131567:5 0:63 131567:4 0:73 131567:3 0:16 131567:1 0:17
C	2848	2	1292	0:260 477697:5 0:34 477697:2 0:467 3273430:5 0:105 3273430:5 0:84 40324:5 0:20 131567:1 0:13 477697:3 0:249
C	2849	2	959	0:227 477697:2 0:55 477697:3 0:55 131567:5 0:15 2:3 0:150 3273430:5 0:72 40324:5 0:13 131567:5 0:3 2:5 0:302
C	2852	477697	871	0:188 477697:2 0:55 477697:3 0:13 131567:1 0:18 131567:7 2:6 0:14 131567:2 0:47 2:1 0:129 3273430:1 0:90 131567:5 0:3 2:5 0:16 477697:5 0:5 477697:1 0:220
C	2853	477697	950	0:188 477697:2 0:55 477697:3 0:33 131567:5 2:6 0:60 2:1 0:127 3273430:5 0:57 227086:1 0:29 131567:5 0:3 2:5 0:16 477697:5 0:5 477697:1 0:304
C	2854	544580	969	0:80 131567:1 0:48 131567:4 0:4 131567:5 0:1 131567:5 0:69 131567:1 0:13 131567:1 0:19 544580:1 0:9 544580:5 0:40 131567:3 0:47 131567:5 0:6 131567:5 0:16 131567:4 0:1 131567:5 0:12 131567:5 0:2 131567:5 0:4 131567:5 0:46 131567:1 0:16 131567:2 0:60 131567:1 0:11 131567:1 0:19 131567:4 0:90 131567:5 0:7 131567:8 0:19 131567:4 0:14 131567:4 0:7 131567:2 0:8 131567:5 0:63 131567:4 0:16 131567:4 0:83
C	2855	544580	846	0:46 131567:4 0:16 131567:4 0:63 131567:5 0:8 131567:2 0:7 131567:4 0:14 131567:4 0:19 131567:8 0:7 131567:5 0:19 131567:4 0:6 131567:4 0:63 131567:4 0:19 131567:1 0:85 131567:1 0:46 131567:5 0:4 131567:5 0:2 131567:5 0:39 131567:5 0:6 131567:5 0:17 131567:2 0:5 131567:1 0:60 544580:5 0:2 544580:5 0:4 544580:2 0:3 544580:1 0:19 131567:1 0:13 131567:1 0:70 131567:5 0:1 131567:5 0:4 131567:4 0:38
C	2856	544580	847	0:46 131567:4 0:16 131567:4 0:63 131567:5 0:8 131567:2 0:7 131567:2 0:52 131567:4 0:19 131567:4 0:6 131567:4 0:63 131567:4 0:30 131567:4 0:13 131567:1 0:7 131567:2 0:10 131567:1 0:42 131567:1 0:46 131567:5 0:4 131567:5 0:2 131567:5 0:12 131567:5 0:1 131567:4 0:16 131567:5 0:6 131567:5 0:17 131567:8 0:1 131567:11 0:12 131567:3 0:33 544580:5 0:2 544580:5 0:4 544580:2 0:3 544580:1 0:19 131567:1 0:13 131567:1 0:70 131567:5 0:1 131567:5 0:4 131567:4 0:38
C	2857	40324	925	0:188 477697:2 0:55 477697:3 0:13 131567:1 0:20 40324:5 0:20 131567:5 0:15 2:3 0:149 3273430:5 0:72 40324:5 0:13 131567:5 0:3 2:5 0:304
C	2858	544580	888	0:43 3069691:5 0:75 131567:1 0:13 131567:1 0:19 544580:1 0:3 544580:2 0:4 544580:5 0:2 544580:5 0:33 131567:3 0:12 131567:11 0:1 131567:8 0:17 131567:5 0:6 131567:5 0:16 131567:4 0:1 131567:5 0:12 131567:5 0:2 131567:5 0:4 131567:5 0:46 131567:1 0:16 131567:2 0:26 131567:1 0:10 131567:2 0:7 131567:1 0:13 131567:1 0:11 131567:1 0:19 131567:4 0:63 131567:4 0:6 131567:4 0:19 131567:5 0:7 131567:8 0:19 131567:4 0:14 131567:4 0:7 131567:2 0:8 131567:5 0:82 131567:4 0:89
C	2859	544580	978	0:21 131567:1 0:58 131567:2 0:48 131567:4 0:4 131567:5 0:1 131567:5 0:101 544580:1 0:3 544580:2 0:4 544580:5 0:2 544580:5 0:33 131567:3 0:12 131567:6 0:59 131567:4 0:1 131567:5 0:12 131567:5 0:2 131567:5 0:4 131567:5 0:62 131567:2 0:58 131567:1 0:11 131567:1 0:88 131567:4 0:6 131567:4 0:89 131567:2 0:8 131567:5 0:83 131567:4 0:88
C	2860	477697	961	0:197 477697:2 0:55 477697:3 0:13 131567:1 0:18 131567:7 0:1 2:5 0:34 2:3 0:22 2:1 0:128 3273430:5 0:60 227086:1 0:57 477697:5 0:5 477697:1 0:303
C	2861	181762	1065	0:8 181762:1 0:1 181762:5 0:230 131567:2 0:30 131567:5 0:26 131567:4 0:22 131567:5 0:8 131567:9 0:5 131567:5 0:58 5338:3 0:59 181124:1 0:63 4751:2 0:56 131567:1 0:10 131567:3 0:409
C	2862	544580	835	0:43 131567:4 0:16 131567:4 0:79 131567:2 0:7 131567:4 0:14 131567:4 0:57 131567:4 0:6 131567:5 0:78 131567:1 0:70 131567:2 0:16 131567:1 0:62 131567:5 0:12 131567:5 0:1 131567:4 0:16 131567:5 0:6 131567:5 0:17 131567:8 0:1 131567:11 0:12 131567:3 0:33 544580:5 0:48 131567:1 0:70 131567:5 0:49
C	2863	544580	852	0:46 131567:4 0:16 131567:4 0:78 131567:2 0:7 131567:4 0:14 131567:4 0:19 131567:8 0:7 131567:5 0:19 131567:4 0:6 131567:4 0:19 296543:2 0:41 131567:4 0:19 131567:1 0:11 131567:1 0:13 131567:1 0:7 131567:2 0:10 131567:1 0:26 131567:2 0:66 131567:2 0:4 131567:5 0:2 131567:5 0:12 131567:5 0:1 131567:3 0:17 131567:5 0:6 131567:5 0:17 131567:8 0:1 131567:11 0:49 544580:5 0:2 544580:5 0:4 544580:2 0:3 544580:1 0:19 131567:1 0:13 131567:1 0:70 131567:5 0:1 131567:5 0:4 131567:4 0:38
C	2864	1268659	911	0:213 1268659:5 0:41 131567:5 0:9 131567:2 0:71 131567:9 0:1 131567:9 0:221 131567:1 0:3 131567:3 0:284
C	2865	28985	835	0:6 4910:3 0:6 4910:5 0:95 4910:4 0:6 4893:1 0:44 131567:8 0:7 131567:5 0:106 4910:4 0:19 4910:5 4893:7 0:1 131567:1 0:7 131567:2 0:10 131567:1 0:88 131567:5 0:4 131567:5 0:2 131567:5 0:12 131567:5 0:1 131567:4 0:16 131567:5 0:6 131567:5 0:17 131567:4 0:118 4910:3 0:70 28985:5 0:2 28985:5 0:61
C	2866	544580	843	0:134 131567:5 0:8 131567:2 0:7 131567:4 0:14 131567:4 0:34 131567:4 0:19 131567:4 0:6 131567:4 0:87 131567:1 0:11 131567:1 0:13 131567:1 0:7 131567:2 0:10 131567:1 0:11 42260:1 0:144 131567:5 0:17 131567:4 0:27 131567:3 0:33 544580:5 0:2 544580:5 0:4 544580:2 0:3 544580:1 0:19 131567:1 0:84 131567:5 0:1 131567:5 0:4 131567:4 0:36
C	2868	544580	848	0:44 131567:4 0:16 131567:4 0:63 131567:5 0:8 131567:2 0:7 131567:4 0:14 131567:4 0:34 131567:4 0:19 131567:4 0:6 131567:4 0:65 131567:2 0:56 131567:2 0:10 131567:1 0:98 131567:5 0:2 131567:5 0:38 131567:5 0:6 131567:5 0:17 131567:8 0:1 131567:11 0:48 544580:5 0:2 544580:5 0:4 544580:2 0:3 544580:1 0:19 131567:1 0:13 131567:1 0:70 131567:5 0:1 131567:5 0:4 131567:4 0:38
C	2869	2	970	0:347 2:5 0:3 131567:5 0:88 3273430:5 0:232 477697:3 0:55 477697:2 0:191
C	2870	477697	941	0:244 477697:3 0:13 131567:1 0:18 131567:7 0:39 2:3 0:22 2:1 0:125 3273430:5 0:116 477697:5 0:5 477697:1 0:299
C	2871	181762	1159	0:70 490731:1 0:501 4751:2 0:233 131567:4 0:26 131567:5 0:30 131567:2 0:231 181762:5 0:15
C	2872	544580	848	0:45 131567:4 0:16 131567:4 0:74 131567:2 0:7 131567:4 0:73 131567:4 0:6 131567:4 0:64 131567:4 0:19 131567:1 0:11 131567:1 0:33 131567:2 0:26 131567:2 0:16 131567:1 0:46 131567:5 0:4 131567:5 0:2 131567:5 0:12 131567:5 0:1 131567:4 0:16 131567:5 0:6 131567:5 0:17 131567:8 0:1 131567:11 0:12 131567:3 0:33 544580:5 0:37 131567:1 0:87 131567:5 0:1 131567:5 0:4 131567:4 0:36
C	2873	40324	1021	0:365 40324:5 0:224 2:3 0:15 131567:5 0:20 40324:5 0:20 131567:1 0:13 477697:3 0:55 477697:2 0:251
C	2875	544580	843	0:46 131567:4 0:16 131567:4 0:63 131567:5 0:8 131567:2 0:7 131567:4 0:14 131567:4 0:19 131567:1 0:34 131567:4 0:6 131567:4 0:63 131567:4 0:19 131567:1 0:11 131567:1 0:13 131567:1 0:7 131567:2 0:10 131567:1 0:26 131567:2 0:16 131567:1 0:46 131567:5 0:4 131567:5 0:2 131567:5 0:37 131567:5 0:6 131567:5 0:17 131567:8 0:1 131567:3 0:54 544580:5 0:2 544580:5 0:4 544580:2 0:3 544580:1 0:19 131567:1 0:13 131567:1 0:70 131567:5 0:1 131567:5 0:4 131567:4 0:38
C	2876	3273430	1008	0:479 3273430:5 0:151 2:3 0:34 2:6 131567:7 0:18 131567:1 0:13 477697:3 0:254
C	2877	1268659	881	0:74 1268:1 0:116 1268659:5 0:26 131567:2 0:13 131567:5 0:9 131567:2 0:12 131567:2 0:18 131567:4 0:54 55193:2 0:178 131567:5 0:36 131567:1 0:3 131567:5 0:3 131567:5 0:5 131567:1 0:260
C	2878	40324	980	0:298 477697:3 0:13 131567:1 0:20 40324:5 0:20 131567:5 0:15 2:3 0:151 3273430:5 0:72 40324:5 0:13 131567:5 0:3 2:5 0:304
C	2879	5125	766	0:31 72144:5 0:103 5455:4 0:9 147550:2 0:5 147550:2 0:6 5125:1 4751:4 0:74 716546:4 0:103 232080:2 5125:1 0:15 222543:5 0:14 5125:5 0:7 5125:1 0:1 232080:1 5125:5 0:4 5125:2 0:3 131567:2 0:28 2231603:3 0:11 716546:5 0:1 131567:5 0:2 716545:1 0:7 131567:1 0:4 131567:4 0:9 131567:5 0:15 131567:5 0:5 716545:1 0:199
C	2880	5125	888	0:22 131567:1 0:23 131567:3 0:7 147550:4 0:9 147550:2 0:6 147550:1 0:35 1279085:1 0:180 131567:5 0:15 131567:5 0:9 131567:4 0:4 131567:1 0:7 716545:1 0:2 131567:5 0:1 716546:5 0:11 2231603:3 0:28 131567:2 0:3 5125:2 0:4 5125:5 232080:1 0:1 5125:1 0:45 5125:1 232080:2 0:53 147550:1 0:15 5125:5 0:28 716546:4 0:74 4751:4 5125:1 0:6 147550:2 0:5 147550:2 0:9 5455:4 0:102 72144:5 0:67
C	2881	477697	961	0:198 477697:2 0:90 131567:7 2:4 0:35 2:3 0:22 2:1 0:127 3273430:5 0:60 227086:1 0:29 131567:5 0:3 2:5 0:16 477697:5 0:5 477697:1 0:303
C	2882	544580	844	0:46 131567:4 0:16 131567:4 0:63 131567:5 0:8 131567:2 0:7 131567:4 0:14 131567:4 0:32 131567:5 0:19 131567:4 0:6 131567:4 0:63 131567:4 0:19 131567:1 0:11 131567:1 0:13 131567:1 0:7 131567:2 0:10 131567:1 0:26 131567:2 0:16 131567:1 0:61 131567:5 0:12 131567:5 0:1 131567:4 0:16 131567:5 0:6 131567:5 0:17 131567:8 0:57 544580:5 0:2 544580:5 0:4 544580:2 0:3 544580:1 0:19 131567:1 0:13 131567:1 0:70 131567:5 0:1 131567:5 0:4 131567:4 0:38
C	2883	232080	801	0:312 5125:5 0:15 147550:1 0:49 232080:2 5125:1 0:15 222543:5 0:14 5125:5 0:7 5125:1 0:1 232080:1 5125:5 0:41 2231603:2 0:56 131567:3 0:15 131567:5 0:5 716545:1 0:200
C	2884	544580	841	0:46 131567:4 0:16 131567:4 0:61 131567:5 0:171 131567:4 0:19 131567:1 0:11 131567:1 0:13 131567:1 0:8 508771:1 0:160 131567:5 0:6 131567:5 0:17 131567:8 0:1 131567:7 0:52 544580:5 0:175
C	2885	544580	849	0:46 131567:4 0:16 131567:4 0:63 131567:5 0:8 131567:2 0:7 131567:4 0:14 131567:4 0:19 131567:8 0:7 131567:5 0:19 131567:4 0:6 131567:4 0:63 131567:4 0:30 131567:1 0:13 131567:1 0:7 131567:2 0:10 131567:1 0:26 131567:2 0:73 131567:5 0:2 131567:5 0:12 131567:5 0:1 131567:4 0:16 131567:5 0:6 131567:5 0:17 131567:8 0:1 131567:11 0:12 131567:3 0:33 544580:5 0:2 544580:5 0:4 544580:2 0:3 544580:1 0:19 131567:1 0:13 131567:1 0:69 131567:5 0:1 131567:5 0:46
C	2887	5125	897	0:291 5144:2 0:9 5125:5 0:2 5125:5 0:8 131567:5 0:4 716546:3 0:51 716546:1 0:32 147550:5 0:166 716546:5 0:1 131567:3 5144:5 0:28 131567:1 0:16 131567:5 0:5 716545:1 0:204
C	2888	544580	842	0:46 131567:4 0:16 131567:4 0:63 131567:5 0:8 131567:2 0:7 131567:4 0:14 131567:4 0:19 131567:8 0:7 131567:5 0:19 131567:4 0:6 131567:4 0:63 131567:4 0:19 131567:1 0:11 131567:1 0:13 131567:1 0:7 131567:2 0:10 131567:1 0:26 131567:2 0:16 131567:1 0:46 131567:5 0:4 131567:5 0:2 131567:5 0:12 131567:5 0:1 131567:4 0:16 131567:5 0:6 131567:5 0:76 544580:5 0:2 544580:5 0:4 544580:2 0:3 544580:1 0:19 131567:1 0:13 131567:1 0:71 131567:5 0:1 131567:5 0:4 131567:4 0:38
C	2889	544580	982	0:79 131567:2 0:134 131567:1 0:13 131567:1 0:19 544580:1 0:3 544580:2 0:4 544580:5 0:2 544580:5 0:33 131567:3 0:12 131567:11 0:1 131567:8 0:36 5204:5 0:9 131567:2 0:1 131567:5 0:12 131567:5 0:2 131567:5 0:4 131567:5 0:125 131567:1 0:11 131567:1 0:19 131567:4 0:63 131567:4 0:6 131567:4 0:19 131567:5 0:7 131567:8 0:19 131567:4 0:14 131567:4 0:7 131567:2 0:8 131567:5 0:178
C	2890	181762	1067	0:10 181762:5 0:233 131567:2 0:30 131567:5 0:26 131567:4 0:22 131567:5 0:8 131567:9 0:130 181124:1 0:61 4751:2 0:56 131567:1 0:10 131567:3 0:410
C	2891	544580	844	0:46 131567:4 0:16 131567:4 0:73 131567:2 0:7 131567:4 0:14 131567:4 0:34 131567:4 0:19 131567:4 0:6 131567:4 0:63 131567:4 0:19 131567:1 0:11 131567:1 0:13 131567:1 0:7 131567:2 0:10 131567:1 0:26 131567:2 0:16 131567:1 0:59 131567:5 0:31 131567:5 0:3 131567:5 0:6 131567:5 0:17 131567:8 0:1 131567:11 0:12 131567:3 0:33 544580:5 0:2 544580:5 0:4 544580:2 0:3 544580:1 0:19 131567:1 0:85 131567:5 0:1 131567:5 0:4 131567:4 0:37
C	2892	544580	856	0:160 131567:4 0:14 131567:4 0:34 131567:4 0:19 131567:4 0:6 131567:5 0:61 131567:4 0:45 131567:5 0:3 131567:2 0:10 131567:1 0:128 131567:5 0:1 131567:4 0:16 131567:5 0:6 131567:5 0:17 131567:8 0:1 131567:11 0:12 131567:3 0:33 544580:5 0:2 544580:5 0:43 131567:1 0:70 131567:5 0:1 131567:5 0:4 131567:4 0:37
C	2893	544580	995	0:22 131567:1 0:58 131567:2 0:48 131567:4 0:4 131567:5 0:1 131567:5 0:103 544580:1 0:3 544580:2 0:4 544580:5 0:2 544580:5 0:85 131567:5 0:193 131567:1 0:11 131567:1 0:19 131567:4 0:63 131567:4 0:6 131567:4 0:19 131567:5 0:7 131567:8 0:19 131567:4 0:14 131567:4 0:7 131567:2 0:8 131567:5 0:63 131567:4 0:72 131567:5 0:16 131567:1 0:27
C	2894	544580	830	0:39 131567:5 0:16 131567:4 0:62 131567:5 0:8 131567:2 0:7 131567:4 0:50 131567:4 0:19 131567:4 0:6 131567:4 0:83 131567:1 0:11 131567:1 0:13 131567:1 0:7 131567:2 0:10 131567:1 0:26 131567:2 0:152 131567:4 0:58 544580:5 0:38 131567:1 0:13 131567:1 0:70 131567:5 0:1 131567:5 0:4 131567:4 0:38
C	2895	3273430	976	0:351 2:5 0:95 3273430:5 0:152 2:3 0:46 508771:1 0:17 131567:1 0:71 477697:2 0:193
C	2897	544580	838	0:46 131567:4 0:16 131567:4 0:63 131567:5 0:8 131567:2 0:7 131567:4 0:14 131567:4 0:34 131567:4 0:19 131567:4 0:6 131567:4 0:63 131567:4 0:19 131567:1 0:11 131567:1 0:13 131567:1 0:7 131567:2 0:10 131567:1 0:91 131567:5 0:4 131567:5 0:2 131567:5 0:38 131567:5 0:6 131567:5 0:17 131567:8 0:1 131567:11 0:12 131567:3 0:33 544580:5 0:2 544580:5 0:4 544580:2 0:3 544580:1 0:19 131567:1 0:73 131567:5 0:1 131567:5 0:4 131567:4 0:38
C	2898	332648	791	0:211 131567:2 0:13 131567:5 0:4 716546:3 0:34 716546:2 0:9 716546:1 0:6 4895:1 0:26 131567:5 0:1 131567:9 0:52 332648:5 0:11 131567:2 0:101 716546:2 0:1 131567:3 0:50 131567:5 0:7 131567:4 0:10 131567:2 0:5 716546:4 0:161
C	2900	544580	535	0:36 131567:4 0:4 131567:5 0:1 131567:5 0:70 131567:1 0:13 131567:1 0:19 544580:1 0:3 544580:2 0:4 544580:5 0:2 544580:5 0:48 131567:11 0:1 131567:8 0:17 131567:5 0:6 131567:5 0:16 131567:4 0:1 131567:5 0:12 131567:5 0:2 131567:5 0:4 131567:5 0:46 131567:1 0:16 131567:2 0:26 131567:3 0:43 131567:1 0:19 131567:2 0:1
C	2901	544580	717	0:16 131567:5 0:8 131567:2 0:7 131567:4 0:14 131567:4 0:19 131567:8 0:7 131567:5 0:19 131567:4 0:6 131567:4 0:62 131567:4 0:19 131567:1 0:11 131567:1 0:13 131567:1 0:7 131567:2 0:10 131567:1 0:26 131567:2 0:16 131567:1 0:46 131567:5 0:4 131567:5 0:2 131567:5 0:12 131567:5 0:1 131567:4 0:16 131567:5 0:6 131567:5 0:17 131567:8 0:1 131567:11 0:48 544580:5 0:2 544580:5 0:4 544580:2 0:3 544580:1 0:19 131567:1 0:13 131567:1 0:70 131567:5 0:1 131567:5 0:4 131567:4 0:23
C	2902	181124	952	0:123 181124:1 0:12 131567:2 0:30 131567:5 0:26 131567:4 0:111 5338:3 0:59 181124:1 0:62 4751:2 0:56 131567:1 0:10 131567:3 0:55 479434:3 0:349
C	2903	544580	848	0:46 131567:4 0:16 131567:4 0:63 131567:5 0:8 131567:2 0:49 131567:8 0:7 131567:5 0:19 131567:4 0:6 131567:4 0:63 131567:4 0:19 131567:1 0:44 131567:1 0:44 131567:1 0:60 131567:5 0:12 131567:5 0:1 131567:4 0:16 131567:5 0:6 131567:5 0:17 131567:8 0:1 131567:11 0:12 131567:3 0:33 544580:5 0:2 544580:5 0:4 544580:2 0:3 544580:1 0:19 131567:1 0:13 131567:1 0:70 131567:5 0:1 131567:5 0:4 131567:4 0:38
C	2904	544580	530	0:37 131567:4 0:4 131567:5 0:1 131567:5 0:102 544580:1 0:3 544580:2 0:4 544580:5 0:2 544580:5 0:33 131567:3 0:12 131567:5 0:40 131567:5 0:16 131567:4 0:1 131567:5 0:12 131567:5 0:2 131567:5 0:4 131567:5 0:46 131567:1 0:16 131567:2 0:26 131567:1 0:10 131567:2 0:7 131567:1 0:13 131567:1 0:11 131567:1 0:21
C	2905	544580	891	0:51 131567:5 0:70 131567:1 0:13 131567:1 0:19 544580:1 0:3 544580:2 0:4 544580:5 0:2 544580:5 0:52 131567:11 0:1 131567:8 0:17 131567:5 0:6 131567:5 0:16 131567:4 0:1 131567:5 0:12 131567:5 0:2 131567:5 0:4 131567:5 0:46 131567:1 0:16 131567:2 0:26 131567:1 0:10 131567:2 0:7 131567:1 0:13 131567:1 0:25 147537:1 0:72 131567:4 0:6 131567:4 0:19 131567:5 0:7 131567:8 0:19 131567:4 0:14 131567:4 0:7 131567:2 0:8 131567:5 0:86 131567:3 0:82
C	2906	544580	537	0:38 131567:4 0:4 131567:5 0:1 131567:5 0:70 131567:1 0:13 131567:1 0:19 544580:1 0:3 544580:2 0:4 544580:5 0:2 544580:5 0:33 131567:3 0:12 131567:11 0:1 131567:8 0:17 131567:5 0:6 131567:5 0:16 131567:4 0:1 131567:5 0:12 131567:5 0:2 131567:5 0:4 131567:5 0:46 131567:1 0:16 131567:2 0:26 131567:1 0:10 131567:2 0:7 131567:1 0:13 131567:1 0:11 131567:1 0:22
C	2907	181124	619	0:343 131567:3 0:10 131567:1 0:120 181124:1 0:107
C	2908	28985	791	0:70 4910:4 0:6 4893:1 0:5 131567:3 0:14 131567:4 0:19 131567:8 0:7 131567:5 0:19 131567:4 0:6 131567:4 0:53 131567:2 0:21 4910:4 0:19 4910:5 4893:7 0:1 131567:1 0:7 131567:2 0:10 131567:1 0:56 147537:6 0:31 131567:2 0:4 131567:5 0:2 131567:5 0:12 131567:5 0:1 131567:4 0:16 131567:5 0:89 4910:5 0:54 4910:3 0:2 4910:5 0:38 4910:2 0:22 28985:5 0:2 28985:5 0:59
C	2909	544580	980	0:22 131567:1 0:58 131567:2 0:63 131567:5 0:102 544580:1 0:3 544580:2 0:4 544580:5 0:2 544580:5 0:33 131567:3 0:12 131567:11 0:1 131567:8 0:17 131567:5 0:6 131567:5 0:16 131567:4 0:1 131567:5 0:12 131567:5 0:2 131567:5 0:4 131567:5 0:46 131567:1 0:16 131567:2 0:74 131567:1 0:19 131567:4 0:63 131567:4 0:6 131567:4 0:19 131567:5 0:7 131567:8 0:19 131567:4 0:14 131567:4 0:7 131567:2 0:8 131567:5 0:169
C	2910	544580	845	0:45 131567:4 0:16 131567:4 0:61 131567:5 0:8 131567:2 0:7 131567:4 0:14 131567:4 0:19 131567:8 0:7 131567:5 0:19 131567:4 0:6 131567:4 0:63 131567:4 0:19 131567:1 0:11 131567:1 0:13 131567:1 0:7 131567:2 0:52 131567:1 0:78 131567:5 0:1 131567:4 0:16 131567:5 0:6 131567:5 0:17 131567:8 0:1 131567:1 0:61 544580:5 0:2 544580:5 0:4 544580:2 0:3 544580:1 0:19 131567:1 0:13 131567:1 0:69 131567:5 0:1 131567:5 0:4 131567:4 0:38
C	2911	544580	850	0:46 131567:4 0:16 131567:4 0:63 131567:5 0:8 131567:2 0:7 131567:4 0:14 131567:4 0:19 131567:8 0:7 131567:5 0:29 131567:4 0:63 131567:4 0:64 131567:1 0:93 131567:5 0:4 131567:5 0:2 131567:5 0:12 131567:5 0:1 131567:4 0:16 131567:5 0:6 131567:5 0:17 131567:8 0:1 131567:11 0:12 131567:3 0:33 544580:5 0:2 544580:5 0:4 544580:2 0:3 544580:1 0:19 131567:1 0:13 131567:1 0:69 131567:5 0:1 131567:5 0:4 131567:4 0:38
C	2912	544580	859	0:151 131567:4 0:61 131567:4 0:280 131567:5 0:17 131567:8 0:1 131567:11 0:12 131567:3 0:52 544580:2 0:3 544580:1 0:19 131567:3 0:82 131567:5 0:1 131567:5 0:4 131567:4 0:87
C	2913	5125	823	0:218 5144:2 0:9 5125:5 0:2 5125:5 0:8 131567:5 0:4 716546:3 0:91 147550:1 0:202 131567:1 0:16 131567:5 0:1 1296122:3 0:208
C	2914	2	1014	0:383 131567:3 0:8 131567:5 0:203 3273430:5 0:86 40324:5 0:20 131567:1 0:111 477697:5 0:145
C	2915	544580	842	0:43 131567:4 0:16 131567:4 0:63 131567:5 0:8 131567:2 0:7 131567:4 0:14 131567:4 0:19 131567:8 0:7 131567:5 0:19 131567:4 0:70 131567:4 0:50 131567:2 0:10 131567:1 0:107 131567:5 0:12 131567:5 0:1 131567:4 0:16 131567:5 0:6 131567:5 0:17 131567:8 0:1 131567:1 0:60 544580:5 0:2 544580:5 0:4 544580:2 0:3 544580:1 0:19 131567:1 0:13 131567:1 0:126
C	2916	1328300	908	0:23 131567:3 0:20 131567:3 0:7 147550:4 0:9 147550:2 0:6 147550:1 0:2 232080:4 0:22 232080:7 0:69 232080:3 0:11 232080:5 0:78 34397:1 0:9 716545:3 0:10 716545:1 0:5 131567:5 0:15 131567:5 0:17 131567:1 0:7 222543:1 0:2 131567:5 0:1 716546:5 0:9 5506:5 0:1 716546:1 0:4 5506:5 0:17 131567:2 0:3 5125:2 0:4 5125:5 232080:1 0:1 5125:1 0:7 5125:5 0:14 222543:5 0:70 147550:1 0:15 5125:5 0:12 5125:10 716546:1 0:40 232080:2 0:34 131567:2 0:16 147550:2 0:5 147550:2 0:27 232080:5 0:5 232080:5 0:81 1328300:5 0:1 1328300:3 0:23 232080:8 0:30
C	2917	1268659	870	0:190 1268659:5 0:22 131567:5 0:13 131567:5 0:9 131567:2 0:15 588596:2 0:15 131567:4 0:55 55193:2 0:176 131567:5 0:36 131567:1 0:3 131567:5 0:3 131567:5 0:5 131567:1 0:252
C	2919	477697	976	0:2 477697:4 0:342 477697:5 0:16 2:5 0:3 131567:5 0:29 227086:1 0:60 3273430:5 0:127 2:1 0:40 131567:5 0:14 2:6 131567:7 0:90 477697:2 0:173
C	2920	544580	847	0:46 131567:4 0:83 131567:5 0:8 131567:2 0:7 131567:4 0:51 131567:4 0:19 131567:4 0:6 131567:4 0:86 131567:1 0:11 131567:1 0:13 131567:1 0:7 131567:2 0:10 131567:1 0:26 131567:2 0:16 131567:1 0:78 131567:5 0:1 131567:4 0:16 131567:5 0:6 131567:5 0:17 131567:8 0:1 131567:11 0:12 131567:3 0:33 544580:5 0:2 544580:5 0:4 544580:2 0:3 544580:1 0:19 131567:1 0:13 131567:1 0:70 131567:5 0:1 131567:5 0:4 131567:4 0:38
C	2921	40324	978	0:2 477697:4 0:344 2:5 0:3 131567:5 0:13 40324:5 0:72 3273430:5 0:168 131567:5 0:20 40324:5 0:20 131567:1 0:13 477697:3 0:55 477697:2 0:194
C	2922	5302	1165	0:41 490731:3 0:7 490731:5 0:13 490731:1 0:449 131567:1 0:56 4751:2 0:62 181124:1 0:59 5338:3 0:58 131567:5 0:5 131567:9 0:8 131567:5 0:22 131567:4 0:26 131567:5 0:30 131567:2 0:230 181762:5 0:1 181762:1 0:12
C	2923	40324	969	0:347 2:5 0:252 2:3 0:38 40324:5 0:20 131567:1 0:13 477697:3 0:248
C	2924	131567	658	0:50 131567:4 0:19 131567:4 0:6 131567:4 0:63 131567:4 0:19 131567:1 0:11 131567:1 0:13 131567:1 0:7 131567:2 0:10 131567:1 0:26 131567:2 0:16 131567:1 0:247 131567:1 0:13 131567:1 0:69 131567:5 0:1 131567:5 0:4 131567:4 0:9
C	2925	544580	852	0:47 131567:4 0:16 131567:4 0:63 131567:5 0:8 131567:2 0:7 131567:4 0:14 131567:4 0:19 131567:8 0:7 131567:5 0:19 131567:4 0:6 131567:4 0:123 131567:2 0:10 131567:1 0:26 131567:2 0:16 131567:1 0:60 131567:5 0:12 131567:5 0:1 131567:4 0:16 131567:5 0:6 131567:5 0:17 131567:8 0:1 131567:11 0:48 544580:5 0:51 131567:1 0:69 131567:5 0:1 131567:5 0:4 131567:4 0:38
C	2926	544580	844	0:46 131567:4 0:16 131567:4 0:62 131567:5 0:8 131567:2 0:7 131567:4 0:175 131567:1 0:11 131567:1 0:13 131567:1 0:7 131567:2 0:10 131567:1 0:94 131567:2 0:4 131567:5 0:2 131567:5 0:21 131567:1 0:16 131567:5 0:6 131567:5 0:17 131567:8 0:1 131567:11 0:12 131567:3 0:33 544580:5 0:2 544580:5 0:28 131567:3 0:13 131567:1 0:66 131567:5 0:1 131567:5 0:4 131567:4 0:37
C	2927	477697	1272	0:257 477697:5 0:12 131567:4 0:18 477697:4 0:343 2:5 0:3 131567:5 0:13 40324:5 0:72 3273430:5 0:150 2:3 0:41 40324:5 0:20 131567:1 0:13 477697:3 0:55 477697:2 0:194
C	2928	477697	994	0:2 477697:4 0:343 477697:1 0:5 477697:5 0:16 2:5 0:228 2:1 0:58 2:6 131567:7 0:18 131567:1 0:13 477697:3 0:244
C	2929	544580	996	0:22 131567:1 0:58 131567:2 0:48 131567:4 0:4 131567:5 0:1 131567:5 0:69 131567:1 0:13 131567:1 0:19 544580:1 0:3 544580:2 0:4 544580:5 0:2 544580:5 0:36 131567:3 0:12 131567:11 0:1 131567:8 0:17 131567:5 0:6 131567:5 0:23 131567:4 0:12 131567:5 0:2 131567:5 0:4 131567:5 0:46 131567:1 0:16 131567:2 0:60 131567:1 0:11 131567:1 0:19 131567:4 0:63 131567:4 0:6 131567:4 0:19 131567:5 0:7 131567:8 0:19 131567:4 0:14 131567:4 0:7 131567:2 0:8 131567:5 0:66 131567:2 0:16 131567:4 0:92 131567:1 0:2
C	2930	544580	993	0:22 131567:1 0:107 131567:4 0:4 131567:5 0:1 131567:5 0:83 131567:1 0:19 544580:1 0:3 544580:2 0:4 544580:5 0:2 544580:5 0:44 131567:11 0:1 131567:8 0:17 131567:5 0:6 131567:5 0:16 131567:4 0:1 131567:5 0:12 131567:5 0:2 131567:5 0:4 131567:5 0:46 131567:1 0:16 131567:2 0:26 131567:1 0:10 131567:2 0:53 131567:4 0:95 131567:5 0:7 131567:8 0:19 131567:4 0:14 131567:4 0:7 131567:2 0:8 131567:5 0:63 131567:4 0:16 131567:4 0:51 131567:5 0:16 131567:1 0:30
C	2931	544580	960	0:19 131567:1 0:58 131567:2 0:48 131567:4 0:4 131567:5 0:1 131567:5 0:65 131567:1 0:13 131567:1 0:19 544580:1 0:3 544580:2 0:4 544580:5 0:2 544580:5 0:33 131567:3 0:12 131567:11 0:1 131567:8 0:17 131567:5 0:6 131567:5 0:16 131567:4 0:1 131567:5 0:12 131567:5 0:2 131567:6 0:138 131567:1 0:19 131567:4 0:63 131567:4 0:6 131567:4 0:19 131567:5 0:7 131567:8 0:19 131567:4 0:14 131567:4 0:7 131567:2 0:8 131567:5 0:63 131567:4 0:16 131567:4 0:78
C	2932	181762	1066	0:8 181762:1 0:1 181762:5 0:234 5125:5 0:25 131567:5 0:26 131567:4 0:22 131567:5 0:8 131567:9 0:5 131567:5 0:58 5338:3 0:141 181124:5 0:36 131567:1 0:10 131567:3 0:407
C	2933	544580	847	0:46 131567:4 0:16 131567:4 0:63 131567:5 0:8 131567:2 0:7 131567:4 0:37 131567:7 0:7 131567:5 0:19 131567:4 0:6 131567:4 0:63 131567:4 0:53 131567:2 0:10 131567:1 0:27 131567:1 0:104 131567:2 0:16 131567:5 0:6 131567:5 0:17 131567:8 0:1 131567:11 0:12 131567:3 0:33 544580:5 0:2 544580:5 0:4 544580:2 0:3 544580:1 0:19 131567:1 0:13 131567:1 0:70 131567:5 0:1 131567:5 0:44
C	2934	28985	627	0:96 4910:4 0:51 131567:1 0:55 147537:6 0:28 131567:5 0:4 131567:5 0:2 131567:5 0:12 131567:5 0:1 131567:4 0:16 131567:5 0:6 131567:5 0:17 131567:4 0:55 4910:5 0:99 4910:2 0:22 28985:5 0:2 28985:5 0:61
C	2935	131567	525	0:36 131567:4 0:4 131567:5 0:1 131567:5 0:155 131567:3 0:12 131567:11 0:1 131567:8 0:17 131567:5 0:6 131567:5 0:16 131567:4 0:1 131567:5 0:12 131567:5 0:2 131567:5 0:4 131567:5 0:154
C	2936	284811	981	0:22 131567:1 0:120 131567:5 0:69 131567:1 0:13 131567:1 0:19 544580:1 0:3 544580:2 0:97 131567:5 0:163 131567:1 0:10 131567:2 0:7 131567:1 0:13 131567:1 0:11 131567:1 0:19 131567:4 0:94 131567:5 0:7 131567:8 0:19 131567:4 0:14 131567:4 0:7 131567:2 0:8 131567:5 0:48 284811:5 0:9 131567:4 0:16 131567:4 0:92
C	2937	181762	1163	0:69 490731:1 0:441 131567:1 0:248 131567:5 0:8 131567:5 0:50 131567:5 0:30 131567:2 0:242 181762:5 0:1 181762:1 0:15
C	2938	544580	988	0:22 131567:1 0:58 131567:2 0:48 131567:4 0:4 131567:5 0:1 131567:5 0:69 131567:1 0:13 131567:1 0:19 544580:1 0:3 544580:2 0:4 544580:5 0:2 544580:5 0:33 131567:3 0:12 131567:11 0:1 131567:8 0:17 131567:5 0:6 131567:5 0:16 131567:4 0:1 131567:5 0:12 131567:5 0:2 131567:5 0:4 131567:5 0:64 131567:2 0:94 131567:4 0:62 131567:4 0:6 131567:4 0:58 131567:4 0:14 131567:4 0:7 131567:2 0:8 131567:5 0:83 131567:4 0:51 131567:5 0:16 131567:1 0:17
C	2939	544580	848	0:45 131567:4 0:16 131567:4 0:104 131567:4 0:34 131567:4 0:19 131567:4 0:6 131567:4 0:63 131567:4 0:19 131567:1 0:11 131567:1 0:13 131567:1 0:7 131567:2 0:10 131567:1 0:26 131567:2 0:64 131567:5 0:4 131567:5 0:2 131567:5 0:48 131567:5 0:17 131567:8 0:1 131567:11 0:12 131567:3 0:33 544580:5 0:2 544580:5 0:4 544580:2 0:3 544580:1 0:19 131567:1 0:13 131567:1 0:70 131567:5 0:1 131567:5 0:4 131567:4 0:37
C	2940	1268659	916	0:215 1268659:5 0:41 131567:5 0:9 131567:2 0:71 131567:9 0:1 131567:9 0:221 131567:1 0:21 131567:1 0:271
C	2941	1224	569	0:245 477697:3 0:13 131567:1 0:20 40324:5 0:20 131567:5 0:15 2:3 0:149 3273430:5 0:51
C	2942	5144	870	0:256 131567:2 0:13 131567:5 0:41 716546:2 0:9 716546:1 0:6 4895:1 0:26 131567:5 0:1 131567:9 0:169 716546:5 0:1 131567:3 5144:5 0:28 131567:1 0:16 131567:5 0:5 716545:1 0:220
C	2943	3273430	943	0:185 477697:2 0:55 477697:3 0:13 131567:1 0:20 40324:5 0:40 2:3 0:41 3273430:5 0:105 3273430:5 0:93 131567:5 0:3 2:5 0:320
C	2944	544580	855	0:44 131567:5 0:16 131567:4 0:63 131567:5 0:8 131567:2 0:7 131567:4 0:14 131567:4 0:19 131567:8 0:7 131567:5 0:19 131567:4 0:6 131567:4 0:100 131567:1 0:13 131567:1 0:7 131567:2 0:10 131567:1 0:42 131567:1 0:46 131567:5 0:4 131567:5 0:2 131567:5 0:39 131567:5 0:6 131567:5 0:17 131567:8 0:1 131567:11 0:52 544580:5 0:2 544580:5 0:4 544580:2 0:3 544580:1 0:19 131567:1 0:13 131567:1 0:70 131567:5 0:1 131567:5 0:4 131567:4 0:39
C	2946	544580	1117	0:78 2:3 0:35 131567:5 0:38 131567:1 0:58 131567:2 0:48 131567:4 0:4 131567:5 0:1 131567:5 0:121 544580:5 0:33 131567:3 0:12 131567:11 0:1 131567:8 0:17 131567:5 0:6 131567:5 0:39 131567:5 0:2 131567:5 0:4 131567:5 0:46 131567:1 0:43 131567:1 0:10 131567:2 0:7 131567:1 0:25 131567:1 0:19 131567:4 0:63 131567:4 0:6 131567:4 0:19 131567:5 0:7 131567:8 0:19 131567:4 0:104 131567:4 0:16 131567:4 0:82
C	2947	131567	844	0:45 131567:4 0:16 131567:4 0:63 131567:5 0:34 131567:4 0:57 131567:4 0:6 131567:4 0:83 131567:1 0:11 131567:1 0:13 131567:1 0:7 131567:2 0:10 131567:1 0:160 131567:5 0:17 131567:8 0:1 131567:11 0:12 131567:3 0:75 131567:1 0:13 131567:1 0:70 131567:5 0:1 131567:5 0:4 131567:4 0:38
C	2948	1224	1030	0:296 477697:2 0:92 40324:5 0:20 131567:5 0:15 2:3 0:148 3273430:5 0:88 131567:5 0:3 2:5 0:304
C	2949	544580	869	0:79 131567:4 0:16 131567:4 0:101 131567:4 0:34 131567:4 0:19 131567:4 0:6 131567:4 0:87 131567:1 0:11 131567:1 0:13 131567:1 0:7 131567:2 0:146 131567:5 0:3 131567:5 0:6 131567:5 0:81 544580:5 0:2 544580:5 0:4 544580:2 0:3 544580:1 0:19 131567:3 0:138
C	2950	498019	995	0:21 131567:4 0:104 131567:4 0:4 131567:5 0:1 131567:5 0:70 131567:1 0:13 131567:1 0:19 544580:1 0:55 131567:3 0:12 131567:11 0:1 131567:8 0:17 131567:5 0:6 131567:5 0:16 131567:4 0:1 131567:5 0:12 131567:5 0:2 131567:5 0:4 131567:5 0:46 131567:1 0:16 131567:2 0:71 131567:1 0:95 498019:4 0:19 131567:5 0:7 131567:8 0:19 131567:4 0:14 131567:4 0:7 131567:2 0:8 131567:5 0:83 131567:4 0:51 131567:5 0:16 131567:1 0:19 131567:1 0:8
C	2951	76775	997	0:9 76775:5 0:14 76775:2 0:10 76775:5 0:1 76775:1 0:56 76775:6 0:6 76775:1 0:9 76775:1 0:6 76775:2 0:105 55193:4 0:38 143232:1 0:60 76775:2 0:64 76775:1 0:11 55193:5 0:11 76775:5 0:5 76775:1 0:39 76775:2 0:19 452284:7 0:44 55193:2 0:24 131567:1 0:3 131567:5 0:40 55193:5 76775:2 0:13 76775:2 0:87 76775:5 0:45 76775:1 0:35 76775:3 0:55 76775:1 0:41 76775:5 0:30
C	2953	40324	970	0:2 477697:4 0:342 2:5 0:3 131567:5 0:13 40324:5 0:72 3273430:5 0:150 2:3 0:15 131567:5 0:20 40324:5 0:20 131567:1 0:13 477697:3 0:55 477697:2 0:188
C	2954	544580	975	0:22 131567:1 0:58 131567:2 0:61 131567:5 0:70 131567:1 0:13 131567:1 0:36 544580:5 0:56 131567:1 0:1 131567:8 0:17 131567:5 0:116 131567:1 0:16 131567:2 0:26 131567:1 0:10 131567:2 0:7 131567:1 0:13 131567:1 0:11 131567:1 0:19 131567:4 0:72 131567:4 0:19 131567:5 0:7 131567:8 0:19 131567:4 0:14 131567:4 0:7 131567:2 0:8 131567:5 0:63 131567:4 0:16 131567:4 0:51 131567:5 0:26
C	2955	544580	984	0:22 131567:1 0:58 131567:2 0:48 131567:4 0:4 131567:5 0:1 131567:5 0:69 131567:1 0:13 131567:1 0:19 544580:1 0:3 544580:2 0:4 544580:5 0:2 544580:5 0:33 131567:3 0:49 131567:5 0:6 131567:5 0:16 131567:4 0:1 131567:5 0:124 131567:1 0:10 131567:2 0:7 131567:1 0:13 131567:1 0:11 131567:1 0:19 131567:4 0:63 131567:4 0:6 131567:4 0:19 131567:5 0:7 131567:8 0:19 131567:4 0:14 131567:4 0:7 131567:2 0:8 131567:5 0:138 131567:5 0:32
C	2956	181762	1154	0:68 490731:1 0:433 131567:3 0:10 131567:1 0:116 181124:1 0:59 5338:3 0:58 131567:5 0:5 131567:9 0:8 131567:5 0:22 131567:4 0:26 131567:5 0:30 131567:2 0:232 181762:5 0:1 181762:1 0:7
C	2958	544580	853	0:9 4956:5 0:32 131567:4 0:16 131567:4 0:63 131567:5 0:8 131567:2 0:7 131567:4 0:14 131567:4 0:19 131567:8 0:7 131567:5 0:19 131567:4 0:6 131567:4 0:63 131567:4 0:19 131567:1 0:11 131567:1 0:128 131567:5 0:4 131567:5 0:2 131567:5 0:12 131567:5 0:1 131567:4 0:116 544580:5 0:2 544580:5 0:4 544580:2 0:3 544580:1 0:19 131567:1 0:13 131567:1 0:71 131567:5 0:1 131567:5 0:4 131567:4 0:38
C	2960	131567	846	0:46 131567:4 0:16 131567:5 0:78 131567:4 0:14 131567:4 0:19 131567:8 0:7 131567:5 0:19 131567:4 0:6 131567:4 0:63 131567:4 0:19 131567:1 0:11 131567:1 0:13 131567:1 0:7 131567:2 0:10 131567:1 0:95 131567:2 0:4 131567:5 0:2 131567:5 0:37 131567:5 0:6 131567:5 0:17 131567:8 0:1 131567:11 0:12 131567:3 0:76 131567:1 0:13 131567:1 0:70 131567:5 0:1 131567:5 0:4 131567:4 0:38
C	2961	181124	621	0:341 131567:3 0:10 131567:1 0:121 181124:1 0:59 5338:3 0:48
C	2962	569360	901	0:2 1760811:4 0:38 131567:1 147550:2 0:28 147550:1 0:221 716545:1 0:52 5144:5 131567:3 0:1 716546:5 0:165 147550:5 0:32 716546:1 0:50 716546:3 0:4 131567:5 0:8 5125:5 0:2 5125:5 0:9 5144:2 0:184 569360:5 0:13 5144:2 0:3
C	2963	2	933	0:187 477697:2 0:55 477697:3 0:13 131567:1 0:20 40324:5 0:40 2:3 0:41 3273430:5 0:198 131567:5 0:3 2:5 0:313
C	2965	544580	534	0:131 131567:4 0:4 131567:5 0:1 131567:5 0:71 131567:1 0:13 131567:1 0:19 544580:1 0:3 544580:2 0:4 544580:5 0:2 544580:5 0:33 131567:3 0:48 131567:5 0:6 131567:5 0:16 131567:4 0:1 131567:5 0:12 131567:5 0:2 131567:5 0:4 131567:5 0:46 131567:1 0:16 131567:1
C	2966	5302	1157	0:41 490731:3 0:7 490731:5 0:13 490731:1 0:431 131567:3 0:10 131567:1 0:56 4751:2 0:62 181124:1 0:59 5338:3 0:58 131567:5 0:5 131567:9 0:8 131567:5 0:22 131567:4 0:26 131567:5 0:30 131567:2 0:231 181762:5 0:1 181762:1 0:8
C	2967	477697	968	0:2 477697:4 0:344 2:5 0:3 131567:5 0:13 40324:5 0:72 3273430:5 0:149 2:3 0:15 131567:5 0:53 477697:3 0:55 477697:2 0:191
C	2968	131567	593	0:2 131567:4 0:1 131567:5 0:12 131567:5 0:2 131567:5 0:4 131567:5 0:46 131567:1 0:16 131567:2 0:26 131567:1 0:10 131567:2 0:7 131567:1 0:13 131567:1 0:11 131567:1 0:19 131567:4 0:63 131567:4 0:6 131567:4 0:19 131567:5 0:7 131567:8 0:19 131567:4 0:14 131567:4 0:7 131567:2 0:8 131567:5 0:63 131567:4 0:16 131567:4 0:51 131567:5 0:16 131567:1 0:14
C	2970	181124	885	0:71 131567:2 0:30 131567:5 0:26 131567:4 0:22 131567:5 0:8 131567:9 0:5 131567:5 0:122 181124:1 0:55 4751:2 0:56 131567:1 0:10 131567:3 0:409
C	2971	5338	806	0:23 131567:5 0:26 131567:5 0:33 131567:9 0:5 131567:5 0:58 5338:3 0:119 4751:2 0:56 131567:1 0:10 131567:3 0:409
C	2972	544580	976	0:75 131567:2 0:48 131567:4 0:4 131567:5 0:1 131567:5 0:70 131567:1 0:13 131567:1 0:19 544580:1 0:3 544580:2 0:4 544580:5 0:2 544580:5 0:62 131567:8 0:17 131567:5 0:47 131567:5 0:2 131567:5 0:4 131567:5 0:46 131567:1 0:16 131567:2 0:26 131567:1 0:10 131567:2 0:7 131567:1 0:13 131567:1 0:11 131567:1 0:19 131567:4 0:62 131567:4 0:6 131567:4 0:19 131567:5 0:7 131567:8 0:19 131567:4 0:14 131567:4 0:7 131567:2 0:8 131567:5 0:63 131567:4 0:16 131567:4 0:51 131567:5 0:16 131567:1 0:13
C	2973	2	1282	0:258 477697:5 0:12 131567:4 0:18 477697:2 0:463 3273430:5 0:100 3273430:5 0:41 2:3 0:40 40324:5 0:20 131567:1 0:13 477697:3 0:250
C	2974	1224	912	0:177 477697:2 0:84 40324:5 0:20 131567:5 0:168 3273430:5 0:412
C	2975	181124	820	0:44 131567:5 0:142 5338:3 0:59 181124:1 0:77 181124:5 0:36 131567:1 0:10 131567:3 0:400
C	2976	37727	754	0:176 131567:4 0:13 131567:5 0:4 716546:3 0:34 716546:2 0:9 716546:1 0:43 131567:6 0:113 37727:1 0:56 716546:5 0:34 131567:1 0:16 131567:5 0:7 131567:4 0:10 131567:2 0:5 716546:4 0:157
C	2977	544580	848	0:68 131567:4 0:63 131567:5 0:8 131567:2 0:7 131567:4 0:14 131567:4 0:37 2916678:5 0:12 131567:4 0:6 131567:4 0:63 131567:4 0:55 131567:2 0:10 131567:2 0:86 131567:5 0:4 131567:5 0:2 131567:5 0:39 131567:5 0:6 131567:5 0:17 131567:8 0:1 131567:11 0:48 544580:5 0:2 544580:5 0:4 544580:2 0:3 544580:1 0:19 131567:1 0:85 131567:5 0:1 131567:5 0:4 131567:4 0:38
C	2978	544580	1086	0:172 131567:2 0:48 131567:4 0:4 131567:5 0:1 131567:5 0:70 131567:1 0:13 131567:1 0:19 544580:1 0:3 544580:2 0:4 544580:5 0:2 544580:5 0:33 131567:3 0:12 131567:11 0:1 131567:8 0:17 131567:5 0:6 131567:5 0:16 131567:4 0:1 131567:5 0:79 131567:1 0:17 131567:1 0:26 131567:1 0:10 131567:2 0:7 131567:1 0:13 131567:1 0:11 131567:1 0:19 131567:4 0:65 131567:4 0:6 131567:4 0:19 131567:5 0:7 131567:8 0:19 131567:4 0:14 131567:4 0:7 131567:2 0:8 131567:5 0:63 131567:4 0:16 131567:4 0:96
C	2979	40324	985	0:2 477697:4 0:352 131567:5 0:13 40324:5 0:72 3273430:5 0:150 2:3 0:15 131567:5 0:20 40324:5 0:295
C	2980	544580	853	0:46 131567:4 0:16 131567:4 0:63 131567:5 0:8 131567:2 0:7 131567:4 0:14 131567:4 0:34 131567:4 0:19 131567:4 0:6 131567:4 0:63 131567:4 0:65 131567:1 0:111 131567:5 0:12 131567:5 0:1 131567:4 0:16 131567:5 0:6 131567:5 0:17 131567:8 0:1 131567:11 0:12 131567:3 0:33 544580:5 0:2 544580:5 0:4 544580:2 0:3 544580:1 0:19 131567:1 0:13 131567:1 0:70 131567:5 0:1 131567:5 0:4 131567:4 0:38
C	2981	5302	1166	0:41 490731:3 0:7 490731:5 0:13 490731:1 0:432 131567:3 0:68 4751:2 0:62 181124:1 0:59 5338:3 0:112 131567:4 0:26 131567:5 0:30 131567:2 0:232 181762:5 0:1 181762:1 0:14
C	2982	131567	737	0:30 131567:5 0:8 131567:2 0:7 131567:4 0:14 131567:4 0:19 131567:8 0:7 131567:5 0:19 131567:4 0:6 131567:4 0:118 131567:2 0:10 131567:1 0:175 131567:8 0:1 131567:11 0:12 131567:3 0:75 131567:1 0:13 131567:1 0:69 131567:5 0:1 131567:5 0:4 131567:4 0:38
C	2983	477697	980	0:2 477697:4 0:447 3273430:5 0:150 2:3 0:15 131567:5 0:60 477697:3 0:55 477697:2 0:195
C	2984	3273430	994	0:2 477697:2 0:361 2:5 0:33 227086:1 0:63 3273430:5 0:104 3273430:5 0:82 40324:5 0:20 131567:1 0:13 477697:3 0:53 477697:2 0:200
C	2985	544580	845	0:46 131567:4 0:16 131567:4 0:85 131567:4 0:14 131567:4 0:34 131567:4 0:19 131567:4 0:6 131567:4 0:85 131567:1 0:11 131567:1 0:13 131567:1 0:7 131567:2 0:10 131567:1 0:26 131567:2 0:63 131567:5 0:4 131567:5 0:2 131567:5 0:46 131567:5 0:17 131567:8 0:1 131567:11 0:12 131567:3 0:33 544580:5 0:2 544580:5 0:4 544580:2 0:3 544580:1 0:19 131567:1 0:13 131567:1 0:70 131567:5 0:1 131567:5 0:4 131567:4 0:38
C	2986	544580	844	0:47 131567:4 0:16 131567:4 0:85 131567:4 0:14 131567:4 0:19 131567:8 0:7 131567:5 0:19 131567:4 0:6 131567:4 0:61 131567:4 0:19 131567:1 0:11 131567:1 0:13 131567:1 0:7 131567:2 0:10 131567:1 0:26 131567:2 0:16 131567:1 0:46 131567:5 0:4 131567:5 0:2 131567:5 0:12 131567:5 0:1 131567:4 0:55 131567:9 0:12 131567:3 0:33 544580:5 0:2 544580:5 0:4 544580:2 0:3 544580:1 0:19 131567:1 0:13 131567:1 0:70 131567:5 0:1 131567:5 0:4 131567:4 0:38
C	2987	544580	846	0:44 131567:4 0:16 131567:4 0:63 131567:5 0:35 131567:4 0:19 131567:8 0:7 131567:5 0:19 131567:4 0:6 131567:4 0:63 131567:4 0:30 131567:1 0:13 131567:1 0:7 131567:2 0:10 131567:1 0:26 131567:1 0:64 131567:5 0:4 131567:5 0:2 131567:5 0:48 131567:5 0:17 131567:4 0:27 131567:3 0:33 544580:5 0:2 544580:5 0:4 544580:2 0:3 544580:1 0:19 131567:1 0:13 131567:1 0:85 131567:4 0:39
C	2988	181762	1102	0:44 181762:1 0:1 181762:5 0:232 131567:2 0:62 131567:4 0:177 181124:1 0:66 4751:2 0:56 131567:1 0:10 131567:3 0:401
C	2989	5125	891	0:2 1760811:4 0:74 147550:1 0:218 131567:5 0:16 131567:1 0:28 5144:5 131567:3 0:1 716546:5 0:167 147550:5 0:32 716546:1 0:52 716546:3 0:4 131567:5 0:8 5125:5 0:2 5125:5 0:9 5144:2 0:194
C	2990	544580	991	0:23 1071381:4 0:50 131567:2 0:48 131567:4 0:4 131567:5 0:1 131567:5 0:85 131567:1 0:19 544580:1 0:3 544580:2 0:4 544580:5 0:2 544580:5 0:33 131567:3 0:12 131567:11 0:1 131567:8 0:17 131567:5 0:6 131567:5 0:16 131567:4 0:1 131567:5 0:12 131567:5 0:2 131567:5 0:4 131567:5 0:46 131567:1 0:16 131567:2 0:26 131567:1 0:10 131567:2 0:56 131567:4 0:63 131567:4 0:6 131567:4 0:51 131567:2 0:230
C	2991	544580	976	0:141 131567:5 0:1 131567:5 0:101 544580:1 0:3 544580:2 0:4 544580:5 0:2 544580:5 0:33 131567:3 0:12 131567:11 0:1 131567:8 0:17 131567:5 0:6 131567:5 0:16 131567:4 0:1 131567:5 0:12 131567:5 0:2 131567:5 0:4 131567:5 0:47 131567:1 0:16 131567:2 0:26 131567:1 0:10 131567:2 0:7 131567:1 0:13 131567:1 0:11 131567:1 0:19 131567:4 0:133 131567:4 0:14 131567:4 0:7 131567:2 0:8 131567:5 0:62 131567:4 0:16 131567:4 0:82
C	2992	223818	992	0:382 131567:1 0:28 131567:5 0:4 131567:5 0:96 223818:5 0:72 131567:2 0:53 131567:4 0:6 131567:4 0:19 131567:5 0:7 131567:8 0:19 131567:4 0:229
C	2993	544580	889	0:32 131567:5 0:51 131567:4 0:16 131567:4 0:63 131567:5 0:8 131567:2 0:7 131567:4 0:14 131567:4 0:19 131567:8 0:7 131567:5 0:30 131567:4 0:63 131567:4 0:19 131567:1 0:11 131567:1 0:13 131567:1 0:7 131567:2 0:10 131567:1 0:26 131567:2 0:16 131567:1 0:76 131567:5 0:1 131567:4 0:16 131567:5 0:6 131567:5 0:17 131567:8 0:1 131567:11 0:12 131567:3 0:33 544580:5 0:2 544580:5 0:4 544580:2 0:3 544580:1 0:19 131567:1 0:13 131567:1 0:69 131567:5 0:1 131567:5 0:4 131567:4 0:38
C	2994	544580	976	0:22 131567:1 0:57 131567:2 0:48 131567:4 0:4 131567:5 0:1 131567:5 0:63 131567:1 0:13 131567:1 0:19 544580:1 0:3 544580:2 0:4 544580:5 0:2 544580:5 0:33 131567:3 0:49 131567:5 0:6 131567:5 0:16 131567:4 0:1 131567:5 0:12 131567:5 0:2 131567:5 0:4 131567:5 0:90 131567:1 0:10 131567:2 0:7 131567:1 0:13 131567:1 0:11 131567:1 0:19 131567:3 0:66 131567:4 0:6 131567:4 0:19 131567:5 0:7 131567:7 0:42 131567:4 0:7 131567:2 0:8 131567:5 0:63 131567:4 0:102
C	2995	544580	833	0:62 131567:5 0:57 131567:5 0:8 131567:2 0:7 131567:4 0:14 131567:4 0:34 131567:4 0:19 131567:4 0:6 131567:4 0:63 131567:4 0:19 131567:1 0:11 131567:1 0:13 131567:1 0:7 131567:2 0:10 131567:1 0:26 131567:2 0:16 131567:1 0:48 131567:2 0:4 131567:5 0:2 131567:5 0:48 131567:5 0:17 131567:3 0:61 544580:5 0:2 544580:5 0:4 544580:2 0:3 544580:1 0:19 131567:1 0:13 131567:1 0:68 131567:5 0:1 131567:5 0:4 131567:4 0:39
C	2996	181762	1061	0:8 181762:1 0:1 181762:5 0:218 1296100:2 0:9 131567:2 0:30 131567:5 0:26 131567:4 0:22 131567:5 0:8 131567:9 0:5 131567:5 0:58 5338:3 0:59 181124:1 0:117 131567:1 0:10 131567:3 0:410
C	2997	477697	1003	0:2 477697:4 0:349 477697:5 0:16 2:5 0:3 131567:5 0:90 3273430:5 0:169 131567:5 0:14 2:6 131567:7 0:18 131567:1 0:13 477697:3 0:55 477697:2 0:192
C	2999	544580	859	0:51 131567:4 0:16 131567:4 0:63 131567:5 0:8 131567:2 0:7 131567:4 0:14 131567:4 0:19 131567:8 0:7 131567:5 0:19 131567:4 0:6 131567:4 0:63 131567:4 0:30 131567:1 0:13 131567:1 0:7 131567:2 0:10 131567:1 0:26 131567:1 0:84 131567:5 0:12 131567:5 0:1 131567:4 0:16 131567:5 0:6 131567:5 0:17 131567:3 0:66 544580:5 0:2 544580:5 0:4 544580:2 0:3 544580:1 0:19 131567:1 0:13 131567:1 0:84 131567:3 0:40
C	3001	477697	925	0:149 477697:5 0:39 477697:2 0:71 131567:1 0:20 40324:5 0:272 131567:5 0:8 131567:3 0:311
C	3002	544580	987	0:22 131567:1 0:109 131567:4 0:4 131567:5 0:1 131567:5 0:70 131567:1 0:13 131567:1 0:19 544580:1 0:3 544580:2 0:4 544580:5 0:2 544580:5 0:33 131567:3 0:12 131567:11 0:1 131567:8 0:17 131567:5 0:6 131567:5 0:16 131567:4 0:1 131567:5 0:12 131567:5 0:2 131567:5 0:4 131567:5 0:64 131567:1 0:26 131567:1 0:10 131567:2 0:7 131567:1 0:13 131567:1 0:11 131567:1 0:85 131567:4 0:6 131567:4 0:19 131567:5 0:7 131567:8 0:19 131567:4 0:14 131567:4 0:7 131567:2 0:8 131567:5 0:83 131567:4 0:51 131567:5 0:34
C	3003	544580	984	0:22 131567:1 0:107 131567:4 0:4 131567:5 0:1 131567:5 0:70 131567:1 0:13 131567:1 0:19 544580:1 0:3 544580:2 0:4 544580:5 0:2 544580:5 0:33 131567:3 0:59 131567:5 0:16 131567:4 0:1 131567:5 0:80 131567:1 0:16 131567:2 0:26 131567:1 0:10 131567:2 0:7 131567:1 0:13 131567:1 0:11 131567:1 0:19 131567:4 0:63 131567:4 0:6 131567:4 0:19 131567:5 0:7 131567:8 0:19 131567:4 0:14 131567:4 0:7 131567:2 0:8 131567:5 0:63 131567:4 0:16 131567:4 0:51 131567:5 0:16 131567:1 0:15
C	3005	544580	848	0:46 131567:4 0:16 131567:4 0:63 131567:5 0:8 131567:2 0:7 131567:4 0:14 131567:4 0:36 131567:4 0:19 131567:4 0:6 131567:4 0:63 131567:4 0:19 131567:1 0:11 131567:1 0:13 131567:1 0:7 131567:2 0:10 131567:1 0:26 131567:2 0:16 131567:1 0:46 131567:5 0:4 131567:5 0:2 131567:5 0:38 131567:5 0:6 131567:5 0:17 131567:7 0:24 131567:5 0:31 544580:5 0:2 544580:5 0:4 544580:2 0:3 544580:1 0:102 131567:5 0:1 131567:5 0:4 131567:4 0:38
C	3006	544580	845	0:46 131567:4 0:16 131567:4 0:63 131567:5 0:8 131567:2 0:47 131567:8 0:7 131567:5 0:19 131567:4 0:6 131567:4 0:63 131567:4 0:19 131567:1 0:11 131567:1 0:13 131567:1 0:7 131567:2 0:10 131567:1 0:26 131567:2 0:16 131567:1 0:60 131567:5 0:12 131567:5 0:1 131567:4 0:16 131567:5 0:6 131567:5 0:17 131567:8 0:1 131567:11 0:12 131567:3 0:33 544580:5 0:2 544580:5 0:4 544580:2 0:37 131567:1 0:69 131567:5 0:1 131567:5 0:4 131567:4 0:37
C	3007	544580	961	0:22 131567:1 0:58 131567:2 0:48 131567:4 0:4 131567:5 0:1 131567:5 0:103 544580:1 0:3 544580:2 0:4 544580:5 0:2 544580:5 0:33 131567:3 0:12 131567:8 0:29 131567:5 0:6 2093779:5 0:142 131567:1 0:10 131567:2 0:149 131567:5 0:7 131567:8 0:19 131567:4 0:14 131567:4 0:7 131567:2 0:95 131567:4 0:78
C	3008	5144	831	0:220 131567:2 0:13 131567:5 0:41 716546:2 0:9 716546:1 0:6 4895:1 0:26 131567:5 0:1 131567:9 0:170 716546:5 0:1 131567:3 5144:5 0:28 131567:1 0:16 131567:5 0:7 131567:4 0:10 131567:2 0:5 716546:4 0:190
C	3010	544580	846	0:46 131567:4 0:84 131567:5 0:8 131567:2 0:7 131567:4 0:14 131567:4 0:34 131567:4 0:19 131567:4 0:6 131567:4 0:62 131567:4 0:19 131567:1 0:11 131567:1 0:13 131567:1 0:7 131567:2 0:10 131567:1 0:26 131567:2 0:16 131567:1 0:61 131567:5 0:37 131567:5 0:6 131567:5 0:17 131567:8 0:1 131567:11 0:12 131567:3 0:33 544580:5 0:2 544580:5 0:4 544580:2 0:3 544580:1 0:19 131567:1 0:13 131567:1 0:69 131567:5 0:1 131567:5 0:4 131567:4 0:38
C	3011	40324	926	0:188 477697:2 0:55 477697:3 0:13 131567:1 0:20 40324:5 0:192 3273430:5 0:72 40324:5 0:331
C	3013	4751	815	0:188 4751:4 0:294 131567:3 0:50 131567:5 0:237
C	3014	181762	701	0:35 181762:1 0:66 131567:2 0:12 131567:2 0:295 131567:5 0:5 131567:1 0:10 131567:3 0:230
C	3015	181762	1066	0:8 181762:1 0:1 181762:5 0:230 131567:2 0:30 131567:5 0:26 131567:4 0:22 131567:5 0:8 131567:9 0:5 131567:5 0:58 5338:3 0:60 181124:1 0:62 4751:2 0:56 131567:1 0:10 131567:3 0:410
C	3016	544580	928	0:20 9606:6 0:48 131567:4 0:4 131567:5 0:1 131567:5 0:70 131567:1 0:13 131567:1 0:19 544580:1 0:3 544580:2 0:4 544580:5 0:2 544580:5 0:33 131567:3 0:12 131567:11 0:1 131567:8 0:52 131567:4 0:1 131567:5 0:12 131567:5 0:2 131567:5 0:4 131567:5 0:46 131567:1 0:16 131567:2 0:26 131567:1 0:10 131567:2 0:7 131567:1 0:13 131567:1 0:11 131567:1 0:19 131567:4 0:63 131567:4 0:6 131567:4 0:19 131567:5 0:7 131567:8 0:19 131567:4 0:14 131567:4 0:7 131567:2 0:8 131567:5 0:63 131567:4 0:16 131567:4 0:51 131567:5 0:16 131567:1 0:12
C	3017	477697	955	0:190 477697:2 0:56 477697:3 0:13 131567:1 0:18 131567:7 2:6 0:14 131567:5 0:15 2:3 0:22 2:1 0:126 3273430:5 0:90 131567:5 0:3 2:5 0:16 477697:5 0:5 477697:1 0:304
C	3018	544580	835	0:147 131567:2 0:7 131567:4 0:14 131567:4 0:34 131567:4 0:19 131567:4 0:6 131567:4 0:58 131567:3 0:19 131567:1 0:11 131567:1 0:13 131567:1 0:7 131567:2 0:10 131567:1 0:97 131567:5 0:19 131567:5 0:1 131567:4 0:16 131567:5 0:6 131567:5 0:82 544580:5 0:2 544580:5 0:4 544580:2 0:3 544580:1 0:102 131567:5 0:1 131567:5 0:4 131567:4 0:37
C	3019	477697	1380	0:286 131567:7 2:6 0:14 131567:5 0:15 2:3 0:22 2:1 0:189 227086:1 0:29 131567:5 0:3 2:5 0:16 477697:5 0:5 477697:1 0:379 477697:5 0:344
C	3020	40324	924	0:186 477697:2 0:55 477697:3 0:13 131567:1 0:20 40324:5 0:188 3273430:5 0:73 40324:5 0:13 131567:5 0:3 2:5 0:308
C	3021	544580	828	0:44 131567:4 0:16 131567:4 0:62 131567:5 0:8 131567:2 0:7 131567:4 0:14 131567:4 0:19 131567:8 0:7 131567:5 0:19 131567:4 0:6 131567:4 0:222 131567:5 0:12 131567:5 0:1 131567:4 0:16 131567:5 0:6 131567:5 0:17 131567:4 0:63 544580:5 0:2 544580:5 0:4 544580:2 0:3 544580:1 0:19 131567:1 0:13 131567:1 0:70 131567:5 0:1 131567:5 0:4 131567:4 0:38
C	3022	544580	978	0:22 131567:1 0:57 131567:1 0:48 131567:4 0:4 131567:5 0:1 131567:5 0:71 131567:1 0:13 131567:1 0:19 544580:1 0:3 544580:2 0:4 544580:5 0:2 544580:5 0:33 131567:3 0:12 131567:11 0:1 131567:8 0:17 131567:5 0:6 131567:5 0:16 131567:4 0:1 131567:5 0:12 131567:5 0:7 131567:1 0:70 131567:1 0:27 131567:1 0:10 131567:2 0:7 131567:1 0:13 131567:1 0:11 131567:1 0:19 131567:4 0:92 131567:5 0:7 131567:8 0:19 131567:4 0:14 131567:4 0:7 131567:2 0:8 131567:5 0:63 131567:4 0:16 131567:4 0:51 131567:5 0:16 131567:1 0:14
C	3023	544580	844	0:68 131567:4 0:79 131567:4 0:14 131567:4 0:19 131567:8 0:7 131567:5 0:19 131567:4 0:6 131567:4 0:63 131567:4 0:19 131567:1 0:11 131567:1 0:13 131567:1 0:7 131567:2 0:10 131567:1 0:26 131567:2 0:16 131567:1 0:43 131567:5 0:4 131567:5 0:2 131567:5 0:12 131567:5 0:1 131567:4 0:16 131567:5 0:6 131567:5 0:17 131567:8 0:1 131567:11 0:12 131567:3 0:33 544580:5 0:2 544580:5 0:4 544580:2 0:3 544580:1 0:19 131567:1 0:13 131567:1 0:71 131567:5 0:1 131567:5 0:4 131567:4 0:38
C	3025	131567	850	0:46 131567:4 0:16 131567:4 0:63 131567:5 0:8 131567:2 0:7 131567:4 0:14 131567:4 0:19 131567:8 0:7 131567:5 0:19 131567:4 0:6 131567:4 0:63 131567:4 0:19 131567:1 0:11 131567:1 0:13 131567:1 0:7 131567:2 0:10 131567:1 0:26 131567:2 0:16 131567:1 0:46 131567:5 0:4 131567:5 0:2 131567:5 0:12 131567:5 0:1 131567:4 0:16 131567:5 0:6 131567:5 0:17 131567:8 0:1 131567:11 0:12 131567:3 0:73 131567:1 0:13 131567:1 0:85 131567:5 0:38
C	3027	544580	850	0:46 131567:4 0:16 131567:4 0:63 131567:5 0:8 131567:2 0:7 131567:4 0:14 131567:4 0:19 131567:8 0:7 131567:5 0:19 131567:4 0:6 131567:4 0:63 131567:4 0:19 131567:1 0:11 131567:1 0:13 131567:1 0:7 131567:2 0:10 131567:1 0:26 131567:2 0:119 131567:5 0:99 544580:5 0:2 544580:5 0:4 544580:2 0:3 544580:1 0:19 131567:1 0:13 131567:1 0:70 131567:5 0:1 131567:5 0:4 131567:4 0:38
C	3029	131567	846	0:46 131567:4 0:16 131567:4 0:63 131567:5 0:8 131567:2 0:7 131567:4 0:14 131567:4 0:19 131567:8 0:7 131567:5 0:19 131567:4 0:6 131567:4 0:63 131567:4 0:30 131567:1 0:13 131567:1 0:7 131567:2 0:10 131567:1 0:90 131567:5 0:4 131567:5 0:2 131567:5 0:179 131567:1 0:13 131567:1 0:69 131567:5 0:1 131567:5 0:4 131567:4 0:38
C	3031	477697	1368	0:376 477697:4 0:368 2:5 0:3 131567:5 0:29 227086:1 0:60 3273430:5 0:150 2:3 0:15 131567:5 0:14 2:6 131567:7 0:88 477697:2 0:188
C	3032	477697	951	0:187 477697:2 0:55 477697:3 0:13 131567:1 0:18 131567:7 2:6 0:14 131567:5 0:15 2:3 0:22 2:1 0:127 3273430:5 0:60 227086:1 0:29 131567:5 0:3 2:5 0:16 477697:5 0:5 477697:1 0:303
C	3033	3273430	934	0:259 131567:1 0:20 40324:5 0:82 3273430:5 0:103 3273430:5 0:93 131567:5 0:3 2:5 0:314
C	3034	544580	836	0:70 131567:4 0:70 131567:2 0:60 131567:5 0:19 131567:4 0:6 131567:4 0:68 131567:2 0:19 131567:1 0:11 131567:1 0:13 131567:1 0:7 131567:2 0:10 131567:1 0:97 131567:5 0:18 131567:4 0:51 131567:6 0:1 131567:11 0:12 131567:3 0:23 226126:3 0:7 544580:5 0:2 544580:5 0:4 544580:2 0:3 544580:1 0:19 131567:1 0:86 131567:5 0:1 131567:5 0:4 131567:4 0:34
C	3035	569360	809	0:9 569360:5 0:184 5144:2 0:9 5125:5 0:2 5125:5 0:8 131567:5 0:4 716546:3 0:51 716546:1 0:32 147550:5 0:167 716546:5 0:1 131567:3 5144:5 0:28 131567:1 0:16 131567:5 0:5 716545:1 0:208
C	3036	544580	979	0:17 131567:1 0:58 131567:2 0:61 131567:5 0:122 544580:5 0:33 131567:3 0:12 131567:11 0:1 131567:8 0:51 131567:4 0:1 131567:5 0:12 131567:5 0:2 131567:5 0:56 131567:1 0:16 131567:2 0:26 131567:1 0:10 131567:2 0:7 131567:1 0:13 131567:1 0:11 131567:1 0:19 131567:4 0:64 131567:4 0:6 131567:4 0:19 131567:5 0:7 131567:8 0:19 131567:4 0:14 131567:4 0:7 131567:2 0:8 131567:5 0:63 131567:4 0:16 131567:4 0:73 131567:1 0:9
C	3037	477697	948	0:189 477697:2 0:55 477697:3 0:13 131567:1 0:18 131567:7 2:5 0:59 2:1 0:124 3273430:5 0:60 227086:1 0:29 131567:5 0:3 2:5 0:16 477697:5 0:5 477697:1 0:302
C	3039	477697	1297	0:301 477697:2 0:361 2:5 0:3 131567:5 0:203 3273430:5 0:41 2:3 0:40 40324:5 0:20 131567:1 0:13 477697:3 0:55 477697:2 0:195
C	3040	544580	847	0:46 131567:4 0:16 131567:4 0:63 131567:5 0:34 131567:4 0:19 131567:8 0:7 131567:5 0:19 131567:4 0:6 131567:5 0:62 131567:4 0:19 131567:1 0:11 131567:1 0:13 131567:1 0:7 131567:2 0:10 131567:1 0:26 131567:2 0:76 131567:5 0:12 131567:4 0:23 131567:5 0:6 131567:5 0:50 131567:3 0:53 544580:1 0:19 131567:1 0:13 131567:1 0:68 131567:5 0:1 131567:5 0:48
C	3041	544580	902	0:22 131567:1 0:187 544580:1 0:3 544580:2 0:4 544580:5 0:2 544580:5 0:33 131567:3 0:12 131567:7 0:37 131567:5 0:45 131567:5 0:4 131567:5 0:46 131567:1 0:16 131567:2 0:26 131567:1 0:10 131567:2 0:7 131567:1 0:13 131567:4 0:102 131567:5 0:7 131567:8 0:19 131567:4 0:14 131567:4 0:188
C	3042	3273430	944	0:189 477697:2 0:55 477697:3 0:13 131567:1 0:20 40324:5 0:40 2:3 0:41 3273430:5 0:104 3273430:5 0:93 131567:5 0:3 2:5 0:318
C	3043	544580	860	0:70 131567:4 0:16 131567:4 0:63 131567:5 0:8 131567:2 0:7 131567:4 0:14 131567:4 0:19 131567:8 0:7 131567:5 0:19 131567:4 0:6 131567:4 0:63 131567:3 0:19 131567:1 0:11 131567:1 0:13 131567:1 0:7 131567:2 0:10 131567:1 0:26 131567:2 0:16 131567:1 0:45 131567:5 0:4 131567:5 0:44 131567:5 0:6 131567:5 0:17 131567:8 0:1 131567:5 0:43 544580:5 0:2 544580:5 0:4 544580:2 0:3 544580:1 0:19 131567:1 0:13 131567:1 0:71 131567:5 0:1 131567:5 0:4 131567:4 0:37
C	3044	3273430	993	0:2 477697:2 0:362 2:5 0:3 131567:5 0:93 3273430:5 0:103 3273430:5 0:84 40324:5 0:20 131567:1 0:13 477697:3 0:55 477697:2 0:191
C	3045	5144	781	0:187 332648:2 0:2 716545:1 0:22 131567:2 0:13 131567:5 0:4 716546:3 0:34 716546:2 0:9 716546:1 0:43 131567:6 0:169 716546:5 0:1 131567:3 5144:5 0:28 131567:1 0:16 131567:5 0:7 131567:4 0:10 131567:2 0:5 716546:4 0:146
C	3046	5302	1163	0:41 490731:3 0:7 490731:5 0:13 490731:1 0:505 4751:2 0:62 181124:1 0:59 5338:3 0:70 131567:5 0:8 131567:5 0:22 131567:4 0:26 131567:5 0:30 131567:2 0:231 181762:5 0:1 181762:1 0:12
C	3047	5338	1108	0:47 181762:1 0:241 131567:2 0:30 131567:5 0:26 131567:4 0:22 131567:5 0:8 131567:9 0:5 131567:5 0:59 5338:3 0:20 131567:1 0:38 181124:1 0:119 131567:1 0:10 131567:3 0:409
C	3049	5144	892	0:23 131567:3 0:246 131567:4 0:7 131567:5 0:16 131567:1 0:28 5144:5 131567:3 0:1 716546:5 0:56 37727:1 0:113 131567:6 0:87 716546:3 0:4 131567:5 0:13 131567:2 0:22 716545:1 0:2 332648:2 0:194
C	3050	122368	606	0:22 131567:3 0:36 69781:1 0:7 131567:1 0:5 131567:1 0:20 122368:2 0:155 716546:4 0:5 131567:2 0:10 131567:4 0:7 131567:5 0:66 131567:2 0:51 716546:2 0:155 122368:2 0:4
C	3052	147550	810	0:8 569360:5 0:215 131567:5 0:4 716546:3 0:83 147550:5 0:167 716546:5 0:1 131567:3 5144:5 0:28 131567:1 0:16 131567:5 0:5 716545:1 0:211
C	3053	181124	1058	0:272 131567:5 0:141 5338:3 0:57 181124:1 0:61 4751:2 0:56 131567:1 0:10 131567:3 0:412
C	3054	2	1246	0:248 131567:1 0:20 40324:5 0:85 3273430:5 0:197 131567:5 0:384 477697:5 0:257
C	3055	544580	843	0:46 131567:4 0:16 131567:4 0:63 131567:5 0:8 131567:2 0:7 131567:4 0:14 131567:4 0:38 2916678:5 0:88 131567:4 0:55 131567:2 0:10 131567:1 0:120 131567:5 0:1 131567:4 0:16 131567:5 0:6 131567:5 0:17 131567:4 0:27 131567:3 0:33 544580:5 0:2 544580:5 0:4 544580:2 0:3 544580:1 0:19 131567:1 0:13 131567:1 0:70 131567:5 0:1 131567:5 0:4 131567:4 0:38
C	3056	3273430	944	0:244 477697:3 0:13 131567:1 0:20 40324:5 0:86 3273430:5 0:109 3273430:1 0:93 131567:5 0:3 2:5 0:317
C	3057	544580	847	0:46 131567:4 0:16 131567:4 0:64 131567:5 0:8 131567:2 0:7 131567:4 0:49 131567:5 0:19 131567:4 0:6 131567:4 0:63 131567:4 0:19 131567:1 0:11 131567:1 0:13 131567:1 0:7 131567:2 0:10 131567:1 0:26 131567:2 0:16 131567:1 0:46 131567:5 0:4 131567:5 0:2 131567:5 0:82 131567:9 0:48 544580:5 0:2 544580:5 0:4 544580:2 0:3 544580:1 0:19 131567:1 0:13 131567:1 0:70 131567:5 0:1 131567:5 0:4 131567:4 0:37
C	3058	28985	833	0:6 4910:3 0:6 4910:5 0:93 4910:4 0:6 4893:1 0:5 131567:3 0:14 131567:4 0:19 131567:8 0:7 131567:5 0:19 131567:4 0:6 131567:4 0:75 4910:4 0:19 4910:5 4893:7 0:1 131567:1 0:7 131567:2 0:10 131567:1 0:56 147537:6 0:9 147537:5 0:15 131567:5 0:4 131567:5 0:2 131567:5 0:12 131567:5 0:1 131567:4 0:16 131567:5 0:6 131567:5 0:17 131567:4 0:55 4910:5 0:54 4910:3 0:2 4910:5 0:38 4910:2 0:22 28985:5 0:2 28985:5 0:43 4910:4 0:13
C	3059	544580	525	0:36 131567:4 0:4 131567:5 0:1 131567:5 0:70 131567:1 0:13 131567:1 0:19 544580:1 0:3 544580:2 0:4 544580:5 0:2 544580:5 0:45 131567:7 0:86 131567:5 0:4 131567:5 0:46 131567:1 0:16 131567:2 0:58 131567:1 0:11 131567:1 0:22
C	3060	544580	850	0:45 131567:4 0:16 131567:4 0:130 131567:7 0:7 131567:5 0:19 131567:4 0:6 131567:5 0:86 131567:1 0:149 131567:5 0:12 131567:5 0:1 131567:4 0:16 131567:5 0:6 131567:5 0:33 131567:5 0:12 131567:3 0:40 544580:5 0:4 544580:2 0:3 544580:1 0:19 131567:1 0:13 131567:1 0:68 131567:5 0:1 131567:5 0:4 131567:4 0:40
C	3061	477697	999	0:354 477697:1 0:5 477697:5 0:16 2:5 0:97 3273430:5 0:148 2:3 0:15 131567:5 0:14 2:6 131567:7 0:18 131567:1 0:13 477697:3 0:55 477697:2 0:187
C	3062	477697	962	0:194 477697:2 0:55 477697:3 0:13 131567:1 0:18 131567:7 2:6 0:14 131567:5 0:15 2:3 0:152 3273430:5 0:60 227086:1 0:29 131567:5 0:3 2:5 0:16 477697:5 0:5 477697:1 0:305
C	3063	477697	953	0:188 477697:2 0:55 477697:3 0:13 131567:1 0:18 131567:7 2:6 0:14 131567:5 0:15 2:3 0:22 2:1 0:127 3273430:5 0:60 227086:1 0:29 131567:5 0:3 2:5 0:16 477697:5 0:5 477697:1 0:304
C	3065	131567	846	0:50 131567:4 0:100 131567:4 0:14 131567:4 0:32 131567:5 0:19 131567:4 0:6 131567:4 0:63 131567:4 0:19 131567:1 0:11 131567:1 0:13 131567:1 0:7 131567:2 0:10 131567:1 0:100 131567:5 0:2 131567:5 0:12 131567:5 0:1 131567:4 0:16 131567:5 0:6 131567:5 0:17 131567:8 0:1 131567:5 0:94 131567:1 0:13 131567:1 0:70 131567:5 0:1 131567:5 0:4 131567:4 0:38
C	3066	544580	983	0:22 131567:1 0:58 131567:2 0:48 131567:5 0:82 131567:1 0:13 131567:1 0:19 544580:1 0:3 544580:2 0:4 544580:5 0:2 544580:5 0:33 131567:3 0:12 131567:11 0:1 131567:8 0:17 131567:5 0:6 131567:5 0:16 131567:4 0:1 131567:5 0:12 131567:5 0:2 131567:5 0:160 131567:4 0:9 131567:5 0:51 131567:4 0:6 131567:4 0:19 131567:5 0:7 131567:8 0:19 131567:4 0:14 131567:4 0:7 131567:2 0:8 131567:5 0:63 131567:4 0:16 131567:4 0:92
C	3067	544580	984	0:79 131567:2 0:136 131567:1 0:13 131567:1 0:19 544580:1 0:3 544580:2 0:4 544580:5 0:40 131567:3 0:12 131567:11 0:1 131567:8 0:17 131567:5 0:6 131567:5 0:16 131567:4 0:1 131567:5 0:12 131567:5 0:2 131567:5 0:4 131567:5 0:46 131567:1 0:16 131567:2 0:26 131567:1 0:10 131567:2 0:7 131567:1 0:13 131567:1 0:11 131567:1 0:19 131567:4 0:63 131567:4 0:6 131567:4 0:19 131567:5 0:7 131567:8 0:49 131567:2 0:8 131567:5 0:63 131567:4 0:109
C	3069	569360	856	0:9 569360:5 0:185 5144:2 0:9 5125:5 0:2 5125:5 0:8 131567:5 0:4 716546:3 0:51 716546:1 0:10 45151:1 0:194 716546:5 0:1 131567:3 5144:5 0:28 131567:1 0:280
C	3071	544580	845	0:46 131567:4 0:16 131567:4 0:125 131567:8 0:7 131567:5 0:19 131567:4 0:6 131567:4 0:63 131567:4 0:19 131567:1 0:11 131567:1 0:13 131567:1 0:7 131567:2 0:10 131567:1 0:26 131567:2 0:16 131567:1 0:112 131567:5 0:17 131567:8 0:1 131567:11 0:12 131567:3 0:33 544580:5 0:2 544580:5 0:4 544580:2 0:3 544580:1 0:19 131567:1 0:13 131567:1 0:70 131567:5 0:1 131567:5 0:4 131567:4 0:38
C	3072	544580	1076	0:22 131567:1 0:108 131567:4 0:4 131567:5 0:1 131567:5 0:65 131567:1 0:13 131567:1 0:19 544580:1 0:3 544580:2 0:4 544580:5 0:2 544580:5 0:33 131567:3 0:12 131567:11 0:1 131567:8 0:17 131567:5 0:6 131567:5 0:16 131567:4 0:1 131567:5 0:12 131567:5 0:2 131567:5 0:4 131567:5 0:64 131567:1 0:26 131567:1 0:10 131567:2 0:7 131567:1 0:13 131567:1 0:11 131567:1 0:19 131567:4 0:63 131567:4 0:6 131567:4 0:19 131567:5 0:7 131567:8 0:19 131567:4 0:14 131567:4 0:7 131567:3 0:77 131567:4 0:16 131567:4 0:51 131567:5 0:16 131567:1 0:19 131567:1 0:89
C	3073	544580	826	0:44 131567:5 0:79 131567:5 0:8 131567:2 0:7 131567:4 0:14 131567:4 0:59 131567:4 0:6 131567:4 0:63 131567:3 0:19 131567:1 0:44 131567:1 0:93 131567:5 0:36 131567:2 0:16 131567:5 0:6 131567:5 0:38 131567:1 0:33 544580:5 0:129 131567:4 0:38
C	3074	490731	1147	0:41 490731:3 0:7 490731:5 0:13 490731:1 0:430 131567:3 0:10 131567:1 0:56 4751:2 0:65 181124:1 0:59 5338:3 0:58 131567:5 0:5 131567:9 0:8 131567:5 0:22 131567:4 0:26 131567:5 0:30 131567:2 0:220 181762:5 0:9
C	3076	490731	1150	0:41 490731:3 0:7 490731:5 0:13 490731:1 0:430 131567:3 0:10 131567:1 0:119 181124:1 0:121 131567:2 0:116 131567:2 0:226 181762:5 0:1 181762:1 0:8
C	3077	477697	954	0:185 477697:3 0:57 477697:3 0:13 131567:1 0:18 131567:7 2:6 0:14 131567:5 0:169 3273430:5 0:60 227086:1 0:29 131567:5 0:3 2:5 0:16 477697:5 0:5 477697:1 0:304
C	3078	544580	981	0:22 131567:1 0:61 131567:2 0:48 131567:4 0:4 131567:5 0:1 131567:5 0:65 131567:1 0:13 131567:1 0:19 544580:1 0:3 544580:2 0:4 544580:5 0:2 544580:5 0:33 131567:3 0:12 131567:11 0:35 131567:5 0:16 131567:4 0:1 131567:5 0:77 131567:1 0:16 131567:2 0:26 131567:1 0:34 131567:2 0:11 131567:1 0:85 131567:4 0:6 131567:4 0:19 131567:5 0:34 131567:4 0:14 131567:4 0:7 131567:2 0:8 131567:5 0:63 131567:4 0:16 131567:4 0:89
C	3079	5338	1253	0:135 490731:3 0:461 131567:3 0:10 131567:1 0:37 181124:5 0:14 4751:2 0:62 181124:1 0:160 131567:4 0:63 131567:2 0:233 181762:5 0:1 181762:1 0:16
C	3080	131567	841	0:46 131567:4 0:16 131567:4 0:63 131567:5 0:8 131567:2 0:7 131567:4 0:14 131567:4 0:19 131567:8 0:7 131567:5 0:19 131567:4 0:6 131567:4 0:63 131567:4 0:19 131567:1 0:11 131567:1 0:13 131567:1 0:7 131567:2 0:10 131567:1 0:88 131567:5 0:4 131567:5 0:2 131567:5 0:35 131567:5 0:6 131567:5 0:17 131567:8 0:1 131567:11 0:12 131567:3 0:73 131567:1 0:13 131567:1 0:70 131567:5 0:1 131567:5 0:4 131567:4 0:36
C	3081	2	926	0:188 477697:2 0:55 477697:3 0:33 40324:5 0:194 3273430:5 0:91 131567:5 0:3 2:5 0:303
C	3082	544580	886	0:85 131567:4 0:16 131567:4 0:63 131567:5 0:8 131567:2 0:7 131567:4 0:14 131567:4 0:32 131567:5 0:19 131567:4 0:6 131567:4 0:63 131567:4 0:19 131567:1 0:11 131567:1 0:13 131567:1 0:7 131567:2 0:10 131567:1 0:26 131567:2 0:16 131567:1 0:46 131567:5 0:4 131567:5 0:2 131567:5 0:12 131567:5 0:1 131567:4 0:16 131567:5 0:6 131567:5 0:17 131567:7 0:60 544580:5 0:2 544580:5 0:4 544580:2 0:3 544580:1 0:19 131567:1 0:13 131567:1 0:70 131567:5 0:10 131567:4 0:38
C	3083	544580	844	0:46 131567:4 0:16 131567:4 0:63 131567:5 0:8 131567:2 0:7 131567:4 0:14 131567:4 0:19 131567:8 0:7 131567:5 0:19 131567:4 0:6 131567:4 0:63 131567:4 0:170 131567:5 0:45 131567:5 0:17 131567:8 0:1 131567:5 0:55 544580:5 0:2 544580:5 0:4 544580:2 0:3 544580:1 0:19 131567:1 0:13 131567:1 0:70 131567:5 0:1 131567:5 0:4 131567:4 0:38
C	3084	544580	843	0:49 131567:4 0:80 131567:5 0:8 131567:2 0:50 131567:8 0:7 131567:5 0:19 131567:4 0:6 131567:4 0:86 131567:1 0:44 131567:1 0:40 131567:1 0:46 131567:5 0:4 131567:5 0:2 131567:5 0:47 131567:5 0:17 131567:8 0:60 544580:5 0:2 544580:5 0:4 544580:2 0:3 544580:1 0:104 131567:5 0:1 131567:5 0:4 131567:4 0:36
C	3085	131567	633	0:22 131567:1 0:59 131567:1 0:48 131567:4 0:4 131567:5 0:1 131567:5 0:215 131567:5 0:47 131567:5 0:2 131567:5 0:4 131567:5 0:118 131567:1 0:11 131567:1 0:19 131567:4 0:7
C	3086	2	1006	0:271 477697:2 0:55 477697:3 0:13 131567:1 0:216 3273430:5 0:90 131567:5 0:3 2:5 0:303
C	3087	5338	965	0:23 131567:3 0:5 5204:2 0:274 131567:3 0:10 131567:1 0:5 131567:5 0:3 131567:5 0:3 131567:1 0:137 456999:2 0:21 5338:3 0:60 131567:7 0:1 131567:9 0:54 131567:2 0:12 131567:2 0:9 131567:5 0:264
C	3088	9606	563	0:18 9606:3 0:99 131567:3 0:406
C	3089	2	582	0:201 477697:2 0:55 477697:3 0:13 131567:1 0:18 131567:7 2:4 0:58 2:1 0:126 3273430:5 0:54
C	3090	477697	950	0:188 477697:2 0:54 477697:3 0:13 131567:1 0:18 131567:7 2:6 0:14 131567:5 0:15 2:3 0:22 2:1 0:127 3273430:5 0:60 227086:1 0:29 131567:5 0:3 2:5 0:16 477697:5 0:5 477697:1 0:302
C	3091	477697	927	0:188 477697:2 0:88 131567:7 2:6 0:14 131567:5 0:15 2:3 0:22 2:1 0:241 477697:5 0:5 477697:1 0:290
C	3092	544580	846	0:45 131567:4 0:83 131567:5 0:8 131567:2 0:7 131567:4 0:14 131567:4 0:19 131567:8 0:7 131567:5 0:19 131567:4 0:6 131567:4 0:63 131567:4 0:95 131567:2 0:16 131567:1 0:75 131567:5 0:1 131567:4 0:16 131567:5 0:6 131567:5 0:17 131567:8 0:1 131567:11 0:12 131567:3 0:33 544580:5 0:2 544580:5 0:4 544580:2 0:3 544580:1 0:19 131567:1 0:13 131567:1 0:68 131567:5 0:1 131567:5 0:4 131567:4 0:38
C	3093	2	985	0:351 2:5 0:3 131567:5 0:13 40324:5 0:72 3273430:5 0:149 2:3 0:65 131567:1 0:13 477697:3 0:55 477697:2 0:201
C	3094	544580	843	0:46 131567:4 0:16 131567:4 0:73 131567:2 0:7 131567:4 0:37 131567:7 0:7 131567:5 0:19 131567:4 0:6 131567:4 0:63 131567:4 0:19 131567:1 0:11 131567:1 0:13 131567:1 0:7 131567:2 0:10 131567:1 0:89 131567:5 0:4 131567:5 0:2 131567:5 0:48 131567:5 0:17 131567:8 0:1 131567:11 0:48 544580:5 0:2 544580:5 0:4 544580:2 0:3 544580:1 0:104 131567:5 0:1 131567:5 0:4 131567:4 0:38
C	3095	477697	1294	0:189 477697:2 0:97 40324:5 0:82 3273430:5 0:540 1884633:1 0:71 477697:5 0:263
C	3096	5144	717	0:118 5144:2 0:9 5125:5 0:15 131567:5 0:58 716546:1 0:32 147550:5 0:167 716546:5 0:1 131567:3 5144:5 0:28 131567:1 0:16 131567:5 0:5 716545:1 0:196
C	3097	5125	838	0:197 5144:2 0:9 5125:5 0:2 5125:5 0:8 131567:5 0:4 716546:3 0:51 716546:1 0:201 716546:5 0:1 131567:3 5144:5 0:28 131567:1 0:16 131567:5 0:5 716545:1 0:241
C	3098	544580	863	0:22 131567:1 0:58 131567:2 0:48 131567:4 0:4 131567:5 0:1 131567:5 0:70 131567:1 0:13 131567:1 0:19 544580:1 0:3 544580:2 0:4 544580:5 0:2 544580:5 0:30 131567:5 0:12 131567:6 0:150 131567:1 0:16 131567:2 0:258 131567:2 0:71
C	3099	2759	851	0:146 131567:2 0:7 131567:4 0:14 131567:4 0:19 131567:8 0:7 131567:5 0:19 131567:4 0:6 131567:4 0:26 2759:1 0:60 131567:1 0:11 131567:1 0:63 131567:2 0:16 131567:1 0:63 131567:5 0:12 131567:5 0:1 131567:4 0:16 131567:5 0:6 131567:5 0:48 131567:3 0:71 131567:1 0:84 131567:5 0:1 131567:5 0:46
C	3100	5338	1125	0:280 131567:5 0:56 131567:5 0:92 5338:3 0:189 131567:1 0:10 131567:3 0:447
C	3101	544580	850	0:46 131567:4 0:16 131567:4 0:63 131567:5 0:8 131567:2 0:7 131567:4 0:14 131567:4 0:19 131567:8 0:7 131567:5 0:19 131567:4 0:6 131567:4 0:63 131567:4 0:19 131567:1 0:11 131567:1 0:13 131567:1 0:7 131567:2 0:10 131567:1 0:88 131567:5 0:4 131567:5 0:2 131567:5 0:12 131567:5 0:1 131567:4 0:16 131567:5 0:6 131567:5 0:17 131567:8 0:1 131567:11 0:12 131567:3 0:33 544580:5 0:37 131567:1 0:86 131567:5 0:1 131567:5 0:4 131567:4 0:38
C	3102	477697	1002	0:2 477697:4 0:344 477697:1 0:5 477697:5 0:16 2:5 0:97 3273430:5 0:128 2:1 0:22 2:3 0:15 131567:5 0:14 2:6 131567:7 0:18 131567:1 0:13 477697:3 0:185 106589:5 0:58
C	3103	477697	594	0:291 477697:5 0:34 477697:4 0:226
C	3104	477697	948	0:290 477697:3 0:315 2:5 0:301
C	3105	544580	844	0:41 131567:5 0:16 131567:4 0:60 131567:5 0:58 131567:8 0:7 131567:5 0:19 131567:4 0:6 131567:4 0:65 131567:4 0:19 131567:1 0:11 131567:1 0:13 131567:1 0:7 131567:2 0:10 131567:1 0:104 131567:5 0:52 131567:5 0:91 544580:5 0:4 544580:2 0:3 544580:1 0:19 131567:1 0:13 131567:1 0:70 131567:5 0:1 131567:5 0:4 131567:4 0:38
C	3106	131567	839	0:38 131567:4 0:16 131567:4 0:63 131567:5 0:8 131567:2 0:7 131567:4 0:14 131567:4 0:19 131567:1 0:40 131567:4 0:6 131567:4 0:87 131567:1 0:11 131567:1 0:13 131567:1 0:7 131567:2 0:93 131567:2 0:4 131567:5 0:2 131567:5 0:40 131567:5 0:6 131567:5 0:17 131567:8 0:1 131567:1 0:245
C	3107	477697	950	0:187 477697:2 0:56 477697:3 0:13 131567:1 0:18 131567:7 2:6 0:59 2:1 0:191 227086:1 0:35 2:5 0:16 477697:5 0:5 477697:1 0:304
C	3108	222543	854	0:61 1328300:1 0:114 5455:4 0:9 147550:2 0:5 147550:2 0:6 5125:1 4751:4 0:66 716546:2 0:218 2231603:3 0:11 716546:5 0:1 131567:5 0:2 716545:1 0:7 131567:1 0:4 131567:4 0:9 131567:5 0:15 131567:5 0:5 716545:1 0:174 1279085:1 0:66
C	3109	544580	848	0:46 131567:4 0:16 131567:4 0:62 131567:5 0:8 131567:2 0:7 131567:4 0:14 131567:4 0:19 131567:8 0:7 131567:5 0:19 131567:4 0:6 131567:4 0:63 131567:4 0:19 131567:1 0:11 131567:1 0:13 131567:1 0:7 131567:2 0:10 131567:1 0:40 131567:1 0:46 131567:5 0:4 131567:5 0:2 131567:5 0:12 131567:5 0:1 131567:4 0:16 131567:5 0:6 131567:5 0:17 131567:8 0:1 131567:11 0:12 131567:3 0:33 544580:5 0:2 544580:5 0:4 544580:2 0:3 544580:1 0:19 131567:1 0:13 131567:1 0:70 131567:5 0:1 131567:5 0:4 131567:4 0:41
C	3110	2	917	0:179 477697:2 0:55 477697:3 0:60 131567:5 0:15 2:3 0:149 3273430:5 0:72 40324:5 0:13 131567:5 0:3 2:5 0:304
C	3112	544580	681	0:39 1884633:1 0:39 131567:2 0:48 131567:4 0:4 131567:5 0:1 131567:5 0:70 131567:1 0:13 131567:1 0:19 544580:1 0:3 544580:2 0:4 544580:5 0:2 544580:5 0:33 131567:3 0:12 131567:11 0:1 131567:8 0:17 131567:5 0:6 131567:5 0:16 131567:4 0:1 131567:5 0:80 131567:1 0:16 131567:2 0:26 131567:1 0:10 131567:2 0:51 131567:4 0:53
C	3113	181762	1171	0:50 490731:5 0:517 4751:2 0:122 5338:3 0:114 131567:4 0:26 131567:5 0:269 181762:5 0:1 181762:1 0:13
C	3115	544580	849	0:61 131567:4 0:63 131567:5 0:8 131567:2 0:47 131567:8 0:7 131567:5 0:19 131567:4 0:6 131567:4 0:65 131567:4 0:19 131567:1 0:11 131567:1 0:13 131567:1 0:7 131567:2 0:10 131567:1 0:44 131567:1 0:107 131567:5 0:6 131567:5 0:17 131567:8 0:1 131567:11 0:12 131567:3 0:33 544580:5 0:2 544580:5 0:4 544580:2 0:3 544580:1 0:105 131567:5 0:1 131567:5 0:4 131567:4 0:38
C	3116	544580	986	0:22 131567:1 0:58 131567:2 0:48 131567:4 0:4 131567:5 0:1 131567:5 0:70 131567:1 0:13 131567:1 0:36 544580:5 0:33 131567:3 0:12 131567:5 0:31 131567:5 0:6 131567:5 0:16 131567:4 0:1 131567:5 0:12 131567:5 0:2 131567:5 0:4 131567:5 0:46 131567:1 0:16 131567:2 0:26 131567:1 0:10 131567:2 0:51 131567:4 0:63 131567:4 0:6 131567:4 0:19 131567:5 0:7 131567:8 0:19 131567:4 0:14 131567:4 0:7 131567:2 0:8 131567:5 0:63 131567:4 0:16 131567:4 0:51 131567:5 0:16 131567:1 0:19
C	3117	544580	847	0:66 131567:4 0:62 131567:5 0:8 131567:2 0:7 131567:4 0:14 131567:4 0:34 131567:4 0:19 131567:4 0:6 131567:4 0:63 131567:4 0:19 131567:1 0:11 131567:1 0:13 131567:1 0:7 131567:2 0:10 131567:1 0:26 131567:2 0:16 131567:1 0:115 131567:5 0:17 131567:8 0:1 131567:11 0:48 544580:5 0:2 544580:5 0:4 544580:2 0:3 544580:1 0:19 131567:1 0:13 131567:1 0:127
C	3118	544580	881	0:46 131567:4 0:16 131567:4 0:287 131567:2 0:10 131567:1 0:47 131567:1 0:49 131567:5 0:4 131567:5 0:2 131567:5 0:12 131567:5 0:1 131567:4 0:48 131567:8 0:1 131567:11 0:12 131567:3 0:33 544580:5 0:2 544580:5 0:4 544580:2 0:3 544580:1 0:19 131567:1 0:80 131567:5 0:1 131567:5 0:4 131567:4 0:80
C	3119	544580	983	0:81 131567:2 0:61 131567:5 0:70 131567:1 0:13 131567:1 0:19 544580:1 0:3 544580:2 0:4 544580:5 0:2 544580:5 0:33 131567:3 0:50 131567:5 0:6 131567:5 0:16 131567:4 0:1 131567:5 0:12 131567:5 0:2 131567:5 0:4 131567:5 0:46 131567:1 0:16 131567:2 0:26 131567:1 0:10 131567:2 0:7 131567:1 0:43 131567:4 0:63 131567:4 0:6 131567:4 0:19 131567:5 0:7 131567:8 0:19 131567:4 0:14 131567:4 0:7 131567:2 0:8 131567:5 0:63 131567:4 0:16 131567:4 0:51 131567:5 0:16 131567:1 0:15
C	3120	716546	833	0:220 131567:2 0:13 131567:5 0:41 716546:2 0:9 716546:1 0:6 4895:1 0:26 131567:5 0:1 131567:9 0:212 131567:1 0:16 131567:5 0:224
C	3121	544580	854	0:45 131567:4 0:16 131567:4 0:65 131567:5 0:8 131567:2 0:7 131567:4 0:14 131567:4 0:19 131567:8 0:7 131567:5 0:19 131567:4 0:6 131567:4 0:63 131567:4 0:19 131567:1 0:11 131567:1 0:13 131567:1 0:7 131567:2 0:10 131567:1 0:26 131567:2 0:16 131567:1 0:46 131567:5 0:4 131567:5 0:2 131567:5 0:12 131567:5 0:1 131567:4 0:16 131567:5 0:6 131567:5 0:17 131567:8 0:1 131567:11 0:12 131567:3 0:33 544580:5 0:2 544580:5 0:4 544580:2 0:3 544580:1 0:19 131567:1 0:13 131567:1 0:72 131567:5 0:1 131567:5 0:4 131567:4 0:39
C	3123	544580	851	0:46 131567:4 0:16 131567:4 0:62 131567:5 0:8 131567:2 0:7 131567:4 0:14 131567:4 0:19 131567:8 0:7 131567:5 0:19 131567:4 0:6 131567:4 0:63 131567:4 0:19 131567:1 0:11 131567:1 0:13 131567:1 0:7 131567:2 0:10 131567:1 0:90 131567:5 0:4 131567:5 0:2 131567:5 0:39 131567:5 0:6 131567:5 0:17 131567:8 0:1 131567:11 0:50 544580:5 0:2 544580:5 0:4 544580:2 0:3 544580:1 0:19 131567:1 0:13 131567:1 0:70 131567:5 0:1 131567:5 0:4 131567:4 0:38
C	3124	131567	982	0:22 131567:1 0:58 131567:2 0:48 131567:4 0:4 131567:5 0:1 131567:5 0:65 131567:1 0:13 131567:1 0:73 131567:3 0:12 131567:7 0:43 131567:5 0:16 131567:4 0:1 131567:5 0:80 131567:1 0:16 131567:2 0:26 131567:1 0:10 131567:2 0:7 131567:1 0:13 131567:1 0:11 131567:1 0:19 131567:4 0:63 131567:4 0:6 131567:4 0:19 131567:5 0:7 131567:8 0:19 131567:4 0:14 131567:4 0:7 131567:2 0:8 131567:5 0:64 131567:4 0:107
C	3125	544580	998	0:22 131567:1 0:58 131567:2 0:48 131567:4 0:4 131567:5 0:1 131567:5 0:78 131567:1 0:19 544580:1 0:3 544580:2 0:4 544580:5 0:2 544580:5 0:90 131567:5 0:16 131567:4 0:1 131567:5 0:12 131567:5 0:2 131567:5 0:4 131567:5 0:88 131567:1 0:10 131567:2 0:34 131567:1 0:19 131567:4 0:61 131567:4 0:92 131567:2 0:8 131567:5 0:63 131567:4 0:16 131567:4 0:122
C	3126	181762	1144	0:89 181762:5 0:232 131567:2 0:30 131567:5 0:26 131567:4 0:22 131567:5 0:8 131567:9 0:5 131567:5 0:240 131567:1 0:10 131567:3 0:409
C	3127	544580	982	0:22 131567:1 0:105 131567:4 0:4 131567:5 0:1 131567:5 0:103 544580:1 0:3 544580:2 0:4 544580:5 0:2 544580:5 0:33 131567:3 0:12 131567:11 0:1 131567:4 0:57 131567:4 0:1 131567:5 0:76 226230:5 0:38 131567:1 0:63 131567:4 0:62 131567:4 0:6 131567:4 0:19 131567:5 0:7 131567:8 0:19 131567:4 0:14 131567:4 0:4 36035:5 0:152 131567:5 0:16 131567:1 0:19
C	3128	544580	1020	0:45 4956:3 0:5 131567:1 0:58 131567:1 0:48 131567:4 0:4 131567:5 0:1 131567:5 0:70 131567:1 0:13 131567:1 0:19 544580:1 0:3 544580:2 0:4 544580:5 0:2 544580:5 0:33 131567:3 0:12 131567:11 0:1 131567:8 0:17 131567:5 0:6 131567:5 0:16 131567:4 0:1 131567:5 0:12 131567:5 0:2 131567:5 0:4 131567:5 0:46 131567:1 0:16 131567:2 0:26 131567:1 0:10 131567:2 0:7 131567:1 0:13 131567:1 0:11 131567:1 0:90 131567:4 0:6 131567:4 0:19 131567:5 0:7 131567:8 0:19 131567:4 0:14 131567:4 0:7 131567:2 0:8 131567:5 0:63 131567:4 0:16 131567:4 0:89
C	3129	477697	1374	0:336 477697:5 0:34 477697:4 0:346 477697:1 0:66 227086:1 0:60 3273430:5 0:167 131567:5 0:14 2:6 131567:7 0:18 131567:1 0:13 477697:3 0:55 477697:2 0:191
C	3131	544580	949	0:79 131567:2 0:48 131567:4 0:4 131567:5 0:1 131567:5 0:70 131567:1 0:13 131567:1 0:19 544580:1 0:3 544580:2 0:4 544580:5 0:2 544580:5 0:52 131567:7 0:1 131567:8 0:120 131567:1 0:16 131567:2 0:26 131567:1 0:10 131567:2 0:7 131567:1 0:13 131567:1 0:11 131567:1 0:19 131567:2 0:95 131567:5 0:7 131567:8 0:19 131567:4 0:14 131567:4 0:7 131567:2 0:8 131567:5 0:162
C	3132	477697	994	0:346 477697:1 0:5 477697:5 0:16 2:5 0:3 131567:5 0:29 227086:1 0:60 3273430:5 0:184 2:6 131567:7 0:18 131567:1 0:13 477697:3 0:247
C	3133	40324	923	0:277 40324:5 0:270 40324:5 0:13 131567:5 0:3 2:5 0:306
C	3134	544580	1284	0:245 131567:3 0:13 131567:1 0:127 131567:2 0:56 131567:5 0:1 131567:5 0:67 131567:1 0:13 131567:1 0:19 544580:1 0:3 544580:2 0:4 544580:5 0:2 544580:5 0:45 131567:5 0:33 131567:5 0:6 131567:5 0:16 131567:4 0:1 131567:5 0:12 131567:5 0:62 131567:1 0:74 131567:1 0:112 131567:4 0:19 131567:5 0:50 131567:4 0:7 131567:2 0:8 131567:5 0:173
C	3135	28985	831	0:6 4910:3 0:6 4910:5 0:93 4910:4 0:6 4893:1 0:5 131567:3 0:30 4956:2 0:6 131567:7 0:7 131567:5 0:19 131567:4 0:6 131567:4 0:53 131567:2 0:21 4910:4 0:19 4910:5 4893:7 0:1 131567:1 0:7 131567:2 0:10 131567:1 0:56 147537:6 0:42 131567:5 0:12 131567:5 0:1 131567:4 0:16 131567:5 0:6 131567:5 0:17 131567:4 0:55 4910:5 0:54 4910:3 0:2 4910:5 0:38 4910:2 0:22 28985:5 0:2 28985:5 0:43 4910:4 0:13
C	3138	569360	804	0:9 569360:5 0:184 5144:2 0:9 5125:5 0:2 5125:5 0:8 131567:5 0:4 716546:3 0:82 147550:5 0:222 131567:5 0:5 716545:1 0:209
C	3140	131567	976	0:22 131567:1 0:108 131567:4 0:4 131567:5 0:1 131567:5 0:65 131567:1 0:13 131567:1 0:71 131567:3 0:12 131567:11 0:1 131567:8 0:17 131567:5 0:6 131567:5 0:16 131567:4 0:1 131567:5 0:12 131567:5 0:2 131567:5 0:4 131567:5 0:46 131567:1 0:16 131567:2 0:26 131567:1 0:10 131567:2 0:7 131567:1 0:13 131567:1 0:11 131567:1 0:19 131567:4 0:63 131567:4 0:6 131567:4 0:19 131567:5 0:7 131567:8 0:19 131567:4 0:14 131567:4 0:7 131567:2 0:8 131567:5 0:143 131567:5 0:16 131567:1 0:9
C	3143	477697	1352	0:333 477697:5 0:376 477697:5 0:57 227086:1 0:233 131567:5 0:303
C	3144	131567	845	0:45 131567:4 0:16 131567:4 0:63 131567:5 0:8 131567:2 0:7 131567:4 0:72 131567:4 0:6 131567:4 0:63 131567:4 0:19 131567:1 0:11 131567:1 0:13 131567:1 0:7 131567:2 0:10 131567:1 0:26 131567:2 0:16 131567:1 0:46 131567:5 0:4 131567:5 0:2 131567:5 0:39 131567:5 0:6 131567:5 0:17 131567:8 0:1 131567:6 0:107 131567:1 0:70 131567:5 0:1 131567:5 0:4 131567:4 0:38
C	3145	544580	846	0:46 131567:4 0:105 131567:4 0:14 131567:4 0:57 131567:4 0:6 131567:4 0:98 131567:1 0:13 131567:1 0:19 131567:1 0:104 131567:5 0:12 131567:5 0:1 131567:4 0:16 131567:5 0:6 131567:5 0:17 131567:8 0:1 131567:11 0:12 131567:3 0:33 544580:5 0:2 544580:5 0:4 544580:2 0:3 544580:1 0:19 131567:1 0:13 131567:1 0:70 131567:5 0:1 131567:5 0:4 131567:4 0:38
C	3146	131567	845	0:46 131567:4 0:16 131567:4 0:63 131567:5 0:8 131567:2 0:7 131567:4 0:14 131567:4 0:19 131567:8 0:30 131567:4 0:6 131567:4 0:63 131567:4 0:19 131567:1 0:74 131567:1 0:61 131567:5 0:4 131567:5 0:2 131567:5 0:78 131567:12 0:12 131567:3 0:73 131567:1 0:13 131567:1 0:69 131567:5 0:1 131567:5 0:4 131567:4 0:38
C	3147	544580	528	0:36 131567:4 0:4 131567:5 0:1 131567:5 0:69 131567:1 0:13 131567:1 0:19 544580:1 0:3 544580:2 0:4 544580:5 0:2 544580:5 0:33 131567:3 0:12 131567:11 0:1 131567:8 0:17 131567:5 0:44 131567:5 0:2 131567:5 0:4 131567:5 0:46 131567:1 0:16 131567:2 0:26 131567:1 0:10 131567:2 0:7 131567:1 0:13 131567:1 0:11 131567:1 0:21
C	3148	544580	808	0:58 131567:4 0:98 131567:4 0:19 131567:8 0:7 131567:5 0:19 131567:4 0:6 131567:4 0:63 131567:4 0:19 131567:1 0:11 131567:1 0:13 131567:1 0:8 508771:1 0:155 131567:5 0:81 544580:5 0:2 544580:5 0:4 544580:2 0:3 544580:1 0:99 131567:5 0:1 131567:5 0:4 131567:1 0:38
C	3152	477697	990	0:316 131567:7 2:6 0:14 131567:5 0:15 2:3 0:22 2:1 0:127 3273430:5 0:60 227086:1 0:29 131567:5 0:3 2:5 0:16 477697:5 0:5 477697:1 0:305
C	3153	40324	928	0:191 477697:2 0:55 477697:3 0:13 131567:1 0:20 40324:5 0:20 131567:5 0:168 3273430:5 0:72 40324:5 0:13 131567:5 0:3 2:5 0:303
C	3154	569360	885	0:2 1760811:4 0:42 131567:1 0:475 147550:5 0:80 716546:3 0:4 131567:5 0:8 5125:5 0:2 5125:5 0:9 5144:2 0:182 569360:5 0:12
C	3155	544580	849	0:46 131567:4 0:16 131567:4 0:63 131567:5 0:8 131567:2 0:7 131567:4 0:14 131567:4 0:19 131567:8 0:7 131567:5 0:100 131567:4 0:19 131567:1 0:11 131567:1 0:13 131567:1 0:7 131567:2 0:10 131567:1 0:43 131567:1 0:46 131567:5 0:4 131567:5 0:2 131567:5 0:12 131567:5 0:1 131567:4 0:16 131567:5 0:6 131567:5 0:17 131567:8 0:1 131567:11 0:12 131567:3 0:33 544580:5 0:46 131567:1 0:70 131567:5 0:1 131567:5 0:4 131567:4 0:38
C	3156	2	769	0:147 2:5 0:3 131567:5 0:13 40324:5 0:72 3273430:5 0:150 2:3 0:15 131567:5 0:59 477697:3 0:55 477697:2 0:188
C	3157	544580	984	0:83 131567:2 0:48 131567:4 0:4 131567:5 0:1 131567:5 0:68 131567:1 0:13 131567:1 0:19 544580:1 0:3 544580:2 0:4 544580:5 0:2 544580:5 0:45 131567:11 0:1 131567:8 0:17 131567:5 0:6 131567:5 0:16 131567:4 0:1 131567:5 0:12 131567:5 0:2 131567:5 0:4 131567:5 0:46 131567:1 0:16 131567:2 0:26 131567:1 0:10 131567:2 0:7 131567:1 0:13 131567:1 0:11 131567:1 0:19 131567:4 0:66 131567:4 0:6 131567:4 0:19 131567:5 0:7 131567:5 0:40 131567:4 0:7 131567:2 0:8 131567:5 0:63 131567:4 0:16 131567:4 0:87
C	3158	544580	844	0:42 131567:4 0:16 131567:4 0:63 131567:5 0:8 131567:2 0:7 131567:4 0:37 131567:7 0:7 131567:5 0:19 131567:4 0:6 131567:4 0:62 131567:4 0:19 131567:1 0:11 131567:1 0:13 131567:1 0:7 131567:2 0:10 131567:1 0:26 131567:2 0:73 131567:5 0:2 131567:5 0:38 131567:5 0:6 131567:5 0:17 131567:8 0:1 131567:11 0:12 131567:3 0:33 544580:5 0:2 544580:5 0:4 544580:2 0:3 544580:1 0:19 131567:1 0:13 131567:1 0:70 131567:5 0:1 131567:5 0:4 131567:4 0:37
C	3159	544580	846	0:46 131567:4 0:16 131567:4 0:63 131567:5 0:8 131567:2 0:7 131567:4 0:14 131567:4 0:19 131567:8 0:7 131567:5 0:19 131567:4 0:6 131567:4 0:86 131567:1 0:11 131567:1 0:13 131567:1 0:7 131567:2 0:10 131567:1 0:106 131567:5 0:12 131567:5 0:1 131567:4 0:16 131567:5 0:6 131567:5 0:17 131567:8 0:58 544580:5 0:2 544580:5 0:4 544580:2 0:3 544580:1 0:19 131567:1 0:13 131567:1 0:69 131567:5 0:1 131567:5 0:4 131567:4 0:38
C	3160	4956	980	0:12 4956:5 0:5 131567:1 0:58 131567:1 0:48 131567:4 0:4 131567:5 0:1 131567:5 0:70 131567:1 0:13 131567:1 0:84 131567:7 0:39 131567:5 0:3 131567:5 0:35 131567:5 0:4 131567:5 0:126 131567:1 0:11 131567:1 0:19 131567:3 0:63 131567:4 0:6 131567:4 0:58 131567:4 0:14 131567:4 0:7 131567:2 0:8 131567:5 0:63 131567:4 0:16 131567:4 0:51 131567:5 0:16 131567:1 0:20
C	3161	181762	1067	0:8 181762:1 0:1 181762:5 0:233 131567:2 0:60 131567:4 0:115 5338:3 0:59 181124:1 0:61 4751:2 0:56 131567:1 0:10 131567:3 0:408
C	3162	569360	807	0:9 569360:5 0:184 5144:2 0:9 5125:5 0:2 5125:5 0:100 147550:5 0:447
C	3163	477697	574	0:243 477697:3 0:13 131567:1 0:18 131567:7 2:4 0:251
C	3164	40324	1315	0:142 9606:2 0:82 9606:3 0:2 9606:1 0:386 477697:3 0:13 131567:1 0:20 40324:5 0:40 2:3 0:247 131567:5 0:3 2:5 0:318
C	3165	181762	1163	0:41 490731:3 0:7 490731:5 0:447 131567:3 0:10 131567:1 0:56 4751:2 0:125 5338:3 0:58 131567:5 0:5 131567:9 0:8 131567:5 0:22 131567:4 0:26 131567:5 0:30 131567:2 0:232 181762:5 0:1 181762:1 0:8
C	3166	544580	982	0:25 131567:1 0:58 131567:2 0:48 131567:4 0:4 131567:5 0:1 131567:5 0:69 131567:1 0:13 131567:1 0:19 544580:1 0:3 544580:2 0:4 544580:5 0:2 544580:5 0:33 131567:3 0:12 131567:11 0:1 131567:8 0:17 131567:5 0:6 131567:5 0:16 131567:2 0:89 131567:1 0:16 131567:2 0:26 131567:1 0:44 131567:1 0:19 131567:4 0:63 131567:4 0:6 131567:4 0:19 131567:5 0:7 131567:8 0:19 131567:4 0:14 131567:4 0:7 131567:2 0:8 131567:5 0:63 131567:4 0:16 131567:4 0:51 131567:5 0:16 131567:1 0:9
C	3167	477697	998	0:2 477697:4 0:371 2:5 0:3 131567:5 0:90 3273430:5 0:125 2:1 0:22 2:3 0:15 131567:5 0:14 2:6 131567:7 0:18 131567:1 0:13 477697:3 0:55 477697:2 0:189
C	3168	544580	855	0:66 131567:4 0:63 131567:5 0:8 131567:2 0:7 131567:4 0:14 131567:4 0:19 131567:8 0:7 131567:5 0:19 131567:4 0:6 131567:4 0:63 131567:4 0:19 131567:1 0:11 131567:1 0:13 131567:1 0:7 131567:2 0:10 131567:1 0:92 131567:5 0:4 131567:5 0:2 131567:5 0:12 131567:5 0:1 131567:4 0:16 131567:5 0:6 131567:5 0:17 131567:8 0:1 131567:11 0:12 131567:3 0:33 544580:5 0:2 544580:5 0:4 544580:2 0:3 544580:1 0:19 131567:1 0:13 131567:1 0:69 131567:5 0:1 131567:5 0:4 131567:4 0:43
C	3169	544580	852	0:46 131567:4 0:82 131567:5 0:8 131567:2 0:7 131567:4 0:14 131567:4 0:19 131567:8 0:7 131567:5 0:19 131567:4 0:6 131567:4 0:63 131567:4 0:19 131567:1 0:11 131567:1 0:13 131567:1 0:7 131567:2 0:10 131567:1 0:26 131567:2 0:16 131567:1 0:46 131567:5 0:4 131567:5 0:2 131567:5 0:38 45151:5 0:6 131567:5 0:17 131567:8 0:1 131567:7 0:54 544580:5 0:2 544580:5 0:4 544580:2 0:3 544580:1 0:19 131567:1 0:13 131567:1 0:128
C	3170	716545	1000	0:381 716545:1 0:5 131567:5 0:16 131567:4 0:1 131567:5 0:12 131567:5 0:2 131567:5 0:4 131567:5 0:46 131567:1 0:16 131567:2 0:26 131567:1 0:10 131567:2 0:7 131567:1 0:13 131567:1 0:11 131567:1 0:19 131567:4 0:63 131567:4 0:6 131567:4 0:38 131567:1 0:19 131567:4 0:14 131567:4 0:7 131567:2 0:8 131567:5 0:137 131567:5 0:16 131567:1 0:16
C	3171	544580	842	0:47 131567:4 0:16 131567:4 0:104 131567:4 0:19 131567:8 0:7 131567:5 0:19 131567:4 0:6 131567:4 0:86 131567:1 0:43 131567:1 0:44 131567:1 0:46 131567:5 0:6 131567:2 0:47 131567:5 0:6 131567:5 0:17 131567:8 0:1 131567:11 0:48 544580:5 0:2 544580:5 0:4 544580:2 0:3 544580:1 0:19 131567:1 0:13 131567:1 0:67 131567:5 0:4 131567:4 0:38
C	3172	477697	998	0:2 477697:4 0:345 477697:1 0:5 477697:5 0:58 227086:1 0:60 3273430:5 0:169 131567:5 0:14 2:6 131567:7 0:18 131567:1 0:13 477697:3 0:242
C	3173	544580	848	0:48 131567:4 0:16 131567:4 0:64 131567:5 0:8 131567:2 0:7 131567:4 0:14 131567:4 0:38 2916678:5 0:12 131567:4 0:73 131567:4 0:19 131567:1 0:11 131567:1 0:13 131567:1 0:7 131567:2 0:10 131567:1 0:26 131567:2 0:16 131567:1 0:48 131567:2 0:4 131567:5 0:2 131567:5 0:12 131567:5 0:1 131567:4 0:16 131567:5 0:6 131567:5 0:17 131567:4 0:3 131567:1 0:59 544580:5 0:2 544580:5 0:4 544580:2 0:3 544580:1 0:19 131567:1 0:13 131567:1 0:70 131567:5 0:1 131567:5 0:4 131567:4 0:38
C	3174	544580	857	0:46 131567:4 0:16 131567:4 0:63 131567:5 0:8 131567:2 0:65 131567:4 0:19 131567:4 0:6 131567:4 0:63 131567:4 0:19 131567:1 0:11 131567:1 0:13 131567:1 0:7 131567:2 0:10 131567:1 0:26 131567:2 0:16 131567:1 0:46 131567:5 0:4 131567:5 0:2 131567:5 0:51 131567:5 0:17 131567:4 0:31 131567:1 0:23 226126:3 0:7 544580:5 0:2 544580:5 0:4 544580:2 0:3 544580:1 0:19 131567:1 0:13 131567:1 0:70 131567:5 0:1 131567:5 0:4 131567:4 0:41
C	3175	544580	1120	0:131 131567:4 0:4 131567:5 0:1 131567:5 0:70 131567:1 0:36 544580:2 0:4 544580:5 0:37 131567:5 0:12 131567:11 0:1 131567:8 0:53 131567:5 0:12 131567:5 0:2 131567:5 0:4 131567:5 0:46 131567:1 0:16 131567:2 0:26 131567:1 0:10 131567:2 0:7 131567:1 0:13 131567:1 0:11 131567:1 0:19 131567:4 0:96 131567:5 0:7 131567:8 0:19 131567:4 0:14 131567:4 0:7 131567:2 0:77 131567:4 0:163 470:2 0:5 470:1 0:74
C	3176	544580	851	0:45 131567:4 0:16 131567:4 0:63 131567:5 0:8 131567:2 0:7 131567:4 0:14 131567:4 0:19 131567:8 0:7 131567:5 0:19 131567:4 0:6 131567:4 0:63 131567:4 0:19 131567:5 0:30 131567:2 0:10 131567:1 0:91 131567:5 0:4 131567:5 0:2 131567:5 0:39 131567:5 0:6 131567:5 0:17 131567:8 0:1 131567:11 0:12 131567:3 0:33 544580:5 0:2 544580:5 0:43 131567:1 0:70 131567:5 0:1 131567:5 0:4 131567:4 0:38
C	3178	544580	978	0:80 131567:2 0:48 131567:4 0:4 131567:5 0:1 131567:5 0:70 131567:1 0:13 131567:1 0:19 544580:1 0:3 544580:2 0:4 544580:5 0:2 544580:5 0:49 131567:11 0:1 131567:8 0:17 131567:5 0:6 131567:5 0:16 131567:4 0:1 131567:5 0:12 131567:5 0:2 131567:5 0:4 131567:5 0:46 131567:1 0:16 131567:2 0:26 131567:1 0:10 131567:2 0:7 131567:1 0:13 131567:1 0:11 131567:1 0:19 131567:4 0:62 131567:4 0:6 131567:4 0:19 131567:5 0:7 131567:8 0:19 131567:4 0:14 131567:4 0:7 131567:2 0:8 131567:5 0:63 131567:4 0:16 131567:4 0:51 131567:5 0:16 131567:1 0:9
C	3179	40324	919	0:188 477697:2 0:55 477697:3 0:13 131567:1 0:20 40324:5 0:264 40324:5 0:13 131567:5 0:3 2:5 0:303
C	3180	544580	970	0:22 131567:1 0:58 131567:2 0:48 131567:4 0:4 131567:5 0:1 131567:5 0:70 131567:1 0:13 131567:1 0:19 544580:1 0:3 544580:2 0:4 544580:5 0:2 544580:5 0:33 131567:3 0:12 131567:11 0:1 131567:8 0:17 131567:5 0:6 131567:5 0:16 131567:4 0:1 131567:5 0:12 131567:5 0:2 131567:5 0:4 131567:5 0:45 131567:1 0:16 131567:2 0:26 131567:1 0:10 131567:2 0:7 131567:1 0:13 131567:1 0:11 131567:1 0:113 131567:5 0:31 131567:5 0:14 131567:4 0:7 131567:2 0:8 131567:5 0:63 131567:4 0:71 131567:5 0:16 131567:1 0:9
C	3182	131567	815	0:215 131567:4 0:321 131567:5 0:236
C	3183	544580	983	0:22 131567:1 0:59 131567:1 0:48 131567:4 0:4 131567:5 0:1 131567:5 0:70 131567:1 0:13 131567:1 0:19 544580:1 0:3 544580:2 0:4 544580:5 0:2 544580:5 0:45 131567:11 0:1 131567:8 0:17 131567:5 0:6 131567:5 0:16 131567:4 0:1 131567:5 0:12 131567:5 0:2 131567:5 0:4 131567:5 0:47 131567:1 0:16 131567:2 0:61 131567:1 0:11 131567:1 0:19 131567:4 0:100 131567:5 0:7 131567:8 0:19 131567:4 0:14 131567:4 0:7 131567:2 0:77 131567:4 0:16 131567:4 0:51 131567:5 0:16 131567:1 0:9
C	3184	569360	901	0:2 1760811:4 0:42 131567:1 147550:2 0:28 147550:1 0:220 716545:1 0:5 131567:5 0:16 131567:1 0:28 5144:5 131567:3 0:1 716546:5 0:166 147550:5 0:32 716546:1 0:51 716546:3 0:4 131567:5 0:8 5125:5 0:2 5125:5 0:9 5144:2 0:185 569360:5 0:9
C	3185	168172	1072	0:250 131567:2 0:30 131567:5 0:9 168172:7 0:10 131567:4 0:243 4751:2 0:56 131567:1 0:10 131567:3 0:406
C	3186	181762	872	0:106 181124:3 0:92 181762:4 0:53 131567:5 0:9 131567:2 0:12 131567:2 0:18 131567:4 0:22 131567:5 0:8 131567:9 0:5 131567:5 0:58 5338:3 0:172 131567:5 0:5 131567:1 0:10 131567:3 0:217
C	3187	544580	848	0:46 131567:4 0:16 131567:4 0:62 131567:5 0:8 131567:2 0:7 131567:4 0:14 131567:4 0:19 131567:8 0:7 131567:5 0:19 131567:4 0:6 131567:4 0:61 131567:4 0:19 131567:1 0:11 131567:1 0:13 131567:1 0:7 131567:2 0:10 131567:1 0:26 131567:2 0:16 131567:1 0:46 131567:5 0:4 131567:5 0:2 131567:5 0:12 131567:5 0:1 131567:4 0:16 131567:5 0:6 131567:5 0:17 131567:7 0:63 544580:5 0:2 544580:5 0:4 544580:2 0:3 544580:1 0:19 131567:1 0:13 131567:1 0:70 131567:5 0:1 131567:5 0:4 131567:4 0:37
C	3188	544580	974	0:12 4956:4 0:65 131567:1 0:48 131567:4 0:4 131567:5 0:1 131567:5 0:101 544580:1 0:3 544580:2 0:4 544580:5 0:2 544580:5 0:85 131567:5 0:6 131567:5 0:16 131567:4 0:1 131567:5 0:81 131567:1 0:43 131567:1 0:10 131567:2 0:7 131567:1 0:13 131567:1 0:11 131567:1 0:19 131567:4 0:95 131567:5 0:7 131567:8 0:19 131567:4 0:14 131567:4 0:7 131567:2 0:8 131567:5 0:81 131567:4 0:51 131567:5 0:16 131567:1 0:10
C	3189	544580	981	0:63 122368:4 0:12 131567:2 0:48 131567:4 0:4 131567:5 0:1 131567:5 0:88 131567:1 0:19 544580:1 0:3 544580:2 0:4 544580:5 0:2 544580:5 0:33 131567:3 0:12 131567:6 0:29 131567:5 0:6 131567:5 0:16 131567:4 0:1 131567:5 0:12 131567:5 0:2 131567:5 0:4 131567:5 0:46 131567:1 0:16 131567:2 0:59 131567:1 0:11 131567:1 0:19 131567:4 0:63 131567:4 0:6 131567:4 0:19 131567:5 0:7 131567:8 0:19 131567:4 0:103 131567:4 0:16 131567:4 0:51 131567:5 0:16 131567:1 0:12
C	3190	477697	950	0:188 477697:2 0:55 477697:3 0:13 131567:1 0:18 131567:7 2:6 0:58 2:1 0:127 3273430:5 0:60 227086:1 0:29 131567:5 0:3 2:5 0:16 477697:5 0:5 477697:1 0:302
C	3191	477697	1289	0:189 477697:2 0:55 477697:3 0:13 131567:1 0:20 40324:5 0:84 3273430:5 0:105 3273430:5 0:93 131567:5 0:3 2:5 0:322 1884633:1 0:36 477697:2 0:34 477697:5 0:262
C	3192	544580	845	0:46 131567:4 0:16 131567:4 0:63 131567:5 0:8 131567:2 0:7 131567:4 0:14 131567:4 0:32 131567:5 0:19 131567:4 0:6 131567:4 0:63 131567:4 0:19 131567:1 0:11 131567:1 0:13 131567:1 0:7 131567:2 0:10 131567:1 0:26 131567:2 0:16 131567:1 0:46 131567:5 0:4 131567:5 0:2 131567:5 0:12 131567:5 0:30 716545:1 0:10 716545:3 147537:4 0:72 544580:5 0:2 544580:5 0:4 544580:2 0:3 544580:1 0:19 131567:1 0:13 131567:1 0:69 131567:5 0:1 131567:5 0:4 131567:4 0:38
C	3193	477697	992	0:376 131567:5 0:262 131567:5 0:14 2:6 131567:6 0:32 477697:3 0:53 477697:2 0:194
C	3195	4751	1066	0:251 131567:4 0:30 131567:5 0:26 131567:4 0:34 131567:9 0:185 4751:2 0:56 131567:1 0:10 131567:3 0:412
C	3196	544580	837	0:46 131567:4 0:16 131567:4 0:73 131567:2 0:7 131567:4 0:52 131567:4 0:19 131567:4 0:6 131567:4 0:63 131567:4 0:19 131567:1 0:83 131567:1 0:46 131567:5 0:4 131567:5 0:2 131567:5 0:37 131567:5 0:6 131567:5 0:17 131567:8 0:1 131567:11 0:49 544580:5 0:2 544580:5 0:4 544580:2 0:3 544580:1 0:19 131567:1 0:13 131567:1 0:68 131567:5 0:1 131567:5 0:4 131567:4 0:38
C	3197	181762	1065	0:8 181762:1 0:1 181762:5 0:230 131567:2 0:30 131567:5 0:26 131567:4 0:22 131567:5 0:8 131567:9 0:5 131567:5 0:58 5338:3 0:58 181124:1 0:64 4751:2 0:56 131567:2 0:9 131567:3 0:409
C	3198	1224	992	0:2 477697:1 0:456 3273430:5 0:194 40324:5 0:93 477697:2 0:200
C	3199	181762	1163	0:69 490731:1 0:432 131567:3 0:10 131567:1 0:56 4751:2 0:62 181124:1 0:120 131567:5 0:5 131567:9 0:8 131567:5 0:22 131567:4 0:26 131567:5 0:30 131567:2 0:233 181762:5 0:1 181762:1 0:11
C	3200	544580	981	0:22 131567:1 0:59 131567:2 0:48 131567:4 0:4 131567:5 0:1 131567:5 0:68 131567:1 0:13 131567:1 0:19 544580:1 0:3 544580:2 0:4 544580:5 0:40 131567:3 0:12 131567:8 0:29 131567:5 0:49 131567:5 0:4 131567:5 0:46 131567:1 0:16 131567:2 0:26 131567:1 0:10 131567:2 0:7 131567:1 0:13 131567:1 0:11 131567:1 0:19 131567:4 0:63 131567:4 0:6 131567:4 0:19 131567:5 0:7 131567:8 0:19 131567:4 0:14 131567:4 0:7 131567:2 0:8 131567:5 0:63 131567:4 0:16 131567:4 0:92
C	3201	544580	823	0:61 131567:4 0:83 131567:4 0:51 131567:4 0:19 131567:4 0:6 131567:4 0:108 131567:2 0:10 131567:1 0:103 131567:5 0:2 131567:5 0:12 131567:5 0:1 131567:4 0:16 131567:5 0:6 131567:5 0:17 131567:4 0:3 131567:1 0:56 544580:5 0:2 544580:5 0:4 544580:2 0:3 544580:1 0:19 131567:1 0:13 131567:1 0:65 131567:5 0:1 131567:5 0:4 131567:4 0:38
C	3202	544580	848	0:46 131567:4 0:16 131567:4 0:63 131567:5 0:8 131567:2 0:7 131567:4 0:14 131567:4 0:19 131567:8 0:7 131567:5 0:19 131567:4 0:6 131567:4 0:85 131567:1 0:11 131567:1 0:13 131567:1 0:7 131567:2 0:10 131567:1 0:26 131567:2 0:16 131567:1 0:44 131567:5 0:4 131567:5 0:2 131567:5 0:39 131567:5 0:6 131567:5 0:17 131567:8 0:1 131567:11 0:12 131567:3 0:33 544580:5 0:2 544580:5 0:4 544580:2 0:3 544580:1 0:19 131567:1 0:13 131567:1 0:70 131567:5 0:1 131567:5 0:4 131567:4 0:38
C	3203	544580	848	0:46 131567:4 0:16 131567:4 0:63 131567:5 0:8 131567:2 0:7 131567:4 0:14 131567:4 0:37 131567:4 0:19 131567:4 0:6 131567:4 0:63 131567:4 0:65 131567:1 0:90 131567:5 0:4 131567:5 0:2 131567:5 0:12 131567:5 0:1 131567:4 0:16 131567:5 0:6 131567:5 0:17 131567:3 0:62 544580:5 0:2 544580:5 0:4 544580:2 0:3 544580:1 0:19 131567:1 0:13 131567:1 0:70 131567:5 0:1 131567:5 0:4 131567:4 0:38
C	3204	131567	846	0:46 131567:4 0:16 131567:4 0:241 131567:3 0:19 131567:1 0:165 131567:5 0:1 131567:4 0:16 131567:5 0:6 131567:5 0:53 131567:1 0:77 131567:1 0:13 131567:1 0:70 131567:5 0:1 131567:5 0:4 131567:4 0:36
C	3205	181762	1065	0:8 181762:1 0:1 181762:5 0:232 131567:2 0:30 131567:5 0:26 131567:4 0:49 131567:5 0:119 181124:1 0:62 4751:2 0:56 131567:1 0:10 131567:3 0:409
C	3206	477697	952	0:245 477697:3 0:13 131567:1 0:18 131567:7 2:6 0:61 2:1 0:126 3273430:5 0:60 227086:1 0:29 131567:5 0:3 2:5 0:16 477697:5 0:5 477697:1 0:302
C	3208	544580	1057	0:6 543:5 0:89 131567:1 0:108 131567:4 0:4 131567:5 0:1 131567:5 0:69 131567:1 0:13 131567:1 0:19 544580:1 0:3 544580:2 0:4 544580:5 0:2 544580:5 0:33 131567:3 0:12 131567:11 0:1 131567:8 0:17 131567:5 0:6 131567:5 0:16 131567:4 0:1 131567:5 0:12 131567:5 0:2 131567:5 0:4 131567:5 0:87 131567:1 0:10 131567:2 0:7 131567:1 0:13 131567:1 0:11 131567:1 0:19 131567:4 0:63 131567:4 0:6 131567:4 0:19 131567:5 0:7 131567:8 0:19 131567:4 0:14 131567:4 0:7 131567:2 0:8 131567:5 0:63 131567:4 0:107
C	3209	544580	1003	0:100 131567:2 0:47 131567:4 0:4 131567:5 0:1 131567:5 0:102 544580:1 0:3 544580:2 0:4 544580:5 0:71 131567:7 0:17 131567:5 0:6 131567:5 0:16 131567:4 0:1 131567:5 0:12 131567:5 0:2 131567:5 0:4 131567:5 0:88 131567:1 0:10 131567:2 0:7 131567:1 0:148 131567:5 0:7 131567:8 0:19 131567:4 0:14 131567:4 0:7 131567:2 0:8 131567:5 0:63 131567:4 0:16 131567:4 0:51 131567:5 0:31
C	3210	477697	951	0:189 477697:2 0:55 477697:3 0:13 131567:1 0:18 131567:7 2:6 0:14 131567:5 0:15 2:3 0:22 2:1 0:127 3273430:5 0:60 227086:1 0:29 131567:5 0:3 2:5 0:16 477697:5 0:5 477697:1 0:301
C	3211	181124	1054	0:274 131567:5 0:26 131567:4 0:22 131567:5 0:8 131567:5 0:10 181124:5 0:59 5338:3 0:116 4751:2 0:56 131567:1 0:10 131567:3 0:406
C	3212	544580	891	0:22 131567:1 0:59 131567:1 0:48 131567:4 0:4 131567:5 0:1 131567:5 0:68 131567:1 0:13 131567:1 0:19 544580:1 0:3 544580:2 0:4 544580:5 0:2 544580:5 0:79 131567:5 0:6 131567:5 0:16 131567:4 0:1 131567:5 0:12 131567:5 0:2 131567:5 0:4 131567:5 0:46 131567:1 0:16 131567:2 0:26 131567:1 0:10 131567:2 0:7 131567:1 0:13 131567:1 0:11 131567:1 0:19 131567:4 0:63 131567:4 0:6 131567:4 0:19 131567:5 0:32 131567:5 0:14 131567:1 0:85 131567:4 0:26
C	3213	5144	840	0:197 5144:2 0:9 5125:5 0:280 716546:5 0:1 131567:3 5144:5 0:36 1042133:1 0:7 131567:5 0:5 716545:1 0:240 147550:2 131567:1 0:1
C	3214	3273430	1275	0:185 477697:2 0:56 477697:3 0:13 131567:1 0:20 40324:5 0:82 3273430:5 0:104 3273430:5 0:93 131567:5 0:3 2:5 0:315 1884633:1 0:338
C	3215	1224	907	0:247 131567:1 0:20 40324:5 0:197 3273430:5 0:398
C	3216	131567	854	0:66 131567:4 0:63 131567:5 0:8 131567:2 0:7 131567:4 0:14 131567:4 0:19 131567:8 0:7 131567:5 0:19 131567:4 0:6 131567:4 0:63 131567:4 0:94 131567:2 0:16 131567:1 0:46 131567:5 0:33 131567:5 0:16 131567:5 0:6 131567:5 0:17 131567:8 0:1 131567:11 0:12 131567:3 0:161 131567:5 0:1 131567:5 0:4 131567:4 0:38
C	3217	168172	974	0:79 131567:2 0:48 131567:4 0:4 131567:5 0:1 131567:5 0:172 131567:11 0:1 131567:5 0:3 168172:5 0:52 131567:5 0:12 131567:5 0:168 131567:4 0:73 131567:4 0:19 131567:5 0:7 131567:8 0:19 131567:4 0:14 131567:4 0:7 131567:2 0:8 131567:5 0:63 131567:4 0:16 131567:4 0:83
C	3218	477697	1292	0:261 477697:5 0:72 1884633:1 0:322 2:5 0:3 131567:5 0:290 40324:5 0:20 131567:1 0:13 477697:3 0:54 477697:2 0:196
C	3219	5302	1164	0:41 490731:3 0:7 490731:5 0:13 490731:1 0:434 131567:3 0:10 131567:1 0:56 4751:2 0:62 181124:1 0:59 5338:3 0:58 131567:5 0:5 131567:9 0:8 131567:5 0:22 131567:4 0:26 131567:5 0:30 131567:2 0:229 181762:5 0:1 181762:1 0:14
C	3220	490731	1161	0:41 490731:3 0:7 490731:5 0:13 490731:1 0:432 131567:3 0:67 4751:2 0:62 181124:1 0:59 5338:3 0:58 131567:5 0:5 131567:9 0:8 131567:5 0:22 131567:4 0:26 131567:5 0:30 131567:2 0:237 181762:1 0:11
C	3221	477697	995	0:2 477697:4 0:343 477697:1 0:5 477697:5 0:16 2:5 0:3 131567:5 0:87 3273430:5 0:129 2:1 0:60 2:6 131567:7 0:18 131567:1 0:13 477697:3 0:242
C	3222	477697	950	0:244 477697:3 0:13 131567:1 0:18 131567:7 2:6 0:14 131567:5 0:234 227086:1 0:57 477697:5 0:5 477697:1 0:302
C	3223	3273430	941	0:53 2781735:1 0:132 477697:3 0:57 477697:3 0:13 131567:1 0:20 40324:5 0:40 2:3 0:41 3273430:5 0:104 3273430:5 0:93 131567:5 0:3 2:5 0:315
C	3224	131567	973	0:22 131567:1 0:58 131567:2 0:48 131567:4 0:4 131567:5 0:1 131567:5 0:70 131567:1 0:13 131567:1 0:19 544580:1 0:3 544580:4 0:59 131567:11 0:1 131567:8 0:17 131567:5 0:6 2093779:5 0:38 131567:5 0:2 131567:5 0:4 131567:5 0:90 131567:1 0:10 131567:2 0:7 131567:1 0:13 131567:1 0:11 131567:1 0:19 131567:4 0:132 131567:4 0:14 131567:4 0:7 131567:2 0:8 131567:5 0:63 131567:4 0:16 131567:4 0:73 131567:1 0:9
C	3225	5125	1206	0:262 477697:5 0:34 477697:2 0:304 716545:1 0:5 131567:5 0:16 131567:1 0:28 5144:5 131567:3 0:1 716546:5 0:165 147550:5 0:32 716546:1 0:51 716546:3 0:4 131567:5 0:8 5125:5 0:2 5125:5 0:9 5144:2 0:198
C	3226	544580	998	0:22 131567:1 0:58 131567:2 0:48 131567:4 0:4 131567:5 0:1 131567:5 0:69 131567:1 0:13 131567:1 0:19 544580:1 0:3 544580:2 0:4 544580:5 0:2 544580:5 0:33 131567:3 0:12 131567:11 0:1 131567:8 0:17 131567:5 0:6 131567:5 0:16 131567:4 0:1 131567:5 0:12 131567:5 0:2 131567:5 0:4 131567:5 0:46 131567:1 0:16 131567:2 0:26 131567:1 0:10 131567:2 0:7 131567:1 0:44 131567:4 0:95 131567:5 0:7 131567:8 0:19 131567:4 0:14 131567:4 0:7 131567:2 0:8 131567:5 0:63 131567:4 0:16 131567:4 0:51 131567:5 0:16 131567:1 0:19 131567:1 0:11
C	3227	544580	857	0:141 4893:3 0:5 131567:3 0:14 131567:4 0:125 131567:4 0:106 131567:1 0:133 131567:8 0:1 131567:11 0:48 544580:5 0:2 544580:5 0:4 544580:2 0:3 544580:1 0:194
C	3228	5125	850	0:127 286:5 0:63 5144:2 0:9 5125:5 0:2 5125:5 0:8 131567:5 0:4 716546:3 0:85 147550:5 0:167 716546:5 0:1 131567:3 5144:5 0:28 131567:1 0:16 131567:5 0:5 716545:1 0:247 147550:2 131567:1 0:1
C	3229	40324	971	0:188 477697:5 0:92 40324:5 0:39 2:3 0:227 40324:5 0:13 131567:5 0:3 2:5 0:347
C	3230	181762	1058	0:9 181762:2 0:234 131567:2 0:30 131567:5 0:138 5338:3 0:179 131567:1 0:10 131567:3 0:408
C	3231	544580	850	0:46 131567:4 0:16 131567:4 0:63 131567:5 0:8 131567:2 0:7 131567:4 0:14 131567:4 0:19 131567:8 0:7 131567:5 0:19 131567:4 0:6 131567:4 0:63 131567:4 0:19 131567:1 0:11 131567:1 0:13 131567:1 0:7 131567:2 0:10 131567:1 0:43 131567:1 0:46 131567:5 0:4 131567:5 0:2 131567:5 0:12 131567:5 0:1 131567:4 0:16 131567:5 0:6 131567:5 0:17 131567:8 0:1 131567:11 0:12 131567:3 0:33 544580:5 0:2 544580:5 0:4 544580:2 0:3 544580:1 0:19 131567:1 0:85 131567:5 0:1 131567:5 0:4 131567:4 0:38
C	3232	544580	965	0:22 131567:1 0:108 131567:4 0:4 131567:5 0:1 131567:5 0:67 131567:1 0:13 131567:1 0:19 544580:1 0:3 544580:2 0:4 544580:5 0:2 544580:5 0:33 131567:3 0:16 131567:7 0:1 131567:8 0:17 131567:5 0:216 131567:4 0:154 131567:4 0:7 131567:2 0:8 131567:5 0:59 131567:4 0:105
C	3233	131567	849	0:46 131567:4 0:16 131567:4 0:63 131567:5 0:8 131567:2 0:7 131567:4 0:34 131567:7 0:7 131567:5 0:19 131567:4 0:6 131567:4 0:88 131567:1 0:11 131567:1 0:13 131567:1 0:7 131567:2 0:10 131567:1 0:26 131567:2 0:16 131567:1 0:54 131567:5 0:2 131567:5 0:12 131567:5 0:1 131567:4 0:16 131567:5 0:6 131567:5 0:17 131567:8 0:1 131567:11 0:12 131567:3 0:76 131567:1 0:13 131567:1 0:70 131567:5 0:1 131567:5 0:4 131567:4 0:38
C	3234	544580	848	0:46 131567:4 0:16 131567:4 0:63 131567:5 0:58 131567:8 0:7 131567:5 0:19 131567:4 0:6 131567:4 0:63 131567:4 0:19 131567:1 0:11 131567:1 0:13 131567:1 0:7 131567:2 0:10 131567:1 0:26 131567:2 0:63 131567:5 0:4 131567:5 0:2 131567:5 0:12 131567:5 0:1 131567:4 0:16 131567:5 0:6 131567:5 0:17 131567:8 0:1 131567:11 0:12 131567:3 0:33 544580:5 0:2 544580:5 0:4 544580:2 0:3 544580:1 0:19 131567:1 0:82 131567:5 0:1 131567:5 0:4 131567:4 0:38
C	3235	544580	846	0:146 131567:2 0:7 131567:4 0:14 131567:4 0:19 131567:8 0:7 131567:5 0:119 131567:1 0:73 131567:2 0:63 131567:2 0:4 131567:5 0:2 131567:5 0:12 131567:5 0:1 131567:4 0:51 131567:6 0:1 131567:11 0:48 544580:5 0:2 544580:5 0:4 544580:2 0:3 544580:1 0:19 131567:1 0:13 131567:1 0:69 131567:5 0:1 131567:5 0:4 131567:4 0:37
C	3236	544580	847	0:46 131567:4 0:16 131567:4 0:85 131567:4 0:14 131567:4 0:36 131567:4 0:19 131567:4 0:6 131567:4 0:91 131567:4 0:13 131567:1 0:7 131567:2 0:10 131567:1 0:26 131567:2 0:16 131567:1 0:50 131567:2 0:4 131567:5 0:2 131567:5 0:12 131567:5 0:1 131567:4 0:16 131567:5 0:6 131567:5 0:17 131567:8 0:1 131567:11 0:12 131567:3 0:33 544580:5 0:2 544580:5 0:4 544580:2 0:3 544580:1 0:19 131567:1 0:13 131567:1 0:69 131567:5 0:1 131567:5 0:4 131567:4 0:38
C	3237	5302	1158	0:41 490731:3 0:7 490731:5 0:13 490731:1 0:435 131567:3 0:10 131567:1 0:58 4751:2 0:62 181124:1 0:59 5338:3 0:58 131567:5 0:5 131567:9 0:8 131567:5 0:47 131567:5 0:30 131567:2 0:231 181762:5 0:1 181762:1 0:8
C	3238	544580	983	0:22 131567:1 0:57 131567:2 0:63 131567:5 0:70 131567:1 0:13 131567:1 0:19 544580:1 0:3 544580:2 0:4 544580:5 0:2 544580:5 0:33 131567:3 0:12 131567:11 0:1 131567:8 0:17 131567:5 0:6 131567:5 0:16 131567:4 0:1 131567:5 0:79 131567:1 0:16 131567:2 0:26 131567:1 0:10 131567:2 0:7 131567:1 0:13 131567:1 0:11 131567:1 0:19 131567:4 0:9 131567:5 0:5 498019:5 0:40 131567:4 0:6 131567:4 0:19 131567:5 0:7 131567:8 0:19 131567:4 0:14 131567:4 0:7 131567:2 0:8 131567:5 0:62 131567:4 0:16 131567:4 0:51 131567:5 0:16 131567:1 0:13
C	3241	544580	989	0:22 131567:1 0:58 131567:2 0:48 131567:4 0:4 131567:5 0:1 131567:5 0:66 131567:1 0:13 131567:1 0:19 544580:1 0:3 544580:2 0:4 544580:5 0:2 544580:5 0:33 131567:3 0:12 131567:11 0:1 131567:8 0:17 131567:5 0:6 131567:5 0:16 131567:4 0:1 131567:5 0:12 131567:5 0:2 131567:5 0:4 131567:5 0:46 131567:1 0:16 131567:2 0:70 131567:1 0:19 131567:4 0:98 131567:5 0:7 131567:8 0:19 131567:4 0:14 131567:4 0:7 131567:2 0:8 131567:5 0:82 131567:4 0:97
C	3243	226230	979	0:22 131567:1 0:107 131567:4 0:4 131567:5 0:1 131567:5 0:70 131567:1 0:13 131567:1 0:73 131567:3 0:49 131567:5 0:6 131567:5 0:188 226230:4 0:21 131567:4 0:98 131567:5 0:7 131567:8 0:46 131567:2 0:8 131567:5 0:63 131567:4 0:16 131567:4 0:87
C	3244	2	950	0:195 477697:2 0:55 477697:3 0:13 131567:1 0:20 40324:5 0:291 131567:5 0:3 2:5 0:318
C	3245	544580	850	0:45 131567:4 0:16 131567:4 0:63 131567:5 0:8 131567:2 0:48 131567:8 0:7 131567:5 0:19 131567:4 0:6 131567:4 0:63 131567:4 0:49 131567:2 0:38 131567:2 0:16 131567:1 0:46 131567:5 0:4 131567:5 0:2 131567:5 0:12 131567:5 0:1 131567:4 0:127 544580:5 0:4 544580:2 0:3 544580:1 0:19 131567:1 0:13 131567:1 0:128
C	3246	544580	847	0:70 131567:4 0:105 131567:4 0:38 2916678:5 0:12 131567:4 0:6 131567:4 0:63 131567:4 0:19 131567:1 0:11 131567:1 0:13 131567:1 0:167 131567:5 0:6 131567:5 0:17 131567:4 0:3 131567:1 0:58 544580:5 0:2 544580:5 0:4 544580:2 0:3 544580:1 0:19 131567:1 0:13 131567:1 0:75 131567:5 0:4 131567:4 0:38
C	3247	36050	823	0:164 5144:2 0:9 5125:5 0:2 5125:5 0:8 131567:5 0:4 716546:3 0:51 716546:1 0:28 36050:5 0:10 147550:1 0:161 716546:5 0:1 131567:3 5144:5 0:28 131567:1 0:16 131567:5 0:5 716545:1 0:251 147550:2 131567:1 0:1
C	3248	544580	840	0:46 131567:4 0:16 131567:4 0:63 131567:5 0:8 131567:2 0:24 131567:4 0:32 131567:5 0:19 131567:4 0:6 131567:4 0:91 131567:4 0:13 131567:1 0:7 131567:2 0:10 131567:1 0:26 131567:2 0:61 131567:5 0:4 131567:5 0:2 131567:5 0:48 131567:5 0:17 131567:8 0:1 131567:6 0:17 131567:3 0:33 544580:5 0:2 544580:5 0:4 544580:2 0:3 544580:1 0:19 131567:1 0:13 131567:1 0:70 131567:5 0:1 131567:5 0:4 131567:4 0:38
C	3249	544580	968	0:22 131567:1 0:57 131567:2 0:48 131567:4 0:4 131567:5 0:109 544580:4 0:130 131567:4 0:1 131567:5 0:12 131567:5 0:2 131567:5 0:4 131567:5 0:92 131567:1 0:10 131567:2 0:7 131567:1 0:13 131567:1 0:11 131567:1 0:19 131567:4 0:63 131567:4 0:6 131567:4 0:19 131567:5 0:7 131567:8 0:19 131567:4 0:14 131567:4 0:7 131567:2 0:8 131567:5 0:164
C	3250	40324	922	0:187 477697:2 0:56 477697:3 0:13 131567:1 0:20 40324:5 0:38 2:3 0:150 3273430:5 0:72 40324:5 0:13 131567:5 0:3 2:5 0:302
C	3251	477697	947	0:182 477697:2 0:93 131567:5 2:6 0:14 131567:5 0:15 2:3 0:22 2:1 0:191 227086:1 0:29 131567:5 0:3 2:5 0:16 477697:5 0:5 477697:1 0:304
C	3252	544580	848	0:46 131567:4 0:16 131567:4 0:83 131567:4 0:14 131567:4 0:32 131567:5 0:19 131567:4 0:6 131567:4 0:63 131567:4 0:19 131567:1 0:11 131567:1 0:13 131567:1 0:7 131567:2 0:10 131567:1 0:26 131567:2 0:16 131567:1 0:46 131567:5 0:4 131567:5 0:2 131567:5 0:12 131567:5 0:1 131567:4 0:16 131567:5 0:6 131567:5 0:17 131567:7 0:60 544580:5 0:2 544580:5 0:4 544580:2 0:3 544580:1 0:19 131567:1 0:13 131567:1 0:70 131567:5 0:55
C	3253	544580	856	0:46 131567:4 0:16 131567:4 0:64 131567:5 0:8 131567:2 0:7 131567:4 0:14 131567:4 0:19 131567:8 0:7 131567:5 0:19 131567:4 0:6 131567:4 0:63 131567:4 0:19 131567:1 0:44 131567:1 0:26 131567:2 0:65 131567:5 0:4 131567:5 0:2 131567:5 0:12 131567:5 0:1 131567:4 0:16 131567:5 0:6 131567:5 0:17 131567:2 0:68 544580:5 0:2 544580:5 0:4 544580:2 0:3 544580:1 0:19 131567:1 0:85 131567:5 0:1 131567:5 0:4 131567:4 0:39
C	3254	477697	976	0:2 477697:4 0:351 131567:5 0:88 3273430:5 0:150 2:1 0:46 40324:5 0:20 131567:1 0:13 477697:3 0:55 477697:2 0:191
C	3255	40324	918	0:237 477697:6 0:13 131567:1 0:20 40324:5 0:20 131567:2 0:245 40324:5 0:13 131567:5 0:3 2:5 0:304
C	3256	40324	919	0:188 477697:2 0:55 477697:3 0:13 131567:1 0:20 40324:5 0:20 131567:5 0:15 2:3 0:224 40324:5 0:13 131567:5 0:3 2:5 0:300
C	3257	477697	1005	0:2 477697:4 0:345 477697:1 0:5 477697:5 0:16 2:5 0:3 131567:5 0:29 227086:1 0:60 3273430:5 0:127 2:1 0:22 2:3 0:39 131567:7 0:18 131567:1 0:13 477697:3 0:55 477697:2 0:194
C	3259	544580	975	0:22 131567:1 0:107 131567:4 0:4 131567:5 0:1 131567:5 0:70 131567:1 0:13 131567:1 0:19 544580:1 0:3 544580:2 0:4 544580:5 0:2 544580:5 0:33 131567:3 0:12 131567:6 0:29 131567:5 0:6 131567:5 0:16 131567:4 0:1 131567:5 0:80 131567:1 0:16 131567:2 0:26 131567:1 0:10 131567:2 0:7 131567:1 0:13 131567:1 0:31 131567:4 0:63 131567:4 0:6 131567:4 0:19 131567:5 0:7 131567:8 0:19 131567:4 0:14 131567:4 0:7 131567:2 0:8 131567:5 0:63 131567:4 0:16 131567:4 0:80
C	3260	477697	955	0:281 131567:7 2:6 0:14 131567:5 0:234 227086:1 0:29 131567:5 0:3 2:5 0:16 477697:5 0:5 477697:1 0:304
C	3261	332648	933	0:158 716545:1 0:22 131567:2 0:13 131567:5 0:4 716546:3 0:34 716546:2 0:9 716546:1 0:43 131567:6 0:267 131567:6 0:43 716546:1 0:9 716546:2 0:34 716546:3 0:4 131567:5 0:41 332648:2 0:179
C	3262	5144	899	0:2 1760811:4 0:42 131567:1 147550:2 0:28 147550:1 0:223 716545:1 0:5 131567:5 0:16 131567:1 0:28 5144:5 131567:3 0:1 716546:5 0:167 147550:5 0:32 716546:1 0:51 716546:3 0:4 131567:5 0:224
C	3263	569360	849	0:9 569360:5 0:181 5144:2 0:9 5125:5 0:2 5125:5 0:8 131567:5 0:4 716546:3 0:251 716546:5 0:1 131567:3 5144:5 0:28 131567:1 0:16 131567:5 0:5 716545:1 0:256
C	3264	544580	853	0:46 131567:4 0:16 131567:4 0:63 131567:5 0:8 131567:2 0:49 131567:8 0:7 131567:5 0:19 131567:4 0:6 131567:4 0:63 131567:4 0:19 131567:1 0:11 131567:1 0:13 131567:1 0:7 131567:2 0:10 131567:1 0:26 131567:2 0:16 131567:1 0:46 131567:5 0:4 131567:5 0:2 131567:5 0:48 131567:5 0:17 131567:8 0:62 544580:5 0:2 544580:5 0:4 544580:2 0:3 544580:1 0:19 131567:1 0:13 131567:1 0:85 131567:3 0:40
C	3266	131567	843	0:46 131567:4 0:120 131567:4 0:19 131567:8 0:7 131567:5 0:19 131567:4 0:6 131567:4 0:62 131567:4 0:185 131567:5 0:1 131567:4 0:16 131567:5 0:6 131567:5 0:17 131567:3 0:29 131567:5 0:75 131567:1 0:13 131567:1 0:70 131567:5 0:1 131567:5 0:4 131567:4 0:37
C	3267	477697	519	0:265 477697:5 0:34 477697:1 0:180
C	3269	3273430	935	0:246 477697:3 0:13 131567:1 0:20 40324:5 0:83 3273430:5 0:103 3273430:1 0:96 131567:5 0:3 2:5 0:312
C	3270	1224	920	0:244 477697:3 0:55 131567:5 0:15 2:3 0:150 3273430:5 0:72 40324:5 0:13 131567:5 0:3 2:5 0:303
C	3271	544580	970	0:22 131567:1 0:58 131567:2 0:55 131567:5 0:1 131567:5 0:65 131567:1 0:13 131567:1 0:19 544580:1 0:3 544580:2 0:4 544580:5 0:37 131567:5 0:12 131567:7 0:40 131567:5 0:16 131567:4 0:1 131567:5 0:12 131567:5 0:2 131567:5 0:4 131567:5 0:225 131567:4 0:6 131567:4 0:58 131567:4 0:14 131567:4 0:7 131567:2 0:8 131567:5 0:136 131567:5 0:16 131567:1 0:9
C	3272	544580	846	0:46 131567:4 0:16 131567:4 0:63 131567:5 0:8 131567:2 0:7 131567:4 0:14 131567:4 0:57 131567:4 0:6 131567:4 0:63 131567:4 0:19 131567:1 0:11 131567:1 0:13 131567:1 0:7 131567:2 0:10 131567:1 0:105 131567:5 0:12 131567:5 0:1 131567:4 0:16 131567:5 0:6 131567:5 0:17 131567:8 0:1 131567:11 0:12 131567:3 0:33 544580:5 0:2 544580:5 0:4 544580:2 0:3 544580:1 0:19 131567:1 0:13 131567:1 0:69 131567:5 0:1 131567:5 0:4 131567:4 0:38
C	3274	544580	850	0:45 131567:5 0:16 131567:4 0:63 131567:5 0:35 131567:4 0:19 131567:8 0:7 131567:5 0:19 131567:4 0:6 131567:4 0:97 131567:1 0:13 131567:1 0:7 131567:2 0:10 131567:1 0:26 131567:2 0:16 131567:1 0:46 131567:5 0:4 131567:5 0:2 131567:5 0:12 131567:5 0:1 131567:4 0:16 131567:5 0:6 131567:5 0:17 131567:8 0:1 131567:7 0:53 544580:5 0:2 544580:5 0:4 544580:2 0:3 544580:1 0:19 131567:1 0:13 131567:1 0:70 131567:5 0:1 131567:5 0:4 131567:4 0:38
C	3275	544580	578	0:22 131567:1 0:108 131567:4 0:4 131567:5 0:1 131567:5 0:71 131567:1 0:13 131567:1 0:19 544580:1 0:3 544580:2 0:4 544580:5 0:2 544580:4 0:48 131567:11 0:1 131567:8 0:17 131567:5 0:6 131567:5 0:16 131567:4 0:1 131567:5 0:12 131567:5 0:2 131567:5 0:4 131567:5 0:46 131567:1 0:16 131567:2 0:43
C	3276	42260	972	0:22 131567:1 0:54 42260:5 0:126 131567:1 0:13 131567:1 0:87 131567:11 0:1 131567:8 0:80 131567:5 0:4 131567:5 0:46 131567:1 0:16 131567:2 0:73 131567:1 0:19 131567:4 0:127 131567:4 0:14 131567:4 0:7 131567:2 0:8 131567:5 0:84 131567:3 0:51 131567:5 0:16 131567:1 0:19 131567:1 0:1
C	3277	5302	1156	0:41 490731:3 0:7 490731:5 0:13 490731:1 0:430 131567:3 0:10 131567:1 0:36 181124:5 0:14 4751:2 0:122 5338:3 0:112 131567:4 0:26 131567:5 0:30 131567:2 0:232 181762:5 0:1 181762:1 0:8
C	3278	181762	704	0:9 181762:1 0:1 181762:5 0:232 131567:2 0:63 131567:4 0:40 131567:4 0:26 131567:5 0:30 131567:2 0:231 181762:5 0:1 181762:1 0:8
C	3279	477697	944	0:181 477697:2 0:54 477697:3 0:13 131567:1 0:18 131567:7 2:6 0:14 131567:5 0:15 2:3 0:22 2:1 0:127 3273430:5 0:60 227086:1 0:29 131567:5 0:3 2:5 0:16 477697:5 0:5 477697:1 0:303
C	3280	40324	968	0:2 477697:4 0:344 2:5 0:3 131567:5 0:13 40324:5 0:71 3273430:5 0:166 131567:5 0:20 40324:5 0:20 131567:1 0:13 477697:3 0:55 477697:2 0:187
C	3281	28985	834	0:122 4893:1 0:5 131567:3 0:14 131567:4 0:32 131567:5 0:19 131567:4 0:53 498019:5 0:5 131567:5 0:22 4910:4 0:41 131567:2 0:10 131567:1 0:107 131567:5 0:128 4910:5 0:126 28985:5 0:2 28985:5 0:43 4910:4 0:13
C	3282	544580	839	0:46 131567:4 0:16 131567:4 0:61 131567:5 0:8 131567:2 0:7 131567:4 0:14 131567:4 0:48 4895:1 0:7 131567:4 0:6 131567:4 0:63 131567:4 0:45 131567:5 0:3 131567:2 0:10 131567:1 0:45 131567:1 0:60 131567:5 0:39 131567:5 0:6 131567:5 0:17 131567:8 0:1 131567:3 0:3 131567:5 0:12 131567:3 0:33 544580:5 0:2 544580:5 0:9 544580:1 0:19 131567:1 0:13 131567:1 0:70 131567:5 0:45
C	3283	181762	1149	0:492 131567:3 0:10 131567:1 0:119 181124:1 0:59 5338:3 0:58 131567:5 0:5 131567:9 0:8 131567:5 0:49 131567:5 0:30 131567:2 0:231 181762:5 0:1 181762:1 0:13
C	3284	181762	1076	0:8 181762:1 0:1 181762:5 0:233 131567:2 0:30 131567:5 0:26 131567:4 0:22 131567:5 0:8 131567:9 0:5 131567:5 0:59 5338:3 0:59 181124:1 0:71 4751:2 0:56 131567:1 0:10 131567:3 0:408
C	3285	490731	1160	0:41 490731:3 0:7 490731:5 0:13 490731:1 0:430 131567:3 0:10 131567:1 0:121 181124:1 0:176 131567:4 0:26 131567:5 0:30 131567:2 0:247
C	3286	490731	1160	0:41 490731:3 0:7 490731:5 0:444 131567:3 0:10 131567:1 0:179 48095:5 0:110 131567:4 0:26 131567:5 0:30 131567:2 0:231 181762:5 0:1 181762:1 0:13
C	3287	544580	974	0:79 131567:2 0:46 131567:4 0:4 131567:5 0:1 131567:5 0:98 544580:1 0:3 544580:2 0:4 544580:5 0:2 544580:5 0:33 131567:3 0:12 131567:11 0:1 131567:8 0:49 131567:4 0:1 131567:5 0:12 131567:5 0:2 131567:5 0:4 131567:5 0:46 131567:1 0:16 131567:2 0:26 131567:1 0:10 131567:2 0:7 131567:1 0:13 131567:1 0:11 131567:1 0:19 131567:4 0:63 131567:4 0:6 131567:4 0:19 131567:5 0:7 131567:8 0:19 131567:4 0:14 131567:4 0:7 131567:2 0:8 131567:5 0:63 131567:4 0:107
C	3288	569360	1122	0:4 9606:1 0:187 131567:5 0:5 131567:1 0:12 1760811:4 0:42 131567:1 147550:2 0:252 716545:1 0:5 131567:5 0:16 131567:1 0:28 5144:5 131567:3 0:1 716546:5 0:167 147550:5 0:32 716546:1 0:51 716546:3 0:4 131567:5 0:8 5125:5 0:2 5125:5 0:9 5144:2 0:184 569360:5 0:13 5144:1
C	3289	477697	1041	0:36 477697:4 0:344 477697:1 0:5 477697:5 0:16 2:5 0:3 131567:5 0:29 227086:1 0:60 3273430:5 0:174 131567:5 0:14 2:6 131567:7 0:18 131567:1 0:13 477697:3 0:55 477697:2 0:190
C	3291	544580	1024	0:262 131567:1 0:13 131567:1 0:19 544580:1 0:3 544580:2 0:4 544580:5 0:40 131567:3 0:12 131567:11 0:1 131567:5 0:52 131567:4 0:1 131567:5 0:12 131567:5 0:2 131567:5 0:4 131567:5 0:159 131567:4 0:110 131567:8 0:19 131567:4 0:100 131567:4 0:16 131567:4 0:84
C	3292	544580	844	0:46 131567:4 0:16 131567:4 0:63 131567:5 0:8 131567:2 0:58 131567:5 0:19 131567:4 0:6 131567:4 0:63 131567:4 0:19 131567:1 0:11 131567:1 0:13 131567:1 0:7 131567:2 0:10 131567:1 0:93 131567:2 0:4 131567:5 0:2 131567:5 0:12 131567:5 0:1 131567:4 0:16 131567:5 0:6 131567:5 0:17 131567:8 0:1 131567:11 0:12 131567:3 0:33 544580:5 0:2 544580:5 0:4 544580:2 0:3 544580:1 0:19 131567:1 0:13 131567:1 0:70 131567:5 0:1 131567:5 0:4 131567:4 0:38
C	3293	544580	991	0:22 131567:1 0:58 131567:2 0:48 131567:4 0:4 131567:5 0:1 131567:5 0:70 131567:1 0:13 131567:1 0:19 544580:1 0:3 544580:2 0:4 544580:5 0:2 544580:5 0:33 131567:3 0:12 131567:11 0:1 131567:8 0:17 131567:5 0:6 131567:5 0:16 131567:4 0:1 131567:5 0:12 131567:5 0:2 131567:5 0:4 131567:5 0:67 131567:1 0:26 131567:1 0:10 131567:2 0:7 131567:1 0:13 131567:1 0:11 131567:1 0:19 131567:4 0:71 498019:4 0:19 131567:5 0:7 131567:8 0:19 131567:4 0:14 131567:4 0:7 131567:2 0:8 131567:5 0:63 131567:4 0:16 131567:4 0:51 131567:5 0:16 131567:1 0:20
C	3295	3273430	1297	0:259 477697:5 0:34 477697:2 0:36 1884633:1 0:328 2:5 0:3 131567:5 0:93 3273430:5 0:100 3273430:5 0:41 2:3 0:34 2:6 131567:6 0:292
C	3296	131567	832	0:45 131567:4 0:16 131567:4 0:63 131567:5 0:8 131567:2 0:7 131567:4 0:14 131567:4 0:19 131567:8 0:7 131567:5 0:19 131567:4 0:6 131567:4 0:19 296543:3 0:72 131567:2 0:56 131567:2 0:16 131567:1 0:112 131567:5 0:17 131567:8 0:1 131567:11 0:12 131567:3 0:48 544580:2 0:3 544580:1 0:19 131567:1 0:13 131567:1 0:80 131567:4 0:38
C	3297	544580	924	0:170 131567:4 0:105 131567:4 0:32 131567:5 0:19 131567:4 0:6 131567:4 0:63 131567:4 0:19 131567:1 0:11 131567:1 0:175 131567:5 0:17 131567:4 0:56 544580:5 0:2 544580:5 0:4 544580:2 0:3 544580:1 0:19 131567:1 0:13 131567:1 0:68 131567:5 0:1 131567:5 0:4 131567:4 0:38
C	3298	5144	907	0:253 716546:4 0:5 131567:2 0:10 131567:4 0:7 131567:5 0:16 131567:1 0:28 5144:5 131567:3 0:1 716546:5 0:56 37727:1 0:113 131567:6 0:43 716546:1 0:9 716546:2 0:34 716546:3 0:4 131567:5 0:13 131567:2 0:22 716545:1 0:2 332648:2 0:205
C	3299	131567	848	0:64 131567:4 0:64 131567:5 0:8 131567:2 0:7 131567:4 0:14 131567:4 0:19 131567:8 0:7 131567:5 0:19 131567:4 0:6 131567:4 0:61 131567:4 0:19 131567:1 0:45 131567:1 0:90 131567:5 0:4 131567:5 0:2 131567:5 0:12 131567:5 0:1 131567:4 0:16 131567:5 0:6 131567:5 0:17 131567:2 0:5 131567:1 0:1 131567:1 0:101 131567:1 0:13 131567:1 0:70 131567:5 0:1 131567:5 0:4 131567:4 0:38
C	3300	181762	1063	0:7 181762:1 0:1 181762:3 0:234 131567:2 0:30 131567:5 0:26 131567:4 0:22 131567:5 0:8 131567:9 0:5 131567:5 0:58 5338:3 0:59 181124:1 0:62 4751:2 0:56 131567:1 0:10 131567:3 0:407
C	3301	544580	983	0:22 131567:1 0:58 131567:2 0:48 131567:4 0:4 131567:5 0:1 131567:5 0:70 131567:1 0:13 131567:1 0:19 544580:1 0:3 544580:2 0:4 544580:5 0:2 544580:5 0:33 131567:3 0:12 131567:11 0:1 131567:8 0:17 131567:5 0:6 131567:5 0:16 131567:4 0:1 131567:5 0:19 131567:5 0:99 131567:1 0:10 131567:2 0:7 131567:1 0:13 131567:1 0:11 131567:1 0:85 131567:4 0:6 131567:4 0:19 131567:5 0:7 131567:8 0:19 131567:4 0:14 131567:4 0:7 131567:2 0:8 131567:5 0:63 131567:4 0:16 131567:4 0:88
C	3302	508771	845	0:46 131567:4 0:16 131567:4 0:63 131567:5 0:8 131567:2 0:7 131567:4 0:14 131567:4 0:19 131567:8 0:7 131567:5 0:120 131567:1 0:11 131567:1 0:13 131567:1 0:8 508771:1 0:51 131567:1 0:84 131567:4 0:16 131567:5 0:6 131567:5 0:17 131567:8 0:1 131567:11 0:12 131567:3 0:74 131567:1 0:13 131567:1 0:69 131567:5 0:1 131567:5 0:4 131567:4 0:38
C	3303	544580	852	0:46 131567:4 0:16 131567:4 0:65 131567:5 0:8 131567:2 0:7 131567:4 0:14 131567:4 0:34 131567:4 0:19 131567:4 0:6 131567:4 0:85 131567:1 0:45 131567:1 0:26 131567:2 0:64 131567:5 0:4 131567:5 0:2 131567:5 0:12 131567:5 0:1 131567:4 0:62 131567:9 0:48 544580:5 0:2 544580:5 0:4 544580:2 0:3 544580:1 0:19 131567:1 0:13 131567:1 0:69 131567:5 0:1 131567:5 0:4 131567:4 0:38
C	3304	181762	1049	0:108 131567:3 0:5 5204:2 0:278 131567:3 0:10 131567:1 0:5 131567:5 0:3 131567:5 0:3 131567:1 0:135 456999:2 0:21 5338:3 0:58 131567:5 0:5 131567:9 0:8 131567:5 0:43 131567:2 0:12 131567:2 0:9 131567:5 0:49 181762:1 0:3 181762:5 0:93 181124:2 0:106
C	3305	5144	792	0:191 332648:2 0:2 716545:1 0:22 131567:2 0:13 131567:5 0:4 716546:3 0:34 716546:2 0:9 716546:1 0:43 131567:6 0:111 37727:1 0:56 716546:5 0:1 131567:3 5144:5 0:28 131567:1 0:16 131567:5 0:7 131567:4 0:10 131567:2 0:5 716546:4 0:154
C	3306	544580	1038	0:130 131567:4 0:4 131567:5 0:1 131567:5 0:70 131567:1 0:13 131567:1 0:19 544580:1 0:3 544580:2 0:4 544580:5 0:2 544580:5 0:33 131567:3 0:12 131567:11 0:1 131567:8 0:17 131567:5 0:6 131567:5 0:16 131567:4 0:1 131567:5 0:12 131567:5 0:2 131567:5 0:4 131567:5 0:46 131567:1 0:16 131567:2 0:26 131567:1 0:10 131567:2 0:7 131567:1 0:13 131567:1 0:11 131567:1 0:19 131567:4 0:63 131567:4 0:6 131567:4 0:19 131567:5 0:7 131567:8 0:19 131567:4 0:14 131567:4 0:7 131567:2 0:8 131567:5 0:63 131567:4 0:16 131567:4 0:92 131567:1 0:49
C	3307	28985	823	0:112 4893:2 0:5 131567:3 0:56 2916678:5 0:12 131567:4 0:6 131567:4 0:53 131567:2 0:21 4910:4 0:19 4910:5 4893:7 0:1 131567:1 0:7 131567:2 0:10 131567:1 0:56 147537:6 0:85 131567:5 0:6 131567:5 0:17 131567:4 0:113 4910:3 0:2 4910:5 0:38 4910:2 0:22 28985:5 0:2 28985:5 0:43 4910:4 0:19
C	3308	544580	851	0:48 131567:4 0:16 131567:4 0:102 131567:4 0:19 131567:8 0:7 131567:5 0:19 131567:4 0:6 131567:4 0:63 131567:4 0:19 131567:1 0:11 131567:1 0:13 131567:1 0:7 131567:2 0:10 131567:1 0:26 131567:2 0:79 131567:5 0:12 131567:5 0:1 131567:4 0:16 131567:5 0:6 131567:5 0:17 131567:8 0:1 131567:11 0:12 131567:3 0:33 544580:5 0:37 131567:1 0:13 131567:1 0:70 131567:5 0:1 131567:5 0:4 131567:4 0:37
C	3309	477697	1003	0:2 477697:4 0:350 477697:5 0:16 2:5 0:3 131567:5 0:29 227086:1 0:60 3273430:5 0:167 131567:5 0:14 2:6 131567:7 0:18 131567:1 0:13 477697:3 0:250
C	3310	3273430	946	0:189 477697:2 0:55 477697:3 0:13 131567:1 0:20 40324:5 0:40 2:3 0:41 3273430:5 0:104 3273430:5 0:93 131567:5 0:3 2:5 0:320
C	3311	477697	951	0:184 477697:2 0:56 477697:3 0:13 131567:1 0:18 131567:7 2:6 0:14 131567:5 0:15 2:3 0:22 2:1 0:128 3273430:5 0:92 131567:5 0:3 2:5 0:16 477697:5 0:5 477697:1 0:302
C	3312	569360	806	0:9 569360:5 0:181 5144:2 0:9 5125:5 0:2 5125:5 0:8 131567:5 0:4 716546:3 0:51 716546:1 0:204 716546:5 0:1 131567:3 5144:5 0:28 131567:1 0:16 131567:5 0:5 716545:1 0:208
C	3314	569360	912	0:2 1760811:4 0:42 131567:1 147550:2 0:28 147550:1 0:221 716545:1 0:5 131567:5 0:16 131567:1 0:28 5144:5 131567:3 0:1 716546:5 0:167 147550:5 0:32 716546:1 0:51 716546:3 0:4 131567:5 0:8 5125:5 0:2 5125:5 0:9 5144:2 0:184 569360:5 0:13 5144:2 0:4
C	3316	544580	973	0:22 131567:1 0:57 131567:2 0:48 131567:4 0:4 131567:5 0:1 131567:5 0:104 544580:1 0:3 544580:2 0:4 544580:5 0:2 544580:5 0:33 131567:3 0:12 131567:11 0:1 131567:8 0:79 131567:2 0:6 131567:5 0:46 131567:1 0:16 131567:2 0:26 131567:1 0:10 131567:2 0:7 131567:1 0:13 131567:1 0:11 131567:1 0:19 131567:4 0:63 131567:4 0:6 131567:4 0:19 131567:5 0:7 131567:8 0:19 131567:4 0:14 131567:4 0:7 131567:2 0:8 131567:5 0:63 131567:4 0:16 131567:4 0:77
C	3317	544580	846	0:45 131567:4 0:16 131567:4 0:63 131567:5 0:8 131567:2 0:7 131567:4 0:14 131567:4 0:34 131567:4 0:93 131567:4 0:19 131567:1 0:11 131567:1 0:59 131567:2 0:62 131567:5 0:4 131567:5 0:57 131567:5 0:17 131567:8 0:1 131567:3 0:20 131567:3 0:50 544580:2 0:3 544580:1 0:19 131567:3 0:83 131567:5 0:1 131567:5 0:4 131567:4 0:38
C	3318	181124	1062	0:242 131567:2 0:30 131567:5 0:26 131567:4 0:22 131567:3 0:148 181124:1 0:62 4751:2 0:56 131567:1 0:10 131567:3 0:411
C	3319	181762	1148	0:62 1268659:5 0:421 131567:3 0:10 131567:1 0:114 181124:1 0:129 131567:9 0:8 131567:5 0:52 131567:5 0:266 181762:5 0:1 181762:1 0:16
C	3320	544580	973	0:22 131567:1 0:58 131567:2 0:143 131567:1 0:19 544580:1 0:3 544580:4 0:99 131567:5 0:6 131567:5 0:21 131567:5 0:12 131567:5 0:2 131567:5 0:4 131567:5 0:88 131567:2 0:10 131567:2 0:7 131567:1 0:13 131567:1 0:11 131567:1 0:83 131567:4 0:6 131567:4 0:57 131567:4 0:14 131567:4 0:7 131567:2 0:8 131567:5 0:63 131567:4 0:71 131567:5 0:16 131567:1 0:17
C	3321	544580	941	0:141 131567:4 0:16 131567:4 0:63 131567:5 0:8 131567:2 0:7 131567:4 0:14 131567:4 0:19 131567:8 0:7 131567:5 0:19 131567:4 0:6 131567:5 0:61 131567:4 0:19 131567:1 0:11 131567:1 0:13 131567:1 0:7 131567:2 0:10 131567:1 0:108 131567:5 0:12 131567:5 0:1 131567:4 0:16 131567:5 0:6 131567:5 0:17 131567:8 0:1 131567:11 0:12 131567:3 0:33 544580:5 0:2 544580:5 0:4 544580:2 0:3 544580:1 0:19 131567:1 0:81 131567:5 0:1 131567:5 0:4 131567:4 0:37
C	3322	5125	905	0:2 1760811:4 0:42 131567:1 147550:2 0:241 716545:1 0:5 131567:5 0:44 5144:5 131567:3 0:1 716546:5 0:166 147550:5 0:85 716546:3 0:17 5125:5 0:2 5125:5 0:9 5144:2 0:206 5144:2 0:3
C	3323	544580	986	0:21 131567:1 0:111 131567:5 0:1 131567:5 0:102 544580:1 0:3 544580:2 0:4 544580:5 0:2 544580:5 0:33 131567:3 0:12 131567:11 0:1 131567:8 0:17 131567:5 0:27 131567:4 0:1 131567:5 0:96 131567:2 0:26 131567:1 0:10 131567:2 0:7 131567:1 0:13 131567:1 0:11 131567:1 0:19 131567:4 0:67 131567:4 0:6 131567:4 0:19 131567:5 0:7 131567:8 0:19 131567:4 0:14 131567:4 0:7 131567:2 0:8 131567:5 0:63 131567:4 0:73 131567:5 0:16 131567:1 0:18
C	3324	1224	945	0:255 477697:3 0:33 40324:5 0:85 3273430:5 0:209 2:5 0:311
C	3325	544580	967	0:163 131567:4 0:16 131567:4 0:63 131567:5 0:8 131567:2 0:7 131567:4 0:14 131567:4 0:19 131567:8 0:7 131567:5 0:19 131567:4 0:6 131567:4 0:63 131567:4 0:19 131567:1 0:11 131567:1 0:13 131567:1 0:7 131567:2 0:10 131567:1 0:26 131567:2 0:16 131567:1 0:46 131567:5 0:4 131567:5 0:2 131567:5 0:12 131567:5 0:1 131567:4 0:16 131567:5 0:6 131567:5 0:17 131567:8 0:1 131567:11 0:12 131567:3 0:33 544580:5 0:2 544580:5 0:4 544580:2 0:3 544580:1 0:19 131567:1 0:13 131567:1 0:69 131567:5 0:1 131567:5 0:4 131567:4 0:39
C	3326	490731	1163	0:41 490731:3 0:7 490731:5 0:13 490731:1 0:687 131567:5 0:5 131567:9 0:8 131567:8 0:49 131567:5 0:30 131567:2 0:231 181762:5 0:1 181762:1 0:13
C	3327	1224	921	0:259 131567:1 0:20 40324:5 0:20 131567:5 0:15 2:3 0:149 3273430:5 0:97 2:5 0:303
C	3329	477697	993	0:2 477697:4 0:342 477697:1 0:5 477697:5 0:16 2:5 0:3 131567:5 0:88 3273430:5 0:125 2:1 0:22 2:3 0:15 131567:5 0:14 2:6 131567:7 0:18 131567:1 0:13 477697:3 0:55 477697:2 0:188
C	3330	477697	946	0:188 477697:2 0:55 477697:3 0:13 131567:1 0:18 131567:7 2:6 0:58 2:1 0:127 3273430:5 0:60 227086:1 0:29 131567:5 0:3 2:5 0:16 477697:5 0:5 477697:1 0:298
C	3331	2	994	0:265 477697:2 0:56 477697:3 0:13 131567:1 0:20 40324:5 0:20 131567:5 0:570
C	3332	2	1281	0:267 477697:5 0:383 2:5 0:3 131567:5 0:13 40324:5 0:72 3273430:5 0:150 2:3 0:15 131567:5 0:20 40324:5 0:20 131567:1 0:13 477697:3 0:55 477697:2 0:192
C	3334	477697	950	0:189 477697:2 0:55 477697:3 0:13 131567:1 0:18 131567:7 2:6 0:60 2:1 0:129 3273430:5 0:60 227086:2 0:56 477697:5 0:5 477697:1 0:298
C	3335	40324	975	0:2 477697:4 0:342 2:5 0:3 131567:5 0:13 40324:5 0:72 3273430:5 0:149 2:3 0:15 131567:5 0:20 40324:5 0:20 131567:1 0:13 477697:3 0:55 477697:2 0:194
C	3336	131567	847	0:67 131567:4 0:61 131567:5 0:8 131567:2 0:7 131567:4 0:14 131567:4 0:34 131567:5 0:19 131567:4 0:6 131567:4 0:97 131567:1 0:13 131567:1 0:7 131567:2 0:10 131567:1 0:100 131567:5 0:2 131567:5 0:67 131567:5 0:1 131567:11 0:12 131567:3 0:92 131567:1 0:70 131567:5 0:1 131567:5 0:4 131567:4 0:40
C	3337	544580	845	0:46 131567:4 0:16 131567:4 0:63 131567:5 0:8 131567:2 0:7 131567:4 0:14 131567:4 0:19 131567:8 0:7 131567:5 0:19 131567:4 0:6 131567:4 0:63 131567:4 0:19 131567:1 0:11 131567:1 0:13 131567:1 0:7 131567:2 0:10 131567:1 0:41 131567:1 0:61 131567:5 0:12 131567:5 0:1 131567:4 0:16 131567:5 0:6 131567:5 0:17 131567:8 0:1 131567:11 0:12 131567:3 0:33 544580:5 0:2 544580:5 0:4 544580:2 0:3 544580:1 0:19 131567:1 0:83 131567:5 0:1 131567:5 0:4 131567:4 0:38
C	3339	544580	984	0:22 131567:1 0:201 131567:1 0:13 131567:1 0:37 544580:5 0:33 131567:3 0:12 131567:11 0:1 131567:8 0:17 131567:5 0:6 131567:5 0:16 131567:4 0:1 131567:5 0:12 131567:5 0:2 131567:5 0:4 131567:5 0:91 131567:1 0:10 131567:2 0:7 131567:1 0:13 131567:1 0:11 131567:1 0:19 131567:4 0:63 131567:4 0:96 131567:2 0:8 131567:5 0:64 131567:4 0:16 131567:4 0:82
C	3340	544580	881	0:79 131567:4 0:16 131567:4 0:63 131567:5 0:8 131567:2 0:7 131567:4 0:14 131567:5 0:33 131567:5 0:19 131567:4 0:6 131567:4 0:63 131567:4 0:19 131567:1 0:11 131567:1 0:13 131567:1 0:7 131567:2 0:10 131567:1 0:26 131567:2 0:16 131567:1 0:46 131567:5 0:4 131567:5 0:2 131567:5 0:48 131567:5 0:17 131567:8 0:1 131567:11 0:12 131567:3 0:33 544580:5 0:2 544580:5 0:4 544580:2 0:3 544580:1 0:19 131567:1 0:13 131567:1 0:69 131567:5 0:1 131567:5 0:4 131567:4 0:38
C	3341	181762	1064	0:8 181762:1 0:1 181762:3 0:230 131567:2 0:30 131567:5 0:26 131567:4 0:113 5338:3 0:178 131567:1 0:10 131567:3 0:412
C	3342	544580	848	0:46 131567:4 0:16 131567:4 0:63 131567:5 0:8 131567:2 0:7 131567:4 0:14 131567:4 0:32 131567:5 0:19 131567:4 0:6 131567:4 0:63 131567:4 0:67 131567:1 0:26 131567:2 0:16 131567:1 0:46 131567:5 0:4 131567:5 0:2 131567:5 0:12 131567:5 0:1 131567:4 0:16 131567:5 0:6 131567:5 0:17 131567:8 0:1 131567:11 0:12 131567:5 0:33 544580:5 0:2 544580:5 0:4 544580:2 0:3 544580:1 0:19 131567:1 0:13 131567:1 0:73 131567:5 0:4 131567:4 0:37
C	3344	544580	825	0:46 131567:4 0:16 131567:4 0:63 131567:5 0:8 131567:2 0:7 131567:4 0:14 131567:4 0:19 131567:8 0:7 131567:5 0:19 131567:4 0:6 131567:4 0:63 131567:4 0:54 131567:2 0:10 131567:1 0:26 131567:2 0:16 131567:1 0:46 131567:5 0:4 131567:5 0:2 131567:5 0:40 131567:5 0:6 131567:5 0:17 131567:8 0:1 131567:11 0:12 131567:3 0:33 544580:5 0:2 544580:5 0:4 544580:2 0:3 544580:1 0:19 131567:1 0:13 131567:1 0:68 131567:5 0:1 131567:5 0:4 131567:4 0:12
C	3345	131567	840	0:44 131567:4 0:16 131567:4 0:63 131567:5 0:8 131567:2 0:7 131567:4 0:14 131567:4 0:34 131567:4 0:19 131567:4 0:6 131567:4 0:97 131567:1 0:13 131567:1 0:106 131567:5 0:4 131567:5 0:2 131567:5 0:50 131567:5 0:17 131567:8 0:1 131567:11 0:103 131567:1 0:69 131567:5 0:1 131567:5 0:4 131567:4 0:37
C	3346	544580	851	0:46 131567:4 0:16 131567:4 0:64 131567:5 0:8 131567:2 0:7 131567:4 0:14 131567:4 0:19 131567:8 0:7 131567:5 0:19 131567:4 0:6 131567:4 0:61 131567:4 0:19 131567:1 0:11 131567:1 0:13 131567:1 0:7 131567:2 0:10 131567:1 0:102 131567:5 0:2 131567:5 0:12 131567:5 0:1 131567:4 0:16 131567:5 0:6 131567:5 0:17 131567:4 0:64 544580:5 0:2 544580:5 0:4 544580:2 0:3 544580:1 0:19 131567:1 0:13 131567:1 0:71 131567:5 0:1 131567:5 0:4 131567:4 0:37
C	3347	477697	954	0:189 477697:2 0:55 477697:3 0:13 131567:1 0:18 131567:7 2:6 0:14 131567:5 0:15 2:3 0:22 2:1 0:127 3273430:5 0:60 227086:1 0:29 131567:5 0:3 2:5 0:16 477697:5 0:5 477697:1 0:304
C	3348	544580	923	0:220 131567:5 0:8 131567:2 0:7 131567:4 0:71 131567:4 0:6 131567:4 0:33 2860286:3 0:67 131567:1 0:7 131567:2 0:10 131567:1 0:90 131567:5 0:4 131567:5 0:2 131567:5 0:39 131567:5 0:6 131567:5 0:17 131567:4 0:66 544580:5 0:2 544580:5 0:4 544580:2 0:3 544580:1 0:19 131567:1 0:82 131567:5 0:1 131567:5 0:4 131567:4 0:38
C	3349	544580	983	0:22 131567:1 0:58 131567:2 0:48 131567:4 0:4 131567:5 0:1 131567:5 0:68 131567:1 0:13 131567:1 0:19 544580:1 0:3 544580:2 0:4 544580:5 0:2 544580:5 0:45 131567:11 0:1 131567:8 0:17 131567:5 0:6 131567:5 0:16 131567:4 0:1 131567:5 0:12 131567:5 0:2 131567:5 0:4 131567:5 0:46 131567:1 0:16 131567:2 0:26 131567:1 0:10 131567:2 0:7 131567:1 0:13 131567:1 0:11 131567:1 0:19 131567:4 0:63 131567:4 0:6 131567:4 0:19 131567:5 0:7 131567:8 0:19 131567:4 0:14 131567:4 0:7 131567:2 0:8 131567:5 0:63 131567:4 0:16 131567:4 0:52 131567:5 0:16 131567:1 0:17
C	3350	544580	1079	0:22 131567:1 0:58 131567:2 0:48 131567:4 0:4 131567:5 0:1 131567:5 0:69 131567:1 0:13 131567:1 0:19 544580:1 0:3 544580:2 0:4 544580:5 0:2 544580:5 0:33 131567:3 0:12 131567:11 0:1 131567:8 0:17 131567:5 0:6 131567:5 0:16 131567:4 0:1 131567:5 0:12 131567:5 0:2 131567:5 0:4 131567:5 0:46 131567:1 0:16 131567:2 0:26 131567:1 0:10 131567:2 0:7 131567:1 0:13 131567:1 0:11 131567:1 0:19 131567:4 0:63 131567:4 0:6 131567:4 0:19 131567:5 0:7 131567:8 0:19 131567:4 0:14 131567:4 0:7 131567:2 0:8 131567:5 0:65 131567:4 0:16 131567:4 0:92 131567:1 0:88
C	3351	544580	869	0:43 131567:4 0:80 131567:5 0:8 131567:2 0:29 131567:1 0:341 131567:5 0:6 131567:5 0:17 131567:8 0:1 131567:1 0:61 544580:5 0:2 544580:5 0:4 544580:2 0:3 544580:1 0:19 131567:1 0:13 131567:1 0:71 131567:3 0:1 131567:5 0:4 131567:4 0:48 131567:2 0:24
C	3352	544580	983	0:129 131567:4 0:4 131567:5 0:1 131567:5 0:98 544580:1 0:3 544580:2 0:4 544580:5 0:2 544580:5 0:33 131567:3 0:12 131567:11 0:1 131567:8 0:17 131567:5 0:6 131567:5 0:16 131567:4 0:1 131567:5 0:12 131567:5 0:2 131567:5 0:4 131567:5 0:46 131567:1 0:16 131567:2 0:26 131567:1 0:10 131567:2 0:7 131567:1 0:13 131567:1 0:11 131567:1 0:19 131567:4 0:75 131567:4 0:19 131567:5 0:7 131567:8 0:19 131567:4 0:14 131567:4 0:7 131567:2 0:8 131567:5 0:63 131567:4 0:16 131567:4 0:92
C	3353	3273430	685	0:2 477697:4 0:370 2:5 0:3 131567:5 0:29 227086:1 0:60 3273430:5 0:127 2:1 0:22 2:3 0:14
C	3354	5144	915	0:301 716545:1 0:5 131567:5 0:16 131567:1 0:28 5144:5 131567:3 0:1 716546:5 0:167 147550:5 0:32 716546:1 0:51 716546:3 0:4 131567:5 0:218 569360:5 0:13 5144:2 0:4
C	3355	3273430	944	0:187 477697:2 0:55 477697:3 0:13 131567:1 0:20 40324:5 0:40 2:3 0:41 3273430:5 0:103 3273430:5 0:427
C	3356	544580	844	0:131 131567:5 0:8 131567:2 0:7 131567:4 0:14 131567:4 0:57 131567:4 0:6 131567:4 0:96 131567:1 0:13 131567:1 0:7 131567:2 0:10 131567:1 0:26 131567:2 0:16 131567:1 0:46 131567:5 0:4 131567:5 0:2 131567:5 0:12 131567:5 0:1 131567:4 0:16 131567:5 0:6 131567:5 0:17 131567:8 0:1 131567:11 0:47 544580:5 0:2 544580:5 0:4 544580:2 0:3 544580:1 0:19 131567:1 0:13 131567:1 0:70 131567:5 0:1 131567:5 0:4 131567:4 0:38
C	3357	544580	901	0:46 131567:4 0:16 131567:4 0:104 131567:4 0:19 131567:8 0:7 131567:5 0:99 131567:4 0:19 131567:1 0:11 131567:1 0:54 131567:2 0:16 131567:1 0:48 131567:5 0:4 131567:5 0:2 131567:5 0:39 131567:5 0:6 131567:5 0:17 131567:8 0:1 131567:6 0:17 131567:5 0:52 544580:1 0:19 131567:1 0:13 131567:1 0:70 131567:5 0:1 131567:5 0:4 131567:4 0:88
C	3358	544580	981	0:82 131567:2 0:48 131567:4 0:4 131567:5 0:1 131567:5 0:70 131567:1 0:13 131567:1 0:19 544580:1 0:3 544580:2 0:4 544580:5 0:2 544580:5 0:33 131567:3 0:12 131567:11 0:1 131567:5 0:30 131567:5 0:16 131567:4 0:1 131567:5 0:27 131567:5 0:46 131567:1 0:16 131567:2 0:58 131567:1 0:11 131567:1 0:19 131567:4 0:63 131567:4 0:6 131567:4 0:19 131567:5 0:32 131567:5 0:14 131567:4 0:7 131567:2 0:8 131567:5 0:63 131567:4 0:16 131567:4 0:88
C	3359	477697	1007	0:2 477697:4 0:351 477697:5 0:16 2:5 0:3 131567:5 0:29 227086:1 0:60 3273430:5 0:127 2:1 0:22 2:3 0:41 2:6 131567:7 0:18 131567:1 0:13 477697:3 0:55 477697:2 0:188
C	3361	544580	958	0:153 131567:4 0:16 131567:4 0:63 131567:5 0:8 131567:2 0:7 131567:4 0:14 131567:4 0:19 131567:8 0:7 131567:5 0:19 131567:4 0:6 131567:4 0:63 131567:4 0:19 131567:1 0:11 131567:1 0:13 131567:1 0:7 131567:2 0:10 131567:1 0:26 131567:2 0:16 131567:1 0:46 131567:5 0:4 131567:5 0:2 131567:5 0:48 131567:5 0:17 131567:4 0:31 131567:1 0:33 544580:5 0:2 544580:5 0:4 544580:2 0:3 544580:1 0:19 131567:1 0:13 131567:1 0:71 131567:5 0:1 131567:5 0:4 131567:4 0:38
C	3362	1268659	972	0:23 131567:3 0:5 5204:2 0:318 131567:1 0:5 131567:5 0:3 131567:5 0:3 131567:1 0:36 131567:5 0:179 55193:2 0:54 131567:4 0:18 131567:2 0:12 131567:2 0:9 131567:5 0:13 131567:2 0:26 1268659:5 0:114 1268:1 0:75
C	3363	181762	1064	0:8 181762:1 0:1 181762:5 0:230 131567:2 0:30 131567:5 0:26 131567:4 0:22 131567:5 0:148 181124:1 0:62 4751:2 0:56 131567:1 0:10 131567:3 0:408
C	3364	544580	847	0:46 131567:4 0:16 131567:4 0:62 131567:5 0:8 131567:2 0:7 131567:4 0:14 131567:4 0:19 131567:8 0:7 131567:5 0:19 131567:4 0:6 131567:4 0:63 131567:4 0:19 131567:1 0:11 131567:1 0:13 131567:1 0:7 131567:2 0:10 131567:1 0:44 131567:1 0:48 131567:2 0:4 131567:5 0:45 131567:5 0:6 131567:5 0:17 131567:8 0:1 131567:11 0:12 131567:3 0:33 544580:5 0:2 544580:5 0:4 544580:2 0:3 544580:1 0:19 131567:1 0:13 131567:1 0:69 131567:5 0:1 131567:5 0:4 131567:4 0:38
C	3365	5144	888	0:23 131567:3 0:225 716546:4 0:5 131567:2 0:10 131567:4 0:7 131567:5 0:16 131567:1 0:28 5144:5 131567:3 0:1 716546:5 0:56 37727:1 0:161 716546:1 0:9 716546:2 0:82 716545:1 0:2 332648:2 0:190
C	3366	544580	725	0:38 131567:4 0:4 131567:5 0:1 131567:5 0:70 131567:1 0:13 131567:1 0:19 544580:1 0:3 544580:2 0:4 544580:5 0:2 544580:5 0:45 131567:6 0:29 131567:5 0:6 131567:5 0:16 131567:4 0:1 131567:5 0:12 131567:5 0:2 131567:5 0:4 131567:5 0:46 131567:1 0:16 131567:2 0:26 131567:1 0:45 131567:1 0:19 131567:4 0:97 131567:5 0:7 131567:8 0:19 131567:4 0:14 131567:4 0:7 131567:2 0:8 131567:5 0:12
C	3367	544580	888	0:37 131567:4 0:4 131567:5 0:1 131567:5 0:65 131567:1 0:13 131567:1 0:19 544580:1 0:3 544580:2 0:4 544580:5 0:2 544580:5 0:46 131567:11 0:1 131567:8 0:17 131567:5 0:6 131567:5 0:16 131567:4 0:1 131567:5 0:12 131567:5 0:2 131567:5 0:4 131567:5 0:46 131567:1 0:16 131567:2 0:26 131567:1 0:10 131567:2 0:7 131567:1 0:44 131567:4 0:63 131567:4 0:6 131567:4 0:19 131567:5 0:7 131567:8 0:19 131567:4 0:14 131567:4 0:7 131567:2 0:8 131567:5 0:63 131567:4 0:16 131567:4 0:51 131567:5 0:16 131567:1 0:20
C	3368	544580	524	0:38 131567:4 0:4 131567:5 0:1 131567:5 0:71 131567:1 0:13 131567:1 0:19 544580:1 0:3 544580:2 0:4 544580:5 0:2 544580:5 0:33 131567:3 0:12 131567:11 0:1 131567:8 0:17 131567:5 0:6 131567:5 0:16 131567:4 0:1 131567:5 0:12 131567:5 0:2 131567:5 0:4 131567:5 0:124 131567:1 0:21
C	3370	181762	953	0:184 181124:2 0:93 181762:4 0:53 131567:5 0:9 131567:2 0:12 131567:2 0:18 131567:4 0:22 131567:5 0:85 5338:3 0:21 456999:2 0:139 131567:1 0:3 131567:5 0:3 131567:5 0:5 131567:1 0:10 131567:3 0:218
C	3371	544580	529	0:51 131567:5 0:70 131567:1 0:13 131567:1 0:19 544580:1 0:3 544580:2 0:4 544580:5 0:2 544580:5 0:45 131567:11 0:1 131567:8 0:17 131567:5 0:6 131567:5 0:16 131567:4 0:1 131567:5 0:12 131567:5 0:2 131567:5 0:4 131567:5 0:46 131567:1 0:16 131567:2 0:26 131567:1 0:10 131567:2 0:7 131567:1 0:13 131567:1 0:11 131567:1 0:18
C	3372	544580	534	0:38 131567:4 0:4 131567:5 0:1 131567:5 0:70 131567:1 0:13 131567:1 0:19 544580:1 0:3 544580:2 0:4 544580:5 0:2 544580:5 0:33 131567:3 0:12 131567:11 0:1 131567:8 0:17 131567:5 0:6 131567:5 0:16 131567:4 0:1 131567:5 0:12 131567:5 0:2 131567:5 0:4 131567:5 0:64 131567:1 0:26 131567:1 0:10 131567:2 0:50 131567:2 0:1
C	3373	544580	534	0:38 131567:4 0:4 131567:5 0:1 131567:5 0:69 131567:1 0:13 131567:1 0:19 544580:1 0:3 544580:2 0:4 544580:5 0:2 544580:5 0:33 131567:3 0:49 131567:5 0:6 131567:5 0:16 131567:4 0:1 131567:5 0:12 131567:5 0:2 131567:5 0:4 131567:5 0:46 131567:1 0:16 131567:2 0:26 131567:1 0:10 131567:2 0:7 131567:1 0:13 131567:1 0:11 131567:1 0:19 131567:1
C	3374	28985	829	0:6 4910:3 0:6 4910:5 0:102 4893:1 0:5 131567:3 0:52 131567:4 0:19 131567:4 0:6 131567:4 0:53 131567:2 0:21 4910:4 0:19 4910:5 4893:7 0:1 131567:1 0:7 131567:2 0:10 131567:1 0:61 147537:1 0:27 131567:5 0:4 131567:5 0:2 131567:5 0:12 131567:5 0:1 131567:4 0:16 131567:5 0:6 131567:5 0:17 131567:4 0:55 4910:5 0:54 4910:3 0:2 4910:5 0:38 4910:2 0:22 28985:5 0:2 28985:5 0:43 4910:4 0:12
C	3375	544580	851	0:46 131567:3 0:18 131567:4 0:63 131567:5 0:8 131567:2 0:7 131567:4 0:14 131567:4 0:19 131567:8 0:7 131567:5 0:19 131567:4 0:6 131567:4 0:63 131567:4 0:29 131567:4 0:13 131567:1 0:7 131567:2 0:10 131567:1 0:26 131567:2 0:16 131567:1 0:46 131567:5 0:4 131567:5 0:2 131567:5 0:48 131567:5 0:17 131567:8 0:1 131567:11 0:12 131567:3 0:33 544580:5 0:2 544580:5 0:4 544580:2 0:3 544580:1 0:19 131567:1 0:13 131567:1 0:70 131567:5 0:1 131567:5 0:4 131567:4 0:38
C	3376	544580	850	0:46 131567:4 0:16 131567:4 0:63 131567:5 0:8 131567:2 0:7 131567:4 0:14 131567:4 0:36 131567:4 0:19 131567:4 0:6 131567:4 0:63 131567:4 0:19 131567:1 0:33 131567:2 0:10 131567:1 0:90 131567:5 0:36 131567:2 0:51 131567:6 0:1 131567:11 0:12 131567:3 0:33 544580:5 0:2 544580:5 0:4 544580:2 0:3 544580:1 0:19 131567:1 0:13 131567:1 0:70 131567:5 0:1 131567:5 0:4 131567:4 0:38
C	3377	477697	1375	0:338 477697:5 0:383 477697:1 0:5 477697:5 0:16 2:5 0:98 3273430:5 0:150 2:3 0:34 2:6 131567:7 0:18 131567:1 0:13 477697:3 0:245
C	3378	544580	535	0:38 131567:4 0:4 131567:5 0:1 131567:5 0:69 131567:1 0:13 131567:1 0:19 544580:1 0:3 544580:2 0:4 544580:5 0:2 544580:5 0:33 131567:3 0:12 131567:11 0:1 131567:5 0:30 131567:5 0:46 131567:5 0:4 131567:5 0:46 131567:1 0:16 131567:2 0:26 131567:1 0:10 131567:2 0:7 131567:1 0:13 131567:1 0:11 131567:1 0:21
C	3380	544580	974	0:22 131567:1 0:58 131567:2 0:48 131567:4 0:4 131567:5 0:1 131567:5 0:70 131567:1 0:13 131567:1 0:19 544580:1 0:3 544580:2 0:4 544580:5 0:2 544580:5 0:58 131567:8 0:17 131567:5 0:6 131567:5 0:16 131567:4 0:1 131567:5 0:12 131567:5 0:2 131567:5 0:4 131567:5 0:46 131567:1 0:16 131567:2 0:26 131567:1 0:10 131567:2 0:7 131567:1 0:13 131567:1 0:11 131567:1 0:19 131567:4 0:93 131567:5 0:7 131567:8 0:19 131567:4 0:14 131567:4 0:7 131567:2 0:8 131567:5 0:63 131567:4 0:16 131567:4 0:82
C	3382	544580	967	0:22 131567:1 0:57 147537:1 0:140 131567:1 0:13 131567:1 0:19 544580:1 0:3 544580:2 0:4 544580:5 0:2 544580:5 0:44 131567:11 0:1 131567:8 0:79 131567:5 0:46 131567:1 0:16 131567:2 0:26 131567:1 0:10 131567:2 0:7 131567:1 0:13 131567:1 0:11 131567:1 0:19 131567:4 0:71 498019:4 0:19 131567:5 0:7 131567:8 0:19 131567:4 0:14 131567:4 0:7 131567:2 0:8 131567:5 0:63 131567:4 0:103
C	3383	544580	844	0:46 131567:4 0:16 131567:4 0:101 131567:4 0:19 131567:8 0:7 131567:5 0:19 131567:4 0:6 131567:4 0:61 131567:3 0:19 131567:1 0:11 131567:1 0:13 131567:1 0:7 131567:2 0:10 131567:1 0:44 131567:1 0:46 131567:5 0:4 131567:5 0:2 131567:5 0:37 131567:5 0:6 131567:5 0:17 131567:8 0:1 131567:11 0:12 131567:3 0:33 544580:5 0:2 544580:5 0:4 544580:2 0:3 544580:1 0:104 131567:5 0:1 131567:5 0:4 131567:4 0:38
C	3384	131567	846	0:46 131567:4 0:16 131567:4 0:76 131567:2 0:7 131567:4 0:33 131567:7 0:7 131567:5 0:97 131567:4 0:29 131567:4 0:13 131567:1 0:7 131567:2 0:10 131567:1 0:26 131567:2 0:16 131567:1 0:46 131567:5 0:4 131567:5 0:2 131567:5 0:12 131567:5 0:1 131567:4 0:16 131567:5 0:6 131567:5 0:17 131567:8 0:1 131567:11 0:88 131567:1 0:13 131567:1 0:70 131567:5 0:1 131567:5 0:4 131567:4 0:38
C	3385	332648	762	0:154 332648:2 0:2 716545:1 0:22 131567:2 0:13 131567:5 0:4 716546:3 0:34 716546:2 0:9 716546:1 0:43 131567:6 0:51 332648:5 0:57 37727:1 0:56 716546:5 0:1 131567:3 5144:5 0:28 131567:1 0:16 131567:5 0:191
C	3386	131567	990	0:78 131567:2 0:48 131567:4 0:4 131567:5 0:1 131567:5 0:169 131567:11 0:1 131567:8 0:17 131567:5 0:6 131567:5 0:16 131567:4 0:1 131567:5 0:12 131567:5 0:2 131567:5 0:4 131567:5 0:46 131567:1 0:16 131567:2 0:26 131567:1 0:10 131567:2 0:7 131567:1 0:13 131567:1 0:11 131567:1 0:19 131567:4 0:63 131567:4 0:6 131567:4 0:19 131567:5 0:7 131567:8 0:19 131567:4 0:14 131567:4 0:7 131567:2 0:8 131567:5 0:63 131567:4 0:16 131567:4 0:51 131567:5 0:16 131567:1 0:28
C	3387	544580	826	0:46 131567:4 0:16 131567:4 0:80 131567:5 0:33 131567:7 0:7 131567:5 0:93 131567:4 0:19 131567:1 0:71 131567:1 0:17 131567:1 0:47 131567:5 0:4 131567:5 0:2 131567:5 0:12 131567:5 0:1 131567:4 0:16 131567:5 0:94 544580:5 0:2 544580:5 0:4 544580:2 0:3 544580:1 0:19 131567:1 0:74 131567:5 0:1 131567:5 0:4 131567:4 0:38
C	3388	544580	981	0:82 131567:1 0:48 131567:4 0:4 131567:5 0:1 131567:5 0:110 544580:5 0:2 544580:4 0:46 131567:11 0:1 131567:6 0:52 131567:4 0:1 131567:5 0:12 131567:5 0:2 131567:5 0:4 131567:5 0:125 131567:1 0:11 131567:1 0:90 131567:4 0:6 131567:4 0:19 131567:5 0:7 131567:8 0:47 131567:2 0:8 131567:5 0:174
C	3389	181124	980	0:22 131567:1 0:58 131567:2 0:63 131567:5 0:103 544580:1 0:51 131567:3 0:12 131567:9 0:38 131567:5 0:16 131567:4 0:1 131567:5 0:12 131567:5 0:2 131567:5 0:4 131567:5 0:46 131567:1 0:16 131567:2 0:26 131567:1 0:10 131567:2 0:7 131567:1 0:13 131567:1 0:11 131567:1 0:19 131567:4 0:40 181124:5 0:19 131567:4 0:6 131567:4 0:19 131567:5 0:7 131567:8 0:19 131567:4 0:14 131567:4 0:7 131567:2 0:8 131567:5 0:137 131567:5 0:16 131567:1 0:14
C	3390	544580	974	0:205 131567:1 0:13 131567:1 0:19 544580:1 0:3 544580:2 0:4 544580:5 0:2 544580:5 0:44 131567:5 0:29 131567:5 0:6 131567:5 0:16 131567:4 0:1 131567:5 0:12 131567:5 0:2 131567:5 0:106 131567:1 0:69 131567:4 0:100 131567:5 0:51 131567:4 0:7 131567:2 0:8 131567:5 0:81 131567:5 0:87
C	3391	28985	1023	0:40 4910:5 0:22 4893:5 0:5 4910:1 0:25 451864:5 0:2 4893:7 0:45 4910:4 0:43 28985:5 0:2 28985:5 0:22 4910:2 0:38 4910:5 0:2 4910:3 0:54 4910:5 0:55 131567:4 0:17 131567:5 0:6 131567:5 0:16 131567:4 0:1 131567:5 0:12 131567:5 0:2 131567:5 0:4 131567:5 0:15 147537:5 0:9 147537:6 0:56 131567:1 0:10 131567:2 0:7 131567:1 0:1 4893:7 4910:5 0:19 4910:4 0:21 131567:2 0:53 131567:4 0:6 131567:4 0:19 131567:5 0:7 131567:8 0:19 131567:4 0:14 131567:3 0:5 4893:1 0:6 4910:4 0:93 4910:5 0:6 4910:3 0:45 4910:1
C	3392	40324	925	0:280 40324:5 0:271 40324:5 0:13 131567:5 0:3 2:5 0:304
C	3393	544580	984	0:22 131567:1 0:58 131567:2 0:48 131567:4 0:4 131567:5 0:1 131567:5 0:103 544580:1 0:3 544580:2 0:4 544580:5 0:2 544580:5 0:33 131567:3 0:12 131567:11 0:1 131567:8 0:49 131567:4 0:1 131567:5 0:12 131567:5 0:2 131567:5 0:4 131567:5 0:90 131567:1 0:10 131567:2 0:7 131567:1 0:13 131567:1 0:11 131567:1 0:86 131567:4 0:41 131567:8 0:19 131567:4 0:14 131567:4 0:7 131567:2 0:8 131567:5 0:63 131567:4 0:16 131567:4 0:89
C	3394	2	937	0:186 477697:2 0:54 477697:3 0:13 131567:1 0:20 40324:5 0:81 3273430:5 0:202 131567:5 0:326
C	3395	544580	850	0:65 131567:4 0:63 131567:5 0:8 131567:2 0:7 131567:4 0:14 131567:4 0:34 131567:4 0:120 131567:1 0:11 131567:1 0:13 131567:1 0:7 131567:2 0:10 131567:1 0:26 131567:2 0:16 131567:1 0:46 131567:5 0:4 131567:5 0:2 131567:5 0:12 131567:5 0:1 131567:4 0:16 131567:5 0:6 131567:5 0:33 131567:5 0:12 131567:3 0:33 544580:5 0:2 544580:5 0:4 544580:2 0:3 544580:1 0:19 131567:1 0:13 131567:1 0:70 131567:5 0:1 131567:5 0:4 131567:4 0:38
C	3397	544580	983	0:22 131567:1 0:58 131567:2 0:48 131567:4 0:4 131567:5 0:1 131567:5 0:68 131567:1 0:13 131567:1 0:19 544580:1 0:3 544580:2 0:4 544580:5 0:2 544580:5 0:33 131567:3 0:12 131567:11 0:1 131567:8 0:17 131567:5 0:6 131567:5 0:16 131567:4 0:1 131567:5 0:12 131567:5 0:2 131567:5 0:4 131567:5 0:46 131567:1 0:16 131567:2 0:26 131567:1 0:10 131567:2 0:7 131567:1 0:13 131567:1 0:11 131567:1 0:19 131567:4 0:63 131567:4 0:6 131567:4 0:19 131567:5 0:7 131567:8 0:19 131567:4 0:14 131567:4 0:7 131567:2 0:8 131567:5 0:63 131567:4 0:108
C	3398	477697	806	0:189 477697:2 0:55 477697:3 0:13 131567:1 0:18 131567:7 2:6 0:14 131567:5 0:169 3273430:5 0:60 227086:1 0:29 131567:5 0:3 2:5 0:16 477697:5 0:161
C	3399	544580	987	0:83 131567:2 0:48 131567:4 0:4 131567:5 0:1 131567:5 0:70 131567:1 0:13 131567:1 0:19 544580:1 0:3 544580:2 0:4 544580:5 0:2 544580:5 0:33 131567:3 0:12 131567:8 0:39 131567:5 0:16 131567:4 0:1 131567:5 0:123 131567:1 0:10 131567:2 0:7 131567:1 0:44 131567:4 0:63 131567:4 0:6 131567:4 0:58 131567:4 0:14 131567:4 0:7 131567:2 0:8 131567:5 0:63 131567:4 0:94 131567:1 0:16
C	3400	544580	984	0:44 45151:1 0:16 4893:5 0:16 131567:2 0:48 131567:4 0:4 131567:5 0:1 131567:5 0:70 131567:1 0:13 131567:1 0:19 544580:1 0:3 544580:2 0:4 544580:5 0:57 131567:11 0:1 131567:8 0:17 131567:5 0:6 131567:5 0:16 131567:4 0:1 131567:5 0:12 131567:5 0:2 131567:5 0:4 131567:5 0:62 131567:2 0:26 131567:1 0:10 131567:2 0:7 131567:1 0:13 131567:1 0:11 131567:1 0:19 131567:4 0:63 131567:4 0:6 131567:4 0:19 131567:5 0:7 131567:7 0:39 131567:4 0:7 131567:2 0:8 131567:5 0:137 131567:5 0:16 131567:1 0:12
C	3401	1224	1141	0:28 9606:1 0:92 9606:2 0:5 9606:1 0:335 477697:3 0:13 131567:1 0:20 40324:5 0:20 131567:5 0:15 2:3 0:150 3273430:5 0:98 2:5 0:300
C	3402	544580	849	0:46 131567:4 0:16 131567:4 0:63 131567:5 0:8 131567:2 0:84 131567:4 0:6 131567:4 0:63 131567:4 0:48 131567:1 0:7 131567:2 0:10 131567:1 0:44 131567:1 0:46 131567:5 0:4 131567:5 0:2 131567:5 0:12 131567:5 0:1 131567:4 0:51 131567:6 0:1 131567:11 0:12 131567:3 0:33 544580:5 0:2 544580:5 0:4 544580:2 0:3 544580:1 0:19 131567:1 0:13 131567:1 0:69 131567:5 0:1 131567:5 0:4 131567:4 0:38
C	3403	544580	982	0:22 131567:1 0:58 131567:2 0:48 131567:4 0:4 131567:5 0:1 131567:5 0:65 131567:1 0:13 131567:1 0:19 544580:1 0:3 544580:2 0:4 544580:5 0:40 131567:3 0:12 131567:11 0:1 131567:8 0:17 131567:5 0:6 131567:5 0:16 131567:4 0:1 131567:5 0:12 131567:5 0:2 131567:5 0:4 131567:5 0:46 131567:1 0:16 131567:2 0:26 131567:1 0:10 131567:2 0:7 131567:1 0:13 131567:1 0:11 131567:1 0:19 131567:4 0:63 131567:4 0:6 131567:4 0:19 131567:5 0:7 131567:8 0:19 131567:4 0:14 131567:4 0:7 131567:2 0:8 131567:5 0:63 131567:4 0:16 131567:4 0:51 131567:5 0:16 131567:1 0:17
C	3404	544580	846	0:46 131567:4 0:16 131567:4 0:63 131567:5 0:8 131567:2 0:7 131567:4 0:49 131567:5 0:19 131567:4 0:6 131567:4 0:61 131567:4 0:19 131567:1 0:138 131567:5 0:4 131567:5 0:2 131567:5 0:12 131567:5 0:1 131567:4 0:16 131567:5 0:6 131567:5 0:17 131567:8 0:1 131567:11 0:12 131567:3 0:33 544580:5 0:2 544580:5 0:4 544580:2 0:3 544580:1 0:19 131567:1 0:13 131567:1 0:70 131567:5 0:1 131567:5 0:4 131567:4 0:38
C	3405	40324	968	0:2 477697:4 0:346 2:5 0:3 131567:5 0:13 40324:5 0:223 2:3 0:15 131567:5 0:20 40324:5 0:62 9606:5 0:22 477697:2 0:189
C	3406	544580	981	0:22 131567:1 0:108 131567:4 0:4 131567:5 0:1 131567:5 0:69 131567:1 0:13 131567:1 0:37 544580:5 0:33 131567:3 0:49 131567:4 0:6 131567:5 0:16 131567:4 0:1 131567:5 0:12 131567:5 0:2 131567:5 0:4 131567:5 0:46 131567:1 0:16 131567:2 0:26 131567:1 0:10 131567:2 0:7 131567:1 0:13 131567:1 0:11 131567:1 0:19 131567:4 0:63 131567:4 0:6 131567:4 0:60 131567:4 0:14 131567:4 0:7 131567:2 0:8 131567:5 0:63 131567:4 0:72 131567:5 0:16 131567:1 0:9
C	3408	544580	983	0:22 131567:1 0:58 131567:2 0:48 131567:4 0:4 131567:5 0:1 131567:5 0:70 131567:1 0:13 131567:1 0:19 544580:1 0:3 544580:2 0:4 544580:5 0:2 544580:5 0:33 131567:3 0:12 131567:11 0:1 131567:5 0:30 131567:5 0:16 131567:4 0:1 131567:5 0:12 131567:5 0:2 131567:5 0:74 131567:2 0:26 131567:1 0:10 131567:2 0:7 131567:1 0:13 131567:1 0:11 131567:1 0:19 131567:4 0:93 131567:5 0:7 131567:8 0:19 131567:4 0:14 131567:4 0:7 131567:2 0:8 131567:5 0:63 131567:4 0:16 131567:4 0:51 131567:5 0:16 131567:1 0:15
C	3409	544580	860	0:52 131567:4 0:16 131567:4 0:63 131567:5 0:8 131567:2 0:7 131567:4 0:14 131567:4 0:19 131567:8 0:7 131567:5 0:19 131567:4 0:6 131567:4 0:63 131567:4 0:19 131567:1 0:11 131567:1 0:13 131567:1 0:7 131567:2 0:10 131567:1 0:44 131567:1 0:61 131567:5 0:49 131567:5 0:17 131567:8 0:1 131567:11 0:12 131567:3 0:33 544580:5 0:2 544580:5 0:4 544580:2 0:3 544580:1 0:19 131567:1 0:13 131567:1 0:75 131567:5 0:1 131567:5 0:4 131567:4 0:38
C	3410	131567	846	0:46 131567:4 0:16 131567:4 0:63 131567:5 0:8 131567:2 0:7 131567:4 0:39 131567:7 0:7 131567:5 0:19 131567:4 0:6 131567:4 0:63 131567:4 0:19 131567:1 0:11 131567:1 0:13 131567:1 0:7 131567:2 0:10 131567:1 0:105 131567:5 0:68 131567:6 0:1 131567:11 0:105 131567:1 0:127
C	3411	131567	843	0:45 131567:4 0:16 131567:4 0:63 131567:5 0:8 131567:2 0:7 131567:4 0:14 131567:4 0:19 131567:8 0:7 131567:5 0:29 131567:4 0:95 131567:4 0:13 131567:1 0:7 131567:2 0:10 131567:1 0:104 131567:5 0:12 131567:5 0:1 131567:4 0:16 131567:5 0:6 131567:5 0:17 131567:8 0:1 131567:11 0:88 131567:1 0:13 131567:1 0:68 131567:5 0:1 131567:5 0:4 131567:4 0:38
C	3412	131567	973	0:22 131567:1 0:110 131567:4 0:4 131567:5 0:1 131567:5 0:69 131567:1 0:98 131567:11 0:1 131567:8 0:17 131567:5 0:6 131567:5 0:16 131567:4 0:1 131567:5 0:169 131567:1 0:19 131567:4 0:94 131567:5 0:34 131567:5 0:14 131567:4 0:7 131567:2 0:8 131567:5 0:63 131567:4 0:71 131567:5 0:16 131567:1 0:9
C	3413	131567	843	0:43 131567:4 0:16 131567:4 0:63 131567:5 0:8 131567:2 0:7 131567:4 0:14 131567:4 0:34 131567:4 0:19 131567:4 0:6 131567:4 0:63 131567:4 0:19 131567:1 0:11 131567:1 0:13 131567:1 0:7 131567:2 0:10 131567:1 0:26 131567:2 0:16 131567:1 0:46 131567:5 0:4 131567:5 0:2 131567:5 0:12 131567:5 0:1 131567:4 0:16 131567:5 0:6 131567:5 0:17 131567:8 0:1 131567:7 0:95 131567:1 0:13 131567:1 0:69 131567:5 0:1 131567:5 0:4 131567:4 0:34
C	3414	2916678	835	0:128 131567:5 0:34 131567:4 0:38 2916678:5 0:12 131567:4 0:73 131567:4 0:19 131567:1 0:11 131567:1 0:13 131567:1 0:7 131567:2 0:10 131567:1 0:144 131567:5 0:6 131567:5 0:124 131567:3 0:84 131567:5 0:1 131567:5 0:4 131567:4 0:38
C	3415	3273430	1011	0:389 2:5 0:3 131567:5 0:93 3273430:5 0:102 3273430:5 0:83 40324:5 0:20 131567:1 0:68 477697:2 0:191
C	3416	544580	849	0:46 131567:4 0:16 131567:4 0:63 131567:5 0:8 131567:2 0:7 131567:4 0:14 131567:4 0:19 131567:8 0:7 131567:5 0:19 131567:4 0:6 131567:4 0:63 131567:4 0:45 131567:5 0:3 131567:2 0:10 131567:1 0:26 131567:2 0:16 131567:1 0:63 131567:5 0:12 131567:5 0:1 131567:4 0:16 131567:5 0:6 131567:5 0:17 131567:8 0:58 544580:5 0:2 544580:5 0:4 544580:2 0:3 544580:1 0:105 131567:5 0:1 131567:5 0:4 131567:4 0:37
C	3417	5144	785	0:224 131567:5 0:4 716546:3 0:34 716546:2 0:9 716546:1 0:44 181124:5 0:111 37727:1 0:56 716546:5 0:1 131567:3 5144:5 0:28 131567:1 0:16 131567:5 0:7 131567:4 0:10 131567:2 0:5 716546:4 0:156
C	3418	3273430	1291	0:338 1884633:1 0:427 3273430:5 0:99 3273430:5 0:87 40324:5 0:20 131567:1 0:13 477697:3 0:253
C	3419	5144	867	0:246 716545:1 0:5 131567:5 0:16 131567:1 0:28 5144:5 131567:3 0:1 716546:5 0:262 716546:3 0:4 131567:5 0:243
C	3420	544580	977	0:22 131567:1 0:58 131567:2 0:48 131567:4 0:4 131567:5 0:1 131567:5 0:69 131567:1 0:13 131567:1 0:19 544580:1 0:3 544580:2 0:4 544580:5 0:2 544580:5 0:33 131567:3 0:12 131567:7 0:29 131567:5 0:48 131567:5 0:2 131567:5 0:4 131567:5 0:91 131567:1 0:10 131567:2 0:7 131567:1 0:13 131567:1 0:11 131567:1 0:19 131567:4 0:108 131567:8 0:19 131567:4 0:14 131567:4 0:7 131567:2 0:8 131567:5 0:63 131567:4 0:16 131567:4 0:83
C	3421	1328300	915	0:23 131567:3 0:20 131567:3 0:7 147550:4 0:9 147550:2 0:6 147550:1 0:2 232080:4 0:22 232080:7 0:70 232080:3 0:11 232080:5 0:80 34397:1 0:9 716545:3 0:10 716545:1 0:5 131567:5 0:15 131567:5 0:17 131567:5 0:47 336722:5 0:10 131567:2 0:3 5125:2 0:4 5125:5 232080:1 0:1 5125:1 0:7 5125:5 0:14 222543:5 0:71 147550:1 0:15 5125:5 0:12 5125:10 716546:1 0:40 232080:2 0:53 147550:2 0:5 147550:2 0:27 232080:5 0:5 232080:5 0:81 1328300:5 0:1 1328300:3 0:23 232080:8 0:8 232080:5 0:10 232080:1 0:5
C	3423	40324	923	0:189 477697:2 0:54 477697:3 0:13 131567:1 0:20 40324:5 0:192 3273430:5 0:72 40324:5 0:13 131567:5 0:3 2:5 0:302
C	3424	1268659	1303	0:269 131567:3 0:44 131567:4 0:5 131567:6 0:28 131567:3 0:5 5204:2 0:316 131567:1 0:5 131567:5 0:3 131567:5 0:3 131567:1 0:36 131567:5 0:175 55193:2 0:54 131567:4 0:18 131567:2 0:12 131567:2 0:9 131567:5 0:13 131567:2 0:26 1268659:5 0:116 1268:1 0:74
C	3426	3273430	1039	0:280 477697:2 0:54 477697:3 0:13 131567:1 0:20 40324:5 0:40 2:3 0:41 3273430:5 0:104 3273430:5 0:93 131567:5 0:3 2:5 0:323
C	3427	2	1294	0:261 477697:5 0:72 1884633:1 0:428 3273430:5 0:105 3273430:5 0:124 477697:3 0:54 477697:2 0:195
C	3428	544580	849	0:46 131567:4 0:16 131567:4 0:75 131567:2 0:49 131567:8 0:7 131567:5 0:19 131567:4 0:6 131567:4 0:63 131567:4 0:19 131567:1 0:11 131567:1 0:13 131567:1 0:7 131567:2 0:10 131567:1 0:26 131567:2 0:63 131567:5 0:4 131567:5 0:2 131567:5 0:12 131567:5 0:1 131567:4 0:16 131567:5 0:6 131567:5 0:17 131567:8 0:1 131567:11 0:12 131567:3 0:33 544580:5 0:2 544580:5 0:4 544580:2 0:3 544580:1 0:19 131567:1 0:13 131567:1 0:69 131567:5 0:1 131567:5 0:4 131567:4 0:38
C	3430	544580	848	0:46 131567:4 0:16 131567:4 0:164 131567:4 0:6 131567:4 0:63 131567:4 0:30 131567:1 0:13 131567:1 0:7 131567:2 0:10 131567:1 0:97 131567:5 0:2 131567:5 0:12 131567:5 0:1 131567:4 0:117 544580:5 0:37 131567:1 0:13 131567:1 0:70 131567:5 0:1 131567:5 0:4 131567:4 0:40
C	3431	1268659	918	0:73 1268:1 0:116 1268659:5 0:26 131567:2 0:13 131567:5 0:9 131567:2 0:12 131567:2 0:77 55193:2 0:176 131567:5 0:36 131567:1 0:3 131567:5 0:3 131567:5 0:5 131567:1 0:299
C	3433	5144	753	0:155 716545:1 0:5 121627:1 0:16 131567:2 0:60 716546:2 0:9 716546:1 0:159 37727:1 0:56 716546:5 0:1 131567:3 5144:5 0:58 131567:4 0:175
C	3434	477697	953	0:191 477697:2 0:55 477697:3 0:13 131567:1 0:18 131567:7 2:6 0:14 131567:5 0:15 2:3 0:22 2:1 0:127 3273430:5 0:60 227086:1 0:29 131567:5 0:3 2:5 0:16 477697:5 0:5 477697:1 0:301
C	3435	544580	852	0:42 131567:4 0:16 131567:4 0:63 131567:5 0:8 131567:2 0:7 131567:4 0:14 131567:4 0:19 131567:8 0:7 131567:5 0:19 131567:4 0:6 131567:4 0:63 131567:4 0:19 131567:1 0:11 131567:1 0:13 131567:1 0:7 131567:2 0:38 131567:2 0:16 131567:1 0:46 131567:5 0:4 131567:5 0:2 131567:5 0:39 131567:5 0:6 131567:5 0:17 131567:8 0:1 131567:11 0:12 131567:3 0:33 544580:5 0:2 544580:5 0:4 544580:2 0:3 544580:1 0:19 131567:1 0:87 131567:5 0:1 131567:5 0:4 131567:4 0:39
C	3436	336722	771	0:5 93133:4 0:19 93133:5 0:71 336722:3 0:96 716546:4 0:14 147541:3 0:12 716546:3 0:73 131567:5 0:5 131567:6 0:65 131567:2 0:16 336722:5 0:72 716546:5 0:1 131567:5 0:2 716545:1 0:7 131567:1 0:4 131567:4 0:9 131567:5 0:15 131567:5 0:7 131567:4 0:10 131567:2 0:5 716546:4 0:145 122368:2 0:6
C	3437	181762	854	0:203 181762:2 0:3 181762:1 0:49 131567:5 0:9 131567:2 0:12 131567:2 0:18 131567:4 0:107 5338:3 0:21 456999:2 0:137 131567:1 0:3 131567:5 0:3 131567:5 0:5 131567:1 0:10 131567:3 0:204
C	3438	544580	970	0:18 131567:1 0:108 131567:4 0:4 131567:5 0:1 131567:5 0:65 131567:1 0:13 131567:1 0:34 544580:5 0:47 131567:11 0:1 131567:8 0:49 131567:2 0:1 131567:5 0:12 131567:5 0:2 131567:5 0:4 131567:5 0:63 131567:2 0:26 131567:1 0:10 131567:2 0:7 131567:1 0:13 131567:1 0:11 131567:1 0:19 131567:4 0:63 131567:4 0:6 131567:4 0:19 131567:5 0:7 131567:8 0:19 131567:4 0:14 131567:4 0:7 131567:2 0:8 131567:5 0:63 131567:4 0:70 131567:5 0:16 131567:1 0:15
C	3439	544580	849	0:46 131567:4 0:16 131567:4 0:63 131567:5 0:8 131567:2 0:7 131567:4 0:14 131567:4 0:19 131567:8 0:7 131567:5 0:19 131567:4 0:6 131567:4 0:63 131567:4 0:45 131567:5 0:3 131567:2 0:10 131567:1 0:26 131567:2 0:63 131567:5 0:4 131567:5 0:2 131567:5 0:12 131567:5 0:1 131567:4 0:16 131567:5 0:6 131567:5 0:17 131567:3 0:64 544580:5 0:2 544580:5 0:4 544580:2 0:3 544580:1 0:19 131567:1 0:13 131567:1 0:76 131567:5 0:4 131567:4 0:38
C	3440	477697	923	0:161 477697:2 0:88 131567:7 2:6 0:14 131567:5 0:15 2:3 0:22 2:1 0:222 131567:5 0:3 2:5 0:16 477697:5 0:5 477697:1 0:303
C	3441	226230	847	0:45 131567:4 0:16 131567:4 0:63 131567:5 0:8 131567:2 0:102 131567:4 0:87 226230:4 0:21 131567:1 0:7 131567:2 0:10 131567:1 0:92 131567:2 0:4 131567:5 0:2 131567:5 0:12 131567:5 0:1 131567:4 0:27 131567:5 0:123 131567:1 0:13 131567:1 0:69 131567:5 0:1 131567:5 0:4 131567:4 0:37
C	3442	544580	851	0:66 131567:4 0:63 131567:5 0:8 131567:2 0:7 131567:4 0:14 131567:4 0:19 131567:8 0:7 131567:5 0:19 131567:4 0:6 131567:4 0:63 131567:4 0:19 131567:1 0:11 131567:1 0:13 131567:1 0:7 131567:2 0:10 131567:1 0:26 131567:2 0:16 131567:1 0:46 131567:5 0:4 131567:5 0:2 131567:5 0:39 131567:5 0:6 131567:5 0:17 131567:8 0:1 131567:11 0:12 131567:3 0:33 544580:5 0:2 544580:5 0:4 544580:2 0:3 544580:1 0:19 131567:1 0:13 131567:1 0:70 131567:5 0:1 131567:5 0:4 131567:4 0:38
C	3443	181762	1051	0:8 181762:1 0:1 181762:5 0:228 131567:5 0:30 131567:5 0:26 131567:4 0:22 131567:3 0:209 4751:2 0:55 131567:1 0:10 131567:3 0:399
C	3444	544580	856	0:67 131567:4 0:63 131567:5 0:8 131567:2 0:7 131567:4 0:14 131567:4 0:19 131567:1 0:96 498019:5 0:5 131567:5 0:242 131567:5 0:85 544580:5 0:2 544580:5 0:4 544580:2 0:3 544580:1 0:19 131567:1 0:13 131567:1 0:74 131567:5 0:46
C	3445	477697	997	0:2 477697:4 0:340 477697:1 0:5 477697:5 0:16 2:5 0:3 131567:5 0:29 227086:1 0:60 3273430:5 0:125 2:1 0:22 2:3 0:15 131567:5 0:14 2:6 131567:7 0:88 477697:2 0:194
C	3446	1268659	1170	0:65 1268659:5 0:504 4751:2 0:62 181124:1 0:119 131567:5 0:5 131567:9 0:8 131567:5 0:22 131567:4 0:60 131567:2 0:258
C	3447	181124	1135	0:316 4751:4 0:7 4751:5 0:25 131567:5 0:26 131567:4 0:22 131567:5 0:8 131567:9 0:5 131567:5 0:117 181124:1 0:58 4751:2 0:69 131567:3 0:405
C	3448	5338	1160	0:69 490731:1 0:481 181124:5 0:14 4751:2 0:62 181124:1 0:118 131567:2 0:52 131567:4 0:26 131567:3 0:4 2759:2 0:21 451864:4 131567:2 0:232 181762:5 0:1 181762:1 0:14
C	3449	544580	986	0:82 131567:2 0:48 131567:4 0:4 131567:5 0:1 131567:5 0:70 131567:1 0:13 131567:1 0:19 544580:1 0:3 544580:2 0:4 544580:5 0:2 544580:5 0:33 131567:3 0:12 131567:11 0:1 131567:8 0:80 131567:5 0:4 131567:5 0:46 131567:1 0:16 131567:2 0:26 131567:1 0:10 131567:2 0:7 131567:1 0:13 131567:1 0:11 131567:1 0:85 131567:4 0:6 131567:4 0:19 131567:5 0:7 131567:8 0:19 131567:4 0:14 131567:4 0:7 131567:2 0:8 131567:5 0:174
C	3450	5125	903	0:2 1760811:4 0:42 131567:1 147550:2 0:251 131567:5 0:16 131567:1 0:33 131567:3 0:170 147550:5 0:32 716546:1 0:71 5125:5 0:2 5125:5 0:9 5144:2 0:207
C	3451	3273430	944	0:188 477697:2 0:55 477697:3 0:13 131567:1 0:20 40324:5 0:84 3273430:5 0:105 3273430:5 0:95 131567:5 0:3 2:5 0:316
C	3452	544580	1302	0:266 131567:3 0:43 131567:4 0:38 131567:1 0:58 131567:2 0:48 131567:4 0:4 131567:5 0:1 131567:5 0:64 131567:1 0:13 131567:1 0:19 544580:1 0:3 544580:2 0:4 544580:5 0:2 544580:5 0:33 131567:3 0:12 131567:11 0:1 131567:4 0:50 131567:4 0:1 131567:5 0:12 131567:5 0:2 131567:5 0:4 131567:5 0:46 131567:1 0:16 131567:2 0:26 131567:1 0:10 131567:2 0:7 131567:1 0:13 131567:1 0:11 131567:1 0:19 131567:4 0:63 131567:4 0:6 131567:4 0:19 131567:5 0:7 131567:8 0:19 131567:4 0:14 131567:4 0:7 131567:2 0:8 131567:5 0:63 131567:4 0:16 131567:4 0:82
C	3453	544580	699	0:5 131567:4 0:14 131567:4 0:19 131567:8 0:7 131567:5 0:19 131567:4 0:6 131567:4 0:86 131567:1 0:11 131567:1 0:13 131567:1 0:7 131567:2 0:10 131567:1 0:89 131567:5 0:4 131567:5 0:2 131567:5 0:12 131567:5 0:1 131567:4 0:16 131567:5 0:6 131567:5 0:17 131567:8 0:1 131567:6 0:54 544580:5 0:2 544580:5 0:4 544580:2 0:3 544580:1 0:19 131567:1 0:13 131567:1 0:70 131567:5 0:1 131567:5 0:4 131567:4 0:38
C	3454	477697	953	0:188 477697:2 0:55 477697:3 0:13 131567:1 0:18 131567:7 2:6 0:14 131567:5 0:15 2:3 0:150 3273430:5 0:60 227086:1 0:29 131567:5 0:3 2:5 0:16 477697:5 0:5 477697:1 0:304
C	3455	477697	993	0:347 477697:1 0:5 477697:5 0:16 2:5 0:3 131567:5 0:29 227086:1 0:61 3273430:5 0:168 131567:5 0:14 2:6 131567:7 0:18 131567:1 0:13 477697:3 0:54 477697:2 0:185
C	3457	544580	848	0:46 131567:4 0:16 131567:4 0:64 131567:5 0:8 131567:2 0:52 131567:2 0:7 131567:5 0:19 131567:4 0:6 131567:4 0:86 131567:1 0:11 131567:1 0:13 131567:1 0:7 131567:2 0:10 131567:1 0:26 131567:2 0:16 131567:1 0:46 131567:5 0:4 131567:5 0:2 131567:5 0:12 131567:5 0:1 131567:4 0:16 131567:5 0:6 131567:5 0:17 131567:8 0:1 131567:11 0:12 131567:3 0:33 544580:5 0:49 131567:1 0:70 131567:5 0:1 131567:5 0:4 131567:4 0:38
C	3458	40324	919	0:187 477697:2 0:55 477697:3 0:13 131567:1 0:20 40324:5 0:190 3273430:5 0:72 40324:5 0:13 131567:5 0:3 2:5 0:301
C	3459	40324	931	0:188 477697:2 0:55 477697:3 0:13 131567:1 0:20 40324:5 0:20 131567:5 0:15 2:3 0:226 40324:5 0:13 131567:5 0:3 2:5 0:310
C	3460	544580	987	0:22 131567:1 0:58 131567:2 0:48 131567:4 0:4 131567:5 0:1 131567:5 0:69 131567:1 0:13 131567:1 0:19 544580:1 0:3 544580:2 0:4 544580:5 0:2 544580:5 0:33 131567:3 0:12 131567:11 0:1 131567:8 0:17 131567:5 0:6 131567:5 0:16 131567:4 0:1 131567:5 0:125 131567:1 0:10 131567:2 0:7 131567:1 0:13 131567:1 0:11 131567:1 0:19 131567:4 0:73 131567:4 0:19 131567:5 0:7 131567:8 0:19 131567:4 0:14 131567:4 0:7 131567:2 0:8 131567:5 0:65 131567:4 0:16 131567:4 0:51 131567:5 0:16 131567:1 0:15
C	3461	544580	847	0:67 131567:2 0:63 131567:5 0:8 131567:2 0:7 131567:4 0:14 131567:4 0:19 131567:8 0:7 131567:5 0:19 131567:4 0:6 131567:4 0:63 131567:4 0:32 131567:1 0:13 131567:1 0:7 131567:2 0:10 131567:1 0:122 131567:5 0:1 131567:4 0:16 131567:5 0:6 131567:5 0:17 131567:8 0:1 131567:11 0:12 131567:3 0:49 544580:2 0:3 544580:1 0:19 131567:1 0:13 131567:1 0:71 131567:5 0:1 131567:5 0:4 131567:4 0:36
C	3462	544580	830	0:40 131567:4 0:86 131567:5 0:8 131567:2 0:7 131567:4 0:51 131567:4 0:127 131567:1 0:13 131567:1 0:8 508771:1 0:51 131567:1 0:60 131567:5 0:12 131567:5 0:1 131567:4 0:46 131567:9 0:1 131567:11 0:48 544580:5 0:2 544580:5 0:4 544580:2 0:3 544580:1 0:19 131567:1 0:13 131567:1 0:66 131567:5 0:1 131567:5 0:4 131567:4 0:39
C	3463	40324	925	0:188 477697:2 0:55 477697:3 0:13 131567:1 0:20 40324:5 0:20 131567:5 0:15 2:3 0:150 3273430:5 0:72 40324:5 0:329
C	3464	544580	977	0:22 131567:1 0:57 131567:2 0:61 131567:5 0:61 131567:1 0:13 131567:1 0:19 544580:1 0:3 544580:2 0:4 544580:5 0:54 131567:6 0:40 131567:5 0:16 131567:4 0:1 131567:5 0:12 131567:5 0:2 131567:5 0:4 131567:5 0:126 131567:1 0:11 131567:1 0:19 131567:4 0:63 131567:4 0:6 131567:4 0:19 131567:5 0:7 131567:8 0:19 131567:4 0:14 131567:4 0:7 131567:2 0:8 131567:5 0:63 131567:4 0:16 131567:4 0:93
C	3465	40324	925	0:242 477697:3 0:13 131567:1 0:20 40324:5 0:20 131567:5 0:15 2:3 0:153 3273430:5 0:72 40324:5 0:13 131567:5 0:3 2:5 0:303
C	3466	40324	973	0:2 477697:4 0:344 2:5 0:3 131567:5 0:13 40324:5 0:72 3273430:5 0:150 2:3 0:15 131567:5 0:20 40324:5 0:20 131567:1 0:13 477697:3 0:55 477697:2 0:189
C	3467	131567	845	0:62 131567:4 0:63 131567:5 0:8 131567:2 0:7 131567:4 0:14 131567:4 0:19 131567:8 0:7 131567:5 0:19 131567:4 0:6 131567:4 0:64 131567:4 0:19 131567:1 0:11 131567:1 0:13 131567:1 0:7 131567:2 0:10 131567:1 0:160 131567:5 0:17 131567:8 0:1 131567:11 0:12 131567:3 0:159 131567:5 0:1 131567:5 0:4 131567:4 0:37
C	3468	131567	851	0:46 131567:4 0:16 131567:2 0:67 131567:5 0:8 131567:2 0:7 131567:4 0:14 131567:4 0:19 131567:8 0:7 131567:5 0:19 131567:4 0:6 131567:4 0:87 131567:1 0:11 131567:1 0:13 131567:1 0:7 131567:2 0:10 131567:1 0:97 131567:2 0:6 131567:2 0:3 131567:5 0:12 131567:5 0:1 131567:4 0:16 131567:5 0:217 131567:5 0:1 131567:5 0:4 131567:4 0:38
C	3469	2	540	0:19 3273430:5 0:150 2:3 0:40 40324:5 0:20 131567:1 0:13 477697:3 0:55 477697:2 0:190
C	3470	477697	1368	0:341 477697:5 0:385 477697:5 0:16 2:5 0:3 131567:5 0:29 227086:1 0:60 3273430:5 0:162 131567:5 0:14 2:6 131567:7 0:18 131567:1 0:13 477697:3 0:55 477697:2 0:188
C	3471	544580	851	0:66 131567:4 0:141 131567:4 0:19 131567:4 0:6 131567:4 0:63 131567:4 0:19 131567:1 0:11 131567:1 0:13 131567:1 0:7 131567:2 0:10 131567:1 0:126 131567:5 0:1 131567:4 0:16 131567:5 0:6 131567:5 0:17 131567:8 0:1 131567:11 0:12 131567:3 0:33 544580:5 0:2 544580:5 0:4 544580:2 0:3 544580:1 0:19 131567:1 0:13 131567:1 0:70 131567:5 0:1 131567:5 0:4 131567:4 0:38
C	3472	544580	855	0:50 131567:4 0:16 131567:4 0:63 131567:5 0:8 131567:2 0:7 131567:4 0:14 131567:4 0:19 131567:8 0:7 131567:5 0:19 131567:4 0:6 131567:4 0:63 131567:4 0:19 131567:1 0:11 131567:1 0:13 131567:1 0:7 131567:2 0:10 131567:1 0:26 131567:2 0:16 131567:1 0:46 131567:5 0:4 131567:5 0:2 131567:5 0:12 131567:5 0:1 131567:4 0:16 131567:5 0:6 131567:5 0:17 131567:8 0:1 131567:11 0:50 544580:5 0:2 544580:5 0:4 544580:2 0:3 544580:1 0:19 131567:1 0:13 131567:1 0:69 131567:5 0:1 131567:5 0:4 131567:4 0:38
C	3474	3273430	571	0:97 3273430:5 0:60 227086:1 0:29 131567:5 0:3 2:5 0:332
C	3475	544580	778	0:58 131567:5 0:8 131567:2 0:7 131567:4 0:14 131567:4 0:19 131567:8 0:7 131567:5 0:19 131567:4 0:6 131567:4 0:63 131567:4 0:19 131567:1 0:11 131567:1 0:13 131567:1 0:7 131567:2 0:10 131567:1 0:26 131567:1 0:64 131567:5 0:4 131567:5 0:2 131567:5 0:12 131567:5 0:1 131567:4 0:16 131567:5 0:6 131567:5 0:17 131567:8 0:1 131567:7 0:55 544580:5 0:2 544580:5 0:4 544580:2 0:3 544580:1 0:19 131567:1 0:13 131567:1 0:70 131567:5 0:1 131567:5 0:4 131567:4 0:38
C	3476	544580	847	0:44 131567:4 0:16 131567:4 0:63 131567:5 0:8 131567:2 0:7 131567:4 0:14 131567:4 0:59 131567:4 0:6 131567:4 0:63 131567:4 0:19 131567:1 0:11 131567:1 0:13 131567:1 0:7 131567:2 0:10 131567:1 0:89 131567:5 0:4 131567:5 0:2 131567:5 0:12 131567:5 0:1 131567:4 0:16 131567:5 0:6 131567:5 0:17 131567:8 0:1 131567:11 0:12 131567:3 0:33 544580:5 0:2 544580:5 0:4 544580:2 0:3 544580:1 0:19 131567:1 0:13 131567:1 0:70 131567:5 0:1 131567:5 0:4 131567:4 0:38
C	3477	45151	842	0:64 131567:4 0:64 131567:5 0:8 131567:2 0:7 131567:4 0:14 131567:4 0:34 131567:4 0:19 131567:4 0:6 131567:4 0:63 131567:4 0:19 131567:1 0:191 45151:5 0:6 131567:5 0:17 131567:4 0:31 131567:1 0:73 131567:1 0:13 131567:1 0:67 131567:5 0:1 131567:5 0:4 131567:4 0:40
C	3478	3273430	956	0:189 477697:2 0:88 131567:7 2:6 0:14 131567:5 0:15 2:3 0:22 2:1 0:130 3273430:5 0:435
C	3480	544580	885	0:81 131567:4 0:83 131567:5 0:8 131567:2 0:7 131567:4 0:14 131567:4 0:34 131567:4 0:19 131567:4 0:6 131567:4 0:63 131567:4 0:19 131567:1 0:11 131567:1 0:13 131567:1 0:48 131567:2 0:98 131567:5 0:1 131567:4 0:16 131567:5 0:6 131567:5 0:17 131567:8 0:1 131567:3 0:61 544580:5 0:4 544580:2 0:3 544580:1 0:19 131567:1 0:13 131567:1 0:69 131567:5 0:1 131567:5 0:4 131567:4 0:38
C	3482	544580	979	0:22 131567:1 0:58 131567:1 0:48 131567:4 0:4 131567:5 0:1 131567:5 0:69 131567:1 0:13 131567:1 0:19 544580:1 0:3 544580:2 0:4 544580:5 0:2 544580:5 0:47 131567:8 0:29 131567:5 0:6 131567:5 0:16 131567:4 0:1 131567:5 0:12 131567:5 0:2 131567:5 0:4 131567:5 0:86 131567:1 0:10 131567:2 0:7 131567:1 0:13 131567:1 0:11 131567:1 0:19 131567:4 0:63 131567:4 0:6 131567:4 0:19 131567:5 0:7 131567:8 0:19 131567:4 0:14 131567:4 0:7 131567:2 0:8 131567:5 0:140 131567:5 0:16 131567:1 0:15
C	3483	544580	846	0:45 131567:5 0:16 131567:4 0:63 131567:5 0:8 131567:2 0:7 131567:4 0:14 131567:4 0:57 131567:4 0:6 131567:4 0:63 131567:4 0:19 131567:1 0:11 131567:1 0:13 131567:1 0:7 131567:2 0:10 131567:1 0:26 131567:2 0:16 131567:1 0:46 131567:5 0:4 131567:5 0:2 131567:5 0:36 131567:5 0:6 131567:5 0:17 131567:8 0:61 544580:5 0:2 544580:5 0:4 544580:2 0:3 544580:1 0:19 131567:1 0:13 131567:1 0:68 131567:5 0:1 131567:5 0:4 131567:4 0:38
C	3484	2	1008	0:377 2:5 0:33 227086:1 0:60 3273430:5 0:170 131567:5 0:14 2:6 131567:7 0:18 131567:1 0:13 477697:3 0:55 477697:2 0:199
C	3485	40324	922	0:244 477697:3 0:13 131567:1 0:20 40324:5 0:284 131567:5 0:3 2:5 0:305
C	3486	544580	838	0:145 131567:2 0:7 131567:4 0:14 131567:4 0:32 131567:5 0:19 131567:4 0:6 131567:4 0:66 131567:4 0:19 131567:1 0:43 131567:1 0:146 131567:5 0:6 131567:5 0:17 131567:4 0:74 544580:2 0:3 544580:1 0:19 131567:1 0:13 131567:1 0:70 131567:5 0:1 131567:5 0:4 131567:4 0:38
C	3487	544580	847	0:46 131567:4 0:16 131567:4 0:62 131567:5 0:8 131567:2 0:7 131567:4 0:14 131567:4 0:32 131567:5 0:19 131567:4 0:6 131567:4 0:63 131567:4 0:29 131567:4 0:13 131567:1 0:7 131567:2 0:10 131567:1 0:90 131567:5 0:4 131567:5 0:2 131567:5 0:12 131567:5 0:1 131567:4 0:16 131567:5 0:6 131567:5 0:17 131567:8 0:1 131567:11 0:48 544580:5 0:2 544580:5 0:4 544580:2 0:3 544580:1 0:19 131567:1 0:13 131567:1 0:70 131567:5 0:1 131567:5 0:4 131567:4 0:38
C	3488	544580	533	0:51 131567:5 0:71 131567:1 0:13 131567:1 0:19 544580:1 0:3 544580:2 0:4 544580:5 0:2 544580:5 0:33 131567:3 0:12 131567:11 0:1 131567:8 0:17 131567:5 0:6 131567:5 0:16 131567:4 0:1 131567:5 0:143 131567:1 0:45
C	3489	55193	845	0:185 131567:2 0:7 131567:2 0:53 556484:2 0:18 55193:4 0:538
C	3491	544580	880	0:166 131567:5 0:8 131567:2 0:7 131567:4 0:14 131567:4 0:131 131567:3 0:54 131567:2 0:10 131567:2 0:45 131567:1 0:61 131567:5 0:37 131567:5 0:6 131567:5 0:48 131567:5 0:31 544580:5 0:2 544580:5 0:4 544580:2 0:3 544580:1 0:19 131567:1 0:13 131567:1 0:129
C	3494	40324	921	0:257 131567:1 0:20 40324:5 0:39 2:3 0:254 2:5 0:303
C	3495	181762	1065	0:8 181762:1 0:1 181762:5 0:232 131567:2 0:30 131567:5 0:26 131567:4 0:22 131567:5 0:8 131567:9 0:5 131567:5 0:59 5338:3 0:60 181124:1 0:118 131567:1 0:10 131567:3 0:408
C	3496	544580	975	0:22 131567:1 0:108 131567:4 0:4 131567:5 0:1 131567:5 0:70 131567:1 0:13 131567:1 0:19 544580:1 0:3 544580:2 0:4 544580:5 0:2 544580:5 0:33 131567:3 0:12 131567:11 0:1 131567:8 0:17 131567:5 0:6 131567:5 0:39 131567:5 0:2 131567:5 0:4 131567:5 0:46 131567:1 0:16 131567:2 0:26 131567:1 0:10 131567:2 0:7 131567:1 0:13 131567:1 0:11 131567:1 0:19 131567:4 0:63 131567:4 0:6 131567:4 0:19 131567:5 0:7 131567:8 0:19 131567:4 0:14 131567:4 0:7 131567:2 0:71 131567:4 0:16 131567:4 0:82
C	3497	544580	848	0:46 131567:4 0:16 131567:4 0:64 131567:5 0:8 131567:2 0:7 131567:4 0:14 131567:4 0:19 131567:8 0:7 131567:5 0:19 131567:4 0:6 131567:4 0:63 131567:4 0:64 131567:1 0:27 131567:1 0:77 131567:5 0:12 131567:5 0:1 131567:4 0:16 131567:5 0:6 131567:5 0:17 131567:8 0:1 131567:1 0:58 544580:5 0:2 544580:5 0:4 544580:2 0:3 544580:1 0:19 131567:1 0:13 131567:1 0:70 131567:5 0:1 131567:5 0:4 131567:4 0:38
C	3498	332648	896	0:23 131567:3 0:223 716546:4 0:5 131567:2 0:10 131567:4 0:7 131567:5 0:16 131567:2 0:34 131567:1 0:1 716546:5 0:170 131567:6 0:116 131567:2 0:22 716545:1 0:2 332648:2 0:196
C	3499	3273430	995	0:482 3273430:5 0:188 2:4 131567:7 0:18 131567:1 0:13 477697:3 0:240
C	3500	291208	1056	0:8 181762:1 0:1 181762:5 0:230 131567:2 451864:4 0:21 2759:2 0:4 131567:3 0:26 131567:4 0:43 291208:6 3239874:1 0:116 181124:1 0:60 4751:2 0:56 131567:1 0:10 131567:3 0:412
C	3501	477697	1282	0:255 477697:5 0:34 477697:2 0:36 1884633:1 0:330 131567:5 0:93 3273430:5 0:147 2:3 0:65 131567:1 0:13 477697:3 0:55 477697:2 0:193
C	3503	477697	1285	0:256 477697:5 0:71 1884633:1 0:320 2:5 0:3 131567:5 0:206 3273430:5 0:83 40324:5 0:20 131567:1 0:13 477697:3 0:56 477697:2 0:191
C	3504	544580	986	0:22 131567:1 0:58 131567:2 0:48 131567:4 0:4 131567:5 0:1 131567:5 0:69 131567:1 0:13 131567:1 0:19 544580:1 0:3 544580:2 0:4 544580:5 0:2 544580:5 0:34 131567:3 0:12 131567:11 0:1 131567:8 0:138 131567:1 0:16 131567:2 0:26 131567:1 0:10 131567:2 0:7 131567:1 0:6 9606:5 0:98 131567:4 0:6 131567:4 0:19 131567:5 0:7 131567:8 0:19 131567:4 0:14 131567:4 0:7 131567:2 0:8 131567:5 0:63 131567:4 0:73 131567:5 0:16 131567:1 0:17
C	3505	544580	983	0:22 131567:1 0:58 131567:2 0:48 131567:4 0:4 131567:5 0:1 131567:5 0:105 544580:1 0:3 544580:2 0:4 544580:5 0:2 544580:5 0:33 131567:3 0:50 131567:5 0:6 2093779:5 0:107 131567:1 0:53 131567:5 0:7 131567:1 0:13 131567:1 0:11 131567:1 0:95 131567:4 0:19 131567:5 0:7 131567:8 0:19 131567:4 0:14 131567:4 0:7 131567:2 0:8 131567:5 0:169
C	3506	544580	848	0:45 131567:4 0:86 131567:5 0:8 131567:2 0:7 131567:4 0:14 131567:4 0:19 131567:8 0:7 131567:5 0:19 131567:4 0:6 131567:4 0:61 131567:3 0:106 131567:1 0:46 131567:5 0:4 131567:5 0:2 131567:5 0:39 131567:5 0:6 131567:5 0:17 131567:8 0:1 131567:1 0:58 544580:5 0:2 544580:5 0:4 544580:2 0:3 544580:1 0:19 131567:1 0:13 131567:1 0:72 131567:5 0:1 131567:5 0:4 131567:4 0:38
C	3507	544580	531	0:38 131567:4 0:4 131567:5 0:1 131567:5 0:83 131567:1 0:19 544580:1 0:55 131567:3 0:12 131567:11 0:1 131567:8 0:46 131567:2 0:1 131567:5 0:12 131567:5 0:2 131567:5 0:4 131567:5 0:46 131567:1 0:16 131567:2 0:26 131567:1 0:10 131567:2 0:7 131567:1 0:13 131567:1 0:11 131567:1 0:19 131567:2
C	3508	544580	539	0:37 131567:4 0:4 131567:5 0:1 131567:5 0:70 131567:1 0:13 131567:1 0:19 544580:1 0:3 544580:2 0:4 544580:5 0:2 544580:5 0:33 131567:3 0:12 131567:7 0:42 131567:5 0:16 131567:4 0:1 131567:5 0:12 131567:5 0:2 131567:5 0:4 131567:5 0:46 131567:1 0:16 131567:2 0:26 131567:1 0:10 131567:2 0:7 131567:1 0:13 131567:1 0:11 131567:1 0:24
C	3509	181762	1051	0:8 181762:1 0:1 181762:5 0:227 131567:2 0:30 131567:5 0:26 131567:4 0:22 131567:3 0:683
C	3510	544580	851	0:46 131567:4 0:16 131567:4 0:63 131567:5 0:8 131567:2 0:7 131567:4 0:14 131567:4 0:19 131567:8 0:7 131567:5 0:19 131567:4 0:6 131567:4 0:63 131567:4 0:19 131567:1 0:11 131567:1 0:13 131567:1 0:7 131567:2 0:56 131567:1 0:46 131567:5 0:4 131567:5 0:2 131567:5 0:39 131567:5 0:6 131567:5 0:17 131567:7 0:60 544580:5 0:2 544580:5 0:4 544580:2 0:3 544580:1 0:19 131567:1 0:13 131567:1 0:70 131567:5 0:1 131567:5 0:4 131567:4 0:38
C	3511	2	939	0:189 477697:2 0:55 477697:3 0:13 131567:1 0:20 40324:5 0:40 2:3 0:41 3273430:5 0:200 131567:5 0:3 2:5 0:315
C	3512	477697	1285	0:268 477697:5 0:12 131567:4 0:18 477697:4 0:357 2:5 0:3 131567:5 0:13 40324:5 0:72 3273430:5 0:475
C	3513	544580	981	0:23 131567:1 0:60 131567:2 0:48 131567:4 0:4 131567:5 0:1 131567:5 0:95 544580:1 0:3 544580:2 0:4 544580:5 0:2 544580:5 0:56 131567:3 0:1 131567:8 0:17 131567:5 0:6 131567:5 0:16 131567:4 0:1 131567:5 0:12 131567:5 0:2 131567:5 0:4 131567:5 0:46 131567:1 0:43 131567:1 0:10 131567:2 0:7 131567:1 0:50 131567:4 0:63 131567:4 0:6 131567:4 0:57 131567:4 0:14 131567:4 0:7 131567:2 0:8 131567:5 0:174
C	3515	544580	853	0:46 131567:4 0:16 131567:4 0:64 131567:5 0:35 131567:4 0:56 131567:4 0:6 131567:4 0:63 131567:4 0:46 131567:1 0:7 131567:2 0:56 131567:1 0:81 131567:5 0:1 131567:4 0:16 131567:5 0:6 131567:5 0:17 131567:8 0:1 131567:11 0:12 131567:3 0:33 544580:5 0:2 544580:5 0:4 544580:2 0:3 544580:1 0:19 131567:1 0:13 131567:1 0:70 131567:5 0:1 131567:5 0:4 131567:4 0:38
C	3517	477697	998	0:2 477697:4 0:624 2:3 0:15 131567:5 0:14 2:6 131567:6 0:90 477697:2 0:193
C	3518	477697	938	0:184 477697:2 0:58 477697:3 0:13 131567:1 0:316 131567:5 0:322
C	3519	544580	984	0:81 131567:2 0:56 131567:1 0:5 131567:5 0:69 131567:1 0:13 131567:1 0:19 544580:1 0:3 544580:2 0:4 544580:5 0:2 544580:5 0:33 131567:3 0:59 131567:5 0:47 131567:5 0:4 131567:5 0:87 131567:2 0:10 131567:2 0:7 131567:1 0:13 131567:1 0:11 131567:1 0:19 131567:4 0:9 131567:5 0:61 131567:4 0:19 131567:5 0:7 131567:8 0:19 131567:4 0:14 131567:4 0:7 131567:2 0:8 131567:5 0:63 131567:4 0:16 131567:4 0:51 131567:5 0:16 131567:1 0:15
C	3520	2	526	0:19 3273430:5 0:150 2:3 0:15 131567:5 0:20 40324:5 0:20 131567:1 0:13 477697:3 0:55 477697:2 0:176
C	3521	131567	840	0:45 131567:4 0:16 131567:4 0:64 131567:5 0:8 131567:2 0:7 131567:4 0:40 131567:4 0:7 131567:5 0:19 131567:4 0:6 131567:4 0:62 131567:4 0:19 131567:1 0:11 131567:1 0:13 131567:1 0:7 131567:2 0:10 131567:1 0:142 131567:5 0:6 131567:5 0:17 131567:8 0:1 131567:7 0:94 131567:1 0:13 131567:1 0:69 131567:5 0:1 131567:5 0:4 131567:4 0:38
C	3523	40324	969	0:2 477697:4 0:352 131567:5 0:13 40324:5 0:72 3273430:5 0:142 2:3 0:15 131567:5 0:20 40324:5 0:20 131567:1 0:13 477697:3 0:55 477697:2 0:193
C	3524	2	950	0:189 477697:2 0:55 477697:3 0:13 131567:1 0:18 131567:7 2:6 0:14 131567:5 0:15 2:3 0:22 2:1 0:122 3273430:5 0:60 227086:1 0:29 131567:5 0:340
C	3526	544580	849	0:46 131567:4 0:16 131567:4 0:63 131567:5 0:35 131567:4 0:19 131567:8 0:7 131567:5 0:19 131567:4 0:6 131567:4 0:63 131567:4 0:65 131567:1 0:90 131567:5 0:4 131567:5 0:2 131567:5 0:12 131567:5 0:1 131567:4 0:16 131567:5 0:6 131567:5 0:17 131567:8 0:1 131567:11 0:48 544580:5 0:2 544580:5 0:4 544580:2 0:3 544580:1 0:19 131567:1 0:13 131567:1 0:70 131567:5 0:1 131567:5 0:4 131567:4 0:38
C	3527	131567	533	0:37 131567:4 0:4 131567:5 0:1 131567:5 0:120 544580:5 0:33 131567:3 0:67 5204:5 0:9 131567:2 0:1 131567:5 0:12 131567:5 0:2 131567:5 0:4 131567:5 0:46 131567:1 0:16 131567:2 0:26 131567:1 0:10 131567:2 0:7 131567:1 0:13 131567:1 0:11 131567:1 0:19 131567:3
C	3528	477697	1365	0:335 477697:5 0:34 477697:2 0:36 1884633:1 0:328 131567:5 0:93 3273430:5 0:102 3273430:5 0:41 2:3 0:40 40324:5 0:20 131567:1 0:13 477697:3 0:55 477697:2 0:197
C	3529	40324	924	0:240 477697:3 0:13 131567:1 0:20 40324:5 0:20 131567:5 0:15 2:3 0:150 3273430:5 0:72 40324:5 0:333
C	3530	40324	901	0:159 477697:2 0:55 477697:3 0:13 131567:1 0:20 40324:5 0:194 3273430:5 0:72 40324:5 0:13 131567:5 0:3 2:5 0:152 2903788:5 0:150
C	3531	544580	856	0:49 131567:4 0:16 131567:4 0:64 131567:5 0:8 131567:2 0:50 131567:8 0:7 131567:5 0:19 498019:4 0:72 131567:4 0:30 131567:1 0:13 131567:1 0:7 131567:2 0:10 131567:1 0:26 131567:2 0:98 131567:5 0:1 131567:4 0:16 131567:5 0:6 131567:5 0:17 131567:4 0:67 544580:5 0:2 544580:5 0:4 544580:2 0:3 544580:1 0:19 131567:1 0:13 131567:1 0:67 131567:5 0:1 131567:5 0:4 131567:4 0:38
C	3532	477697	1274	0:266 477697:5 0:12 131567:4 0:18 477697:4 0:347 2:5 0:3 131567:5 0:13 40324:5 0:72 3273430:5 0:147 2:3 0:15 131567:5 0:20 40324:5 0:20 131567:1 0:70 477697:2 0:188
C	3533	477697	997	0:2 477697:4 0:408 227086:1 0:60 3273430:5 0:186 2:6 131567:7 0:18 131567:1 0:13 477697:3 0:58 477697:2 0:189
C	3534	544580	536	0:38 131567:4 0:4 131567:5 0:1 131567:5 0:70 131567:1 0:13 131567:1 0:19 544580:1 0:3 544580:2 0:4 544580:5 0:2 544580:5 0:33 131567:3 0:12 131567:9 0:37 131567:5 0:16 131567:4 0:1 131567:5 0:12 131567:5 0:2 131567:5 0:4 131567:5 0:90 131567:1 0:10 131567:2 0:7 131567:1 0:13 131567:1 0:11 131567:1 0:19 131567:2 0:3
C	3536	544580	535	0:46 131567:5 0:1 131567:5 0:69 131567:1 0:13 131567:1 0:19 544580:1 0:3 544580:2 0:4 544580:5 0:2 544580:5 0:33 131567:3 0:12 131567:11 0:1 131567:8 0:25 131567:3 0:21 131567:4 0:1 131567:5 0:12 131567:5 0:2 131567:5 0:4 131567:5 0:46 131567:1 0:16 131567:2 0:26 131567:1 0:10 131567:2 0:7 131567:1 0:13 131567:1 0:11 131567:1 0:21
C	3537	131567	844	0:45 131567:4 0:16 131567:4 0:64 131567:5 0:8 131567:2 0:7 131567:4 0:14 131567:4 0:32 131567:5 0:19 131567:4 0:6 131567:5 0:61 131567:4 0:112 131567:1 0:106 131567:5 0:6 131567:5 0:17 131567:8 0:1 131567:11 0:86 131567:1 0:138
C	3538	181124	959	0:23 131567:3 0:5 5204:2 0:281 131567:3 0:10 131567:1 0:5 131567:5 0:3 131567:5 0:3 131567:1 0:158 5338:3 0:58 131567:5 0:5 131567:9 0:8 131567:5 0:22 131567:4 0:18 131567:2 0:12 131567:2 0:161 181124:2 0:101
C	3539	544580	851	0:45 131567:5 0:16 131567:4 0:74 131567:2 0:7 131567:4 0:14 131567:4 0:42 2916678:5 0:12 131567:4 0:6 131567:5 0:50 181124:5 0:32 131567:1 0:11 131567:1 0:13 131567:1 0:7 131567:2 0:10 131567:1 0:43 131567:1 0:46 131567:5 0:4 131567:5 0:47 131567:5 0:6 131567:5 0:17 131567:3 0:68 544580:5 0:2 544580:5 0:4 544580:2 0:3 544580:5 0:15 131567:1 0:137
C	3540	2	1012	0:261 477697:2 0:55 477697:3 0:13 131567:1 0:20 40324:5 0:40 2:3 0:41 3273430:5 0:200 131567:5 0:3 2:5 0:316
C	3541	40324	979	0:2 477697:4 0:350 131567:5 0:13 40324:5 0:245 131567:5 0:20 40324:5 0:20 131567:1 0:270
C	3542	2231603	765	0:141 5455:2 0:9 147550:2 0:5 147550:2 0:6 5125:1 4751:4 0:67 716546:2 0:9 716546:1 0:28 5125:5 0:69 232080:2 5125:1 0:15 222543:5 0:43 131567:2 0:28 2231603:3 0:11 716546:5 0:1 131567:5 0:2 716545:1 0:7 131567:1 0:4 131567:4 0:9 131567:5 0:15 131567:5 0:5 716545:1 0:177 1279085:1 0:20
C	3543	477697	950	0:183 477697:2 0:55 477697:3 0:13 131567:1 0:18 131567:7 2:6 0:14 131567:5 0:15 2:3 0:218 227086:1 0:29 131567:5 0:3 2:5 0:16 477697:5 0:5 477697:1 0:303
C	3544	477697	948	0:189 477697:2 0:55 477697:3 0:13 131567:1 0:90 2:1 0:126 3273430:5 0:95 2:5 0:16 477697:5 0:5 477697:1 0:302
C	3545	477697	1261	0:237 477697:3 0:13 131567:1 0:292 40324:5 0:13 131567:5 0:3 2:5 0:378 477697:5 0:267
C	3546	1268659	972	0:23 131567:3 0:5 5204:2 0:315 131567:1 0:5 131567:5 0:3 131567:5 0:3 131567:1 0:36 131567:5 0:178 55193:2 0:54 131567:4 0:18 131567:2 0:12 131567:2 0:9 131567:5 0:13 131567:2 0:26 1268659:5 0:194
C	3547	477697	958	0:190 477697:2 0:90 131567:7 2:6 0:14 131567:5 0:234 227086:1 0:57 477697:2 0:316
C	3548	181762	1067	0:8 181762:1 0:1 181762:5 0:230 131567:2 0:30 131567:5 0:26 131567:4 0:22 131567:5 0:8 131567:5 0:72 5338:3 0:59 181124:1 0:62 4751:2 0:67 131567:3 0:412
C	3550	544580	850	0:46 131567:4 0:16 131567:4 0:63 131567:5 0:57 131567:8 0:7 131567:5 0:19 131567:4 0:6 131567:4 0:65 131567:4 0:51 332648:1 0:2 131567:2 0:10 131567:1 0:26 131567:2 0:16 131567:1 0:46 131567:5 0:33 131567:2 0:16 131567:5 0:6 131567:5 0:17 131567:8 0:1 131567:11 0:12 131567:3 0:33 544580:5 0:2 544580:5 0:4 544580:2 0:3 544580:1 0:19 131567:1 0:13 131567:1 0:70 131567:5 0:1 131567:5 0:4 131567:4 0:39
U	3551	0	540	0:236 40324:5 0:265
C	3552	40324	915	0:125 745310:5 0:55 477697:2 0:55 477697:3 0:13 131567:1 0:20 40324:5 0:20 131567:5 0:15 2:3 0:149 3273430:5 0:68 40324:5 0:13 131567:5 0:3 2:5 0:301
C	3553	544580	708	0:70 131567:8 0:7 131567:5 0:19 131567:4 0:6 131567:4 0:63 131567:4 0:19 131567:1 0:11 131567:1 0:13 131567:1 0:7 131567:2 0:10 131567:1 0:88 131567:5 0:4 131567:5 0:2 131567:5 0:39 131567:5 0:6 131567:5 0:17 131567:8 0:1 131567:11 0:12 131567:3 0:33 544580:5 0:2 544580:5 0:4 544580:2 0:3 544580:1 0:19 131567:1 0:13 131567:1 0:70 131567:5 0:1 131567:5 0:4 131567:4 0:24
C	3554	544580	793	0:25 131567:1 0:13 131567:1 0:19 544580:1 0:3 544580:2 0:4 544580:5 0:2 544580:5 0:33 131567:3 0:12 131567:5 0:85 131567:5 0:2 131567:5 0:4 131567:5 0:90 131567:1 0:10 131567:2 0:7 131567:1 0:13 131567:1 0:11 131567:1 0:19 131567:4 0:71 498019:4 0:19 131567:5 0:7 131567:8 0:19 131567:4 0:14 131567:4 0:7 131567:2 0:8 131567:5 0:66 131567:4 0:16 131567:4 0:51 131567:5 0:16 131567:1 0:19
C	3555	5144	752	0:147 332648:2 0:2 716545:1 0:22 131567:2 0:13 131567:5 0:4 716546:3 0:34 716546:2 0:9 716546:1 0:43 131567:6 0:169 716546:5 0:1 131567:3 5144:5 0:58 131567:4 0:10 131567:2 0:5 716546:4 0:156
C	3556	477697	1278	0:263 477697:5 0:34 477697:4 0:347 2:5 0:3 131567:5 0:13 40324:5 0:225 2:3 0:15 131567:5 0:117 477697:2 0:193
C	3557	544580	847	0:46 131567:4 0:16 131567:4 0:63 131567:5 0:57 131567:1 0:38 131567:4 0:6 131567:4 0:63 131567:4 0:64 131567:1 0:26 131567:2 0:16 131567:1 0:64 131567:5 0:12 131567:5 0:1 131567:4 0:16 131567:5 0:6 131567:5 0:17 131567:8 0:1 131567:11 0:46 544580:5 0:2 544580:5 0:4 544580:2 0:3 544580:5 0:15 131567:1 0:84 131567:5 0:1 131567:5 0:4 131567:4 0:37
C	3558	2	865	0:410 227086:1 0:59 3273430:5 0:153 2:3 0:15 131567:5 0:16 2:4 0:25 131567:1 0:13 477697:3 0:55 477697:2 0:61
C	3559	2	960	0:198 477697:2 0:55 477697:3 0:32 131567:7 2:4 0:16 131567:5 0:15 2:3 0:22 2:1 0:127 3273430:5 0:60 227086:1 0:29 131567:5 0:3 2:5 0:328
C	3560	477697	1163	0:386 477697:5 0:12 131567:4 0:18 477697:4 0:383 131567:5 0:20 40324:5 0:20 131567:1 0:13 477697:3 0:55 477697:2 0:193
C	3561	5144	613	0:8 332648:2 0:2 716545:1 0:22 131567:2 0:13 131567:5 0:4 716546:3 0:34 716546:5 0:49 131567:6 0:112 37727:1 0:55 716546:5 0:1 131567:3 5144:5 0:28 131567:1 0:16 131567:5 0:7 131567:4 0:10 131567:2 0:5 716546:4 0:159
C	3562	1328300	911	0:23 131567:3 0:20 131567:3 0:7 147550:4 0:9 147550:2 0:6 147550:1 0:2 232080:4 0:22 232080:7 0:69 232080:3 0:11 232080:5 0:78 34397:1 0:9 716545:3 0:10 716545:1 0:5 131567:5 0:15 131567:5 0:17 131567:1 0:7 222543:1 0:2 131567:5 0:1 716546:5 0:9 5506:5 0:1 716546:1 0:4 5506:5 0:17 131567:2 0:3 5125:2 0:4 5125:5 232080:1 0:27 222543:5 0:72 147550:1 0:15 5125:5 0:12 5125:10 716546:1 0:40 232080:2 0:34 131567:2 0:16 147550:2 0:5 147550:2 0:27 232080:5 0:92 1328300:5 0:1 1328300:3 0:23 232080:8 0:8 232080:5 0:10 232080:1 0:7
C	3563	3273430	943	0:247 477697:3 0:13 131567:1 0:20 40324:5 0:40 2:3 0:41 3273430:5 0:107 3273430:5 0:93 131567:5 0:3 2:5 0:313
C	3564	451864	1052	0:46 131567:4 0:16 131567:4 0:63 131567:5 0:8 131567:2 0:7 131567:4 0:14 131567:4 0:34 131567:4 0:19 131567:4 0:6 131567:4 0:63 131567:4 0:19 131567:1 0:11 131567:1 0:13 131567:1 0:7 131567:2 0:10 131567:1 0:26 131567:2 0:16 131567:1 0:46 131567:5 0:4 131567:5 0:2 131567:5 0:12 131567:5 0:1 131567:4 0:16 131567:5 0:4 451864:5 0:20 131567:3 0:1 131567:5 0:224 131567:8 0:212
C	3565	544580	894	0:46 131567:4 0:16 131567:4 0:86 131567:4 0:14 131567:4 0:19 131567:8 0:7 131567:5 0:19 131567:4 0:6 131567:4 0:63 131567:4 0:94 131567:2 0:16 131567:1 0:115 131567:5 0:17 131567:8 0:1 131567:11 0:12 131567:3 0:33 544580:5 0:2 544580:5 0:4 544580:2 0:3 544580:1 0:19 131567:1 0:13 131567:1 0:70 131567:5 0:1 131567:5 0:4 131567:4 0:48 131567:2 0:30
C	3566	544580	840	0:46 131567:4 0:16 131567:4 0:101 131567:4 0:57 131567:5 0:6 131567:5 0:306 131567:8 0:1 131567:6 0:53 544580:5 0:2 544580:5 0:4 544580:2 0:3 544580:1 0:19 131567:1 0:13 131567:1 0:73 131567:5 0:4 131567:4 0:42
C	3567	544580	1150	0:115 131567:2 0:48 131567:4 0:4 131567:5 0:1 131567:5 0:70 131567:1 0:13 131567:1 0:19 544580:1 0:3 544580:2 0:4 544580:5 0:2 544580:5 0:33 131567:3 0:12 131567:7 0:39 45151:4 0:44 131567:5 0:4 131567:5 0:46 131567:1 0:16 131567:2 0:26 131567:1 0:10 131567:2 0:7 131567:1 0:13 131567:1 0:11 131567:1 0:19 131567:4 0:62 131567:4 0:6 131567:4 0:19 131567:5 0:7 131567:8 0:19 131567:4 0:14 131567:4 0:7 131567:2 0:8 131567:5 0:63 131567:4 0:16 131567:4 0:51 131567:5 0:16 131567:1 0:19 131567:1 0:131
C	3568	544580	862	0:135 131567:2 0:189 131567:1 0:140 131567:5 0:101 131567:5 0:32 544580:5 0:43 131567:1 0:69 131567:5 0:1 131567:5 0:4 131567:4 0:81
C	3569	477697	819	0:261 477697:5 0:34 477697:2 0:36 1884633:1 0:324 2:5 0:3 131567:5 0:91 3273430:5 0:13
C	3570	477697	951	0:185 477697:2 0:89 131567:7 2:6 0:14 131567:5 0:15 2:3 0:22 2:1 0:129 3273430:5 0:60 227086:1 0:29 131567:5 0:3 2:5 0:16 477697:5 0:5 477697:1 0:304
C	3571	544580	977	0:81 131567:2 0:61 131567:5 0:105 544580:1 0:3 544580:2 0:4 544580:5 0:2 544580:5 0:45 131567:6 0:29 131567:5 0:6 131567:5 0:45 131567:5 0:4 131567:5 0:46 131567:1 0:16 131567:2 0:26 131567:1 0:10 131567:2 0:7 131567:1 0:13 131567:1 0:11 131567:1 0:19 131567:4 0:132 131567:4 0:14 131567:4 0:7 131567:2 0:8 131567:5 0:63 131567:4 0:16 131567:4 0:51 131567:5 0:16 131567:1 0:15
C	3572	477697	1283	0:267 477697:5 0:12 131567:4 0:18 477697:4 0:347 2:5 0:3 131567:5 0:13 40324:5 0:72 3273430:5 0:221 131567:1 0:13 477697:3 0:246
C	3573	2	545	0:19 3273430:5 0:167 131567:5 0:20 40324:5 0:20 131567:1 0:13 477697:3 0:55 477697:2 0:196
C	3574	131567	845	0:62 131567:5 0:64 131567:5 0:8 131567:2 0:7 131567:4 0:48 131567:4 0:19 131567:4 0:6 131567:4 0:62 131567:2 0:19 131567:1 0:45 131567:1 0:91 131567:5 0:4 131567:5 0:2 131567:5 0:12 131567:5 0:1 131567:4 0:16 131567:5 0:140 131567:1 0:13 131567:1 0:71 131567:5 0:1 131567:5 0:4 131567:4 0:39
C	3575	131567	989	0:21 131567:1 0:201 131567:1 0:74 131567:3 0:12 131567:11 0:1 131567:5 0:73 131567:5 0:2 131567:5 0:4 131567:5 0:46 131567:1 0:16 131567:2 0:62 131567:1 0:11 131567:1 0:85 131567:4 0:6 131567:4 0:19 131567:5 0:7 131567:8 0:19 131567:4 0:102 131567:4 0:16 131567:4 0:104
C	3576	544580	946	0:337 131567:4 0:6 131567:4 0:64 131567:4 0:19 131567:1 0:11 131567:1 0:32 131567:1 0:87 131567:5 0:4 131567:5 0:2 131567:5 0:12 131567:5 0:31 131567:5 0:17 131567:8 0:1 131567:11 0:12 131567:3 0:33 544580:5 0:2 544580:5 0:4 544580:2 0:3 544580:1 0:103 131567:5 0:1 131567:5 0:4 131567:4 0:38
C	3577	569360	815	0:9 569360:5 0:183 5144:2 0:9 5125:5 0:2 5125:5 0:8 131567:5 0:4 716546:3 0:51 716546:1 0:32 147550:5 0:167 716546:5 0:1 131567:3 5144:5 0:28 131567:1 0:16 131567:5 0:5 716545:1 0:215
C	3578	131567	678	0:274 131567:5 0:26 131567:4 0:71 131567:3 0:261
C	3579	544580	847	0:50 131567:4 0:16 131567:4 0:63 131567:5 0:8 131567:2 0:7 131567:4 0:14 131567:4 0:32 131567:5 0:19 131567:4 0:6 131567:4 0:64 131567:2 0:19 131567:1 0:11 131567:1 0:13 131567:1 0:7 131567:2 0:10 131567:1 0:90 131567:5 0:4 131567:5 0:2 131567:5 0:12 131567:5 0:1 131567:4 0:16 131567:5 0:6 131567:5 0:17 131567:8 0:1 131567:11 0:12 131567:3 0:33 544580:5 0:2 544580:5 0:4 544580:2 0:3 544580:1 0:19 131567:1 0:13 131567:1 0:68 131567:5 0:1 131567:5 0:4 131567:4 0:37
C	3580	1224	949	0:192 477697:2 0:72 131567:1 0:20 40324:5 0:87 3273430:5 0:202 131567:5 0:3 2:5 0:316
C	3581	40324	977	0:2 477697:4 0:340 2:5 0:3 131567:5 0:13 40324:5 0:72 3273430:5 0:168 131567:5 0:20 40324:5 0:20 131567:1 0:13 477697:3 0:55 477697:2 0:197
C	3582	544580	852	0:46 131567:4 0:16 131567:4 0:63 131567:5 0:8 131567:2 0:7 131567:4 0:14 131567:4 0:19 131567:8 0:7 131567:5 0:19 131567:4 0:6 131567:4 0:64 131567:4 0:19 131567:1 0:11 131567:1 0:13 131567:1 0:7 131567:2 0:10 131567:1 0:26 131567:2 0:64 131567:5 0:4 131567:5 0:2 131567:5 0:12 131567:5 0:1 131567:4 0:16 131567:5 0:6 131567:5 0:17 131567:8 0:1 131567:11 0:12 131567:3 0:33 544580:5 0:2 544580:5 0:4 544580:2 0:3 544580:1 0:19 131567:1 0:84 131567:5 0:1 131567:5 0:4 131567:4 0:38
C	3583	544580	532	0:35 131567:4 0:4 131567:5 0:1 131567:5 0:69 131567:1 0:13 131567:1 0:19 544580:1 0:3 544580:2 0:4 544580:5 0:2 544580:5 0:33 131567:3 0:12 131567:11 0:1 131567:8 0:17 131567:5 0:6 131567:5 0:16 131567:4 0:1 131567:5 0:12 131567:5 0:2 131567:5 0:4 131567:5 0:46 131567:1 0:16 131567:2 0:61 131567:1 0:11 131567:1 0:20
C	3584	544580	775	0:1 131567:5 0:1 131567:5 0:70 131567:1 0:13 131567:1 0:19 544580:1 0:3 544580:2 0:4 544580:5 0:53 131567:11 0:1 131567:8 0:17 131567:5 0:6 131567:5 0:16 131567:4 0:1 131567:5 0:12 131567:5 0:2 131567:5 0:4 131567:5 0:151 131567:5 0:90 544580:5 0:2 544580:5 0:117 131567:5 0:65
C	3585	544580	1055	0:216 131567:5 0:70 131567:1 0:13 131567:1 0:19 544580:1 0:3 544580:2 0:4 544580:5 0:2 544580:5 0:33 131567:3 0:12 131567:11 0:1 131567:8 0:17 131567:5 0:6 131567:5 0:16 131567:4 0:1 131567:5 0:12 131567:5 0:2 131567:5 0:4 131567:5 0:46 131567:1 0:16 131567:2 0:26 131567:1 0:10 131567:2 0:7 131567:1 0:13 131567:1 0:11 131567:1 0:19 131567:4 0:63 131567:4 0:6 131567:4 0:19 131567:5 0:7 131567:8 0:19 131567:4 0:14 131567:4 0:7 131567:2 0:8 131567:5 0:63 131567:4 0:16 131567:4 0:52 131567:5 0:16 131567:1 0:13
C	3586	544580	838	0:46 131567:4 0:16 131567:4 0:76 131567:4 0:14 131567:4 0:19 131567:8 0:7 131567:5 0:19 131567:4 0:6 131567:4 0:63 131567:4 0:19 131567:1 0:11 131567:1 0:77 131567:1 0:102 131567:5 0:6 131567:5 0:17 131567:8 0:1 131567:11 0:12 131567:3 0:33 544580:5 0:2 544580:5 0:4 544580:2 0:3 544580:1 0:19 131567:1 0:13 131567:1 0:70 131567:5 0:1 131567:5 0:4 131567:4 0:39
C	3587	477697	998	0:355 477697:5 0:16 2:5 0:249 2:3 0:15 131567:5 0:14 2:6 131567:7 0:31 477697:3 0:52 477697:2 0:196
C	3589	569360	812	0:9 569360:5 0:194 5125:5 0:2 5125:5 0:8 131567:5 0:4 716546:3 0:51 716546:1 0:265 131567:5 0:5 716545:1 0:210
C	3591	544580	843	0:46 131567:4 0:16 131567:4 0:63 131567:5 0:8 131567:2 0:7 131567:4 0:14 131567:4 0:34 131567:4 0:19 131567:4 0:6 131567:4 0:61 131567:3 0:19 131567:1 0:11 131567:1 0:13 131567:1 0:7 131567:2 0:10 131567:1 0:26 131567:2 0:16 131567:1 0:46 131567:5 0:4 131567:5 0:2 131567:5 0:12 131567:5 0:1 131567:4 0:16 131567:5 0:6 131567:5 0:17 131567:4 0:79 544580:2 0:3 544580:1 0:19 131567:1 0:13 131567:1 0:70 131567:5 0:1 131567:5 0:4 131567:4 0:36
C	3592	544580	981	0:22 131567:1 0:107 131567:4 0:83 131567:1 0:13 131567:1 0:19 544580:1 0:3 544580:2 0:4 544580:5 0:2 544580:5 0:33 131567:3 0:12 131567:11 0:1 131567:8 0:17 131567:5 0:6 131567:5 0:121 131567:2 0:59 131567:1 0:11 131567:1 0:98 131567:4 0:19 131567:5 0:7 131567:8 0:19 131567:4 0:14 131567:4 0:7 131567:2 0:8 131567:5 0:63 131567:4 0:16 131567:4 0:51 131567:5 0:16 131567:1 0:14
C	3593	544580	847	0:46 131567:4 0:16 131567:4 0:63 131567:5 0:8 131567:2 0:7 131567:4 0:14 131567:4 0:57 131567:4 0:6 131567:4 0:63 131567:4 0:19 131567:1 0:11 131567:1 0:13 131567:1 0:7 131567:2 0:10 131567:1 0:90 131567:5 0:4 131567:5 0:2 131567:5 0:12 131567:5 0:1 131567:4 0:16 131567:5 0:6 131567:5 0:17 131567:8 0:1 131567:11 0:12 131567:3 0:33 544580:5 0:2 544580:5 0:4 544580:2 0:3 544580:1 0:19 131567:1 0:13 131567:1 0:69 131567:5 0:1 131567:5 0:4 131567:4 0:38
C	3595	40324	979	0:2 477697:4 0:341 2:5 0:3 131567:5 0:13 40324:5 0:72 3273430:5 0:152 2:3 0:15 131567:5 0:20 40324:5 0:20 131567:1 0:13 477697:3 0:27 9606:5 0:22 477697:2 0:197
C	3597	544580	963	0:21 131567:1 0:58 131567:2 0:168 544580:1 0:3 544580:2 0:4 544580:5 0:2 544580:5 0:33 131567:3 0:12 131567:6 0:83 131567:5 0:4 131567:5 0:127 131567:1 0:93 131567:4 0:6 131567:4 0:73 131567:4 0:7 131567:2 0:8 131567:5 0:81 131567:4 0:87
C	3598	1296096	894	0:298 131567:4 0:206 1296096:5 0:43 131567:5 0:299
C	3599	544580	847	0:46 131567:4 0:16 131567:4 0:61 131567:5 0:8 131567:2 0:7 131567:4 0:14 131567:4 0:34 131567:4 0:19 131567:4 0:6 131567:4 0:62 131567:4 0:67 131567:1 0:90 131567:5 0:29 131567:3 0:5 131567:2 0:16 131567:5 0:6 131567:5 0:17 131567:8 0:1 131567:11 0:12 131567:3 0:33 544580:5 0:2 544580:5 0:4 544580:2 0:3 544580:1 0:19 131567:1 0:13 131567:1 0:70 131567:5 0:1 131567:5 0:4 131567:4 0:37
C	3600	498019	1053	0:207 131567:4 0:4 131567:5 0:1 131567:5 0:215 131567:5 0:16 131567:1 0:21 131567:5 0:114 131567:1 0:60 131567:4 0:71 498019:4 0:19 131567:5 0:7 131567:8 0:19 131567:4 0:14 131567:4 0:7 131567:2 0:187
C	3601	544580	945	0:46 131567:4 0:16 131567:4 0:75 131567:2 0:47 131567:8 0:7 131567:5 0:19 131567:4 0:6 131567:4 0:61 131567:4 0:19 131567:1 0:11 131567:1 0:122 131567:5 0:38 131567:2 0:16 131567:5 0:6 131567:5 0:50 131567:5 0:49 544580:2 0:3 544580:1 0:19 131567:1 0:13 131567:1 0:67 131567:5 0:1 131567:5 0:4 131567:4 0:138
C	3602	40324	903	0:243 477697:3 0:13 131567:1 0:20 40324:5 0:20 131567:5 0:15 2:3 0:150 3273430:5 0:72 40324:5 0:13 131567:5 0:3 2:5 0:283
C	3603	5125	849	0:194 5144:2 0:9 5125:5 0:2 5125:5 0:8 131567:5 0:4 716546:3 0:314 131567:5 0:5 716545:1 0:253
C	3604	544580	852	0:46 131567:4 0:16 131567:4 0:63 131567:5 0:8 131567:2 0:49 131567:8 0:7 131567:5 0:19 131567:4 0:6 131567:4 0:63 131567:4 0:54 131567:2 0:10 131567:1 0:26 131567:2 0:16 131567:1 0:46 131567:5 0:4 131567:5 0:2 131567:5 0:12 131567:5 0:1 131567:4 0:16 131567:5 0:6 131567:5 0:17 131567:4 0:64 544580:5 0:50 131567:1 0:70 131567:5 0:1 131567:5 0:4 131567:4 0:38
C	3605	544580	1039	0:22 131567:1 0:58 131567:2 0:48 131567:4 0:4 131567:5 0:1 131567:5 0:104 544580:1 0:3 544580:2 0:4 544580:5 0:2 544580:5 0:46 131567:11 0:1 131567:8 0:17 131567:5 0:6 131567:5 0:16 131567:4 0:1 131567:5 0:12 131567:5 0:2 131567:5 0:4 131567:5 0:46 131567:1 0:16 131567:2 0:26 131567:1 0:10 131567:2 0:7 131567:1 0:13 131567:1 0:11 131567:1 0:19 131567:4 0:63 131567:4 0:6 131567:4 0:19 131567:5 0:7 131567:8 0:19 131567:4 0:14 131567:4 0:84 131567:4 0:16 131567:5 0:144
C	3606	544580	851	0:46 131567:4 0:126 131567:4 0:19 131567:8 0:7 131567:5 0:19 131567:4 0:6 131567:4 0:62 131567:4 0:19 131567:1 0:70 131567:2 0:16 131567:1 0:46 131567:5 0:4 131567:5 0:2 131567:5 0:40 131567:5 0:6 131567:5 0:17 131567:8 0:1 131567:11 0:12 131567:3 0:33 544580:5 0:2 544580:5 0:4 544580:2 0:3 544580:1 0:19 131567:1 0:13 131567:1 0:69 131567:5 0:1 131567:5 0:4 131567:4 0:38
C	3607	2	1363	0:84 131567:3 0:905 2:3 0:15 131567:5 0:20 40324:5 0:20 131567:1 0:13 477697:3 0:55 477697:2 0:195
C	3608	544580	837	0:46 131567:4 0:16 131567:4 0:63 131567:5 0:8 131567:2 0:7 131567:4 0:14 131567:4 0:19 131567:8 0:7 131567:5 0:19 131567:4 0:6 131567:4 0:151 131567:2 0:16 131567:1 0:50 131567:2 0:4 131567:5 0:2 131567:5 0:12 131567:5 0:1 131567:4 0:48 131567:8 0:57 544580:5 0:2 544580:5 0:4 544580:2 0:3 544580:1 0:19 131567:1 0:13 131567:1 0:68 131567:5 0:1 131567:5 0:4 131567:4 0:38
C	3609	544580	837	0:46 131567:4 0:16 131567:4 0:63 131567:5 0:8 131567:2 0:7 131567:4 0:14 131567:4 0:19 131567:8 0:7 131567:5 0:19 131567:4 0:6 131567:4 0:63 131567:4 0:19 131567:1 0:11 131567:1 0:13 131567:1 0:7 131567:2 0:10 131567:1 0:26 131567:2 0:16 131567:1 0:46 131567:5 0:4 131567:5 0:2 131567:5 0:66 131567:12 0:12 131567:3 0:33 544580:5 0:2 544580:5 0:4 544580:2 0:3 544580:1 0:19 131567:1 0:13 131567:1 0:70 131567:5 0:1 131567:5 0:4 131567:4 0:38
C	3610	544580	843	0:46 131567:4 0:16 131567:4 0:63 131567:5 0:8 131567:2 0:7 131567:4 0:14 131567:4 0:32 131567:5 0:19 131567:4 0:6 131567:4 0:62 131567:4 0:19 131567:1 0:11 131567:1 0:13 131567:1 0:7 131567:2 0:10 131567:2 0:148 131567:5 0:6 131567:5 0:17 131567:8 0:24 131567:5 0:31 544580:5 0:2 544580:5 0:4 544580:2 0:3 544580:1 0:19 131567:1 0:13 131567:1 0:67 131567:5 0:1 131567:5 0:4 131567:4 0:38
C	3611	544580	968	0:22 131567:1 0:108 131567:4 0:4 131567:5 0:1 131567:5 0:103 544580:1 0:3 544580:2 0:4 544580:5 0:2 544580:5 0:85 131567:5 0:155 131567:5 0:7 131567:1 0:13 131567:1 0:11 131567:1 0:19 131567:4 0:63 131567:4 0:6 131567:4 0:19 131567:5 0:7 131567:8 0:19 131567:4 0:14 131567:4 0:7 131567:2 0:8 131567:5 0:63 131567:4 0:16 131567:4 0:53 131567:3 0:16 131567:1 0:13
C	3612	544580	852	0:47 131567:4 0:16 131567:4 0:63 131567:5 0:8 131567:2 0:7 131567:4 0:14 131567:4 0:19 131567:8 0:7 131567:5 0:19 131567:4 0:6 131567:4 0:85 131567:1 0:11 131567:1 0:13 131567:1 0:7 131567:2 0:10 131567:1 0:26 131567:2 0:16 131567:1 0:46 131567:5 0:4 131567:5 0:2 131567:5 0:48 131567:5 0:17 131567:8 0:1 131567:11 0:12 131567:3 0:33 544580:5 0:2 544580:5 0:4 544580:2 0:3 544580:1 0:19 131567:1 0:13 131567:1 0:73 131567:3 0:1 131567:5 0:4 131567:4 0:40
C	3613	477697	1012	0:2 477697:4 0:343 477697:1 0:5 477697:5 0:16 2:5 0:3 131567:5 0:29 227086:1 0:60 3273430:5 0:126 2:1 0:22 2:3 0:15 131567:5 0:14 2:6 131567:7 0:18 131567:1 0:13 477697:3 0:55 477697:2 0:203
C	3614	544580	849	0:46 131567:4 0:16 131567:4 0:63 131567:5 0:8 131567:2 0:7 131567:4 0:14 131567:4 0:19 131567:8 0:7 131567:5 0:19 131567:4 0:6 131567:4 0:63 131567:4 0:19 131567:1 0:11 131567:1 0:13 131567:1 0:7 131567:2 0:10 131567:1 0:26 131567:1 0:72 131567:5 0:2 131567:5 0:12 131567:5 0:1 131567:4 0:16 131567:5 0:6 131567:5 0:17 131567:8 0:1 131567:11 0:12 131567:3 0:33 544580:5 0:2 544580:5 0:4 544580:2 0:3 544580:1 0:19 131567:1 0:13 131567:1 0:70 131567:5 0:1 131567:5 0:4 131567:4 0:38
C	3615	3273430	1016	0:260 477697:2 0:55 477697:3 0:13 131567:1 0:20 40324:5 0:40 2:2 0:46 3273430:5 0:104 3273430:5 0:93 131567:5 0:3 2:5 0:315
C	3616	544580	1062	0:156 131567:2 0:48 131567:4 0:4 131567:5 0:1 131567:5 0:100 544580:1 0:3 544580:2 0:4 544580:5 0:2 544580:5 0:83 131567:5 0:6 131567:5 0:16 131567:4 0:1 131567:5 0:12 131567:5 0:2 131567:5 0:4 131567:5 0:135 131567:1 0:11 131567:1 0:117 131567:5 0:32 131567:5 0:14 131567:4 0:7 131567:2 0:8 131567:5 0:63 131567:4 0:16 131567:4 0:51 131567:5 0:16 131567:1 0:16
C	3617	544580	843	0:44 131567:5 0:16 131567:4 0:63 131567:5 0:8 131567:2 0:7 131567:4 0:14 131567:4 0:19 131567:8 0:7 131567:5 0:19 131567:4 0:6 131567:4 0:61 131567:3 0:19 131567:1 0:11 131567:1 0:13 131567:1 0:7 131567:2 0:131 131567:5 0:1 131567:4 0:16 131567:5 0:6 131567:5 0:17 131567:7 0:24 131567:5 0:38 544580:5 0:4 544580:2 0:3 544580:1 0:19 131567:2 0:85 131567:5 0:1 131567:5 0:4 131567:4 0:38
C	3618	544580	857	0:134 131567:5 0:8 131567:2 0:7 131567:4 0:14 131567:4 0:34 131567:4 0:30 131567:4 0:65 131567:4 0:54 131567:2 0:62 131567:1 0:210 544580:5 0:4 544580:2 0:3 544580:5 0:100 131567:5 0:1 131567:5 0:4 131567:4 0:37
C	3619	477697	1286	0:301 477697:2 0:36 1884633:1 0:317 2:5 0:3 131567:5 0:93 3273430:5 0:215 131567:1 0:13 477697:3 0:55 477697:2 0:195
C	3620	3273430	937	0:187 477697:2 0:54 477697:3 0:13 131567:1 0:20 40324:5 0:82 3273430:5 0:104 3273430:5 0:93 131567:5 0:3 2:5 0:316
C	3622	544580	1080	0:262 131567:1 0:13 131567:1 0:19 544580:1 0:3 544580:2 0:4 544580:5 0:2 544580:5 0:47 131567:11 0:1 131567:5 0:51 131567:4 0:1 131567:5 0:12 131567:5 0:2 131567:5 0:4 131567:5 0:46 131567:1 0:16 131567:2 0:159 131567:4 0:6 131567:4 0:19 131567:5 0:7 131567:8 0:19 131567:4 0:14 131567:4 0:7 131567:2 0:8 131567:5 0:62 131567:4 0:164
C	3623	544580	850	0:46 131567:4 0:16 131567:4 0:63 131567:5 0:8 131567:2 0:24 131567:4 0:19 131567:8 0:7 131567:5 0:19 131567:4 0:6 131567:4 0:63 131567:4 0:19 131567:1 0:11 131567:1 0:13 131567:1 0:7 131567:2 0:10 131567:1 0:26 131567:2 0:16 131567:1 0:45 131567:5 0:4 131567:5 0:2 131567:5 0:12 131567:5 0:1 131567:4 0:16 131567:5 0:6 131567:5 0:17 131567:8 0:1 131567:11 0:12 131567:3 0:33 544580:5 0:2 544580:5 0:4 544580:2 0:3 544580:1 0:163
C	3624	544580	842	0:64 131567:4 0:63 131567:5 0:8 131567:2 0:7 131567:4 0:14 131567:4 0:34 131567:4 0:51 296543:2 0:41 131567:4 0:19 131567:1 0:11 131567:1 0:13 131567:1 0:7 131567:2 0:10 131567:1 0:26 131567:2 0:16 131567:1 0:46 131567:5 0:4 131567:5 0:2 131567:5 0:39 131567:5 0:6 131567:5 0:17 131567:8 0:1 131567:6 0:51 544580:5 0:2 544580:5 0:4 544580:2 0:3 544580:1 0:19 131567:1 0:13 131567:1 0:69 131567:5 0:1 131567:5 0:4 131567:4 0:37
C	3625	544580	990	0:22 131567:1 0:233 544580:1 0:3 544580:2 0:4 544580:5 0:2 544580:5 0:33 131567:3 0:12 131567:9 0:37 131567:5 0:39 131567:5 0:2 131567:5 0:4 131567:5 0:95 131567:1 0:10 131567:2 0:7 131567:1 0:13 131567:1 0:11 131567:1 0:101 131567:4 0:19 131567:5 0:7 131567:8 0:19 131567:4 0:14 131567:4 0:7 131567:2 0:8 131567:5 0:170
C	3626	3273430	998	0:381 131567:5 0:29 227086:1 0:60 3273430:5 0:126 2:1 0:22 2:3 0:15 131567:5 0:44 131567:1 0:13 477697:2 0:55 477697:2 0:194
C	3627	477697	1379	0:337 477697:5 0:34 477697:4 0:347 477697:1 0:5 477697:5 0:16 2:5 0:3 131567:5 0:29 227086:1 0:60 3273430:5 0:149 2:3 0:15 131567:5 0:14 2:6 131567:7 0:18 131567:1 0:13 477697:3 0:55 477697:2 0:192
C	3628	544580	966	0:143 131567:5 0:95 544580:1 0:3 544580:2 0:4 544580:5 0:2 544580:5 0:33 131567:3 0:47 131567:5 0:6 131567:5 0:16 131567:2 0:88 131567:1 0:180 131567:4 0:19 131567:5 0:7 131567:8 0:19 131567:4 0:14 131567:4 0:7 131567:2 0:8 131567:5 0:63 131567:4 0:16 131567:4 0:88
C	3629	40324	926	0:189 477697:2 0:55 477697:3 0:35 40324:5 0:20 131567:5 0:15 2:3 0:149 3273430:5 0:72 40324:5 0:13 131567:5 0:3 2:5 0:303
C	3630	477697	1291	0:261 477697:5 0:34 477697:2 0:36 1884633:1 0:323 2:5 0:3 131567:5 0:93 3273430:5 0:195 40324:5 0:20 131567:1 0:263
C	3631	477697	949	0:245 477697:3 0:13 131567:1 0:18 131567:7 2:4 0:60 2:1 0:126 3273430:5 0:60 227086:1 0:29 131567:5 0:3 2:5 0:16 477697:5 0:5 477697:1 0:302
C	3632	5144	764	0:157 332648:2 0:2 716545:1 0:22 131567:2 0:13 131567:5 0:4 716546:3 0:34 716546:2 0:9 716546:1 0:43 131567:6 0:113 37727:1 0:56 716546:5 0:1 131567:3 5144:5 0:28 131567:1 0:16 131567:5 0:190
C	3633	40324	965	0:227 477697:2 0:55 477697:3 0:13 131567:1 0:20 40324:5 0:194 3273430:5 0:72 40324:5 0:13 131567:5 0:3 2:5 0:303
C	3634	477697	1206	0:295 477697:4 0:629 131567:1 0:96 1225769:1 0:146
C	3635	40324	932	0:192 477697:2 0:91 40324:5 0:292 131567:5 0:3 2:5 0:303
C	3636	42260	844	0:125 131567:5 0:8 131567:2 0:7 131567:4 0:14 131567:4 0:56 131567:4 0:6 131567:4 0:61 131567:4 0:19 131567:1 0:11 131567:1 0:13 131567:1 0:7 131567:2 0:10 131567:1 0:11 42260:1 0:32 131567:1 0:64 131567:5 0:38 131567:5 0:6 131567:5 0:17 131567:7 0:110 131567:1 0:13 131567:1 0:69 131567:5 0:1 131567:5 0:4 131567:4 0:35
C	3637	181762	1043	0:65 131567:5 0:28 131567:3 0:5 5204:2 0:278 131567:3 0:170 456999:2 0:21 5338:3 0:57 131567:5 0:5 131567:9 0:8 131567:5 0:22 131567:4 0:18 131567:2 0:12 131567:2 0:9 131567:5 0:49 181762:1 0:3 181762:5 0:93 181124:2 0:108
C	3638	28985	964	0:131 4910:3 0:6 4910:5 0:95 4910:5 0:57 131567:7 0:7 131567:5 0:19 131567:4 0:6 131567:4 0:53 131567:2 0:134 147537:6 0:9 147537:1 0:33 131567:5 0:49 131567:5 0:17 131567:4 0:55 4910:5 0:54 4910:3 0:2 4910:5 0:38 4910:2 0:22 28985:5 0:2 28985:5 0:43 4910:4 0:13
C	3639	477697	1252	0:264 477697:5 0:397 40324:5 0:227 2:3 0:130 477697:2 0:185
C	3640	181762	1073	0:8 181762:1 0:1 181762:5 0:232 131567:2 0:30 131567:5 0:26 131567:4 0:39 131567:4 0:5 131567:5 0:58 5338:3 0:123 4751:2 0:486
C	3641	544580	858	0:46 131567:4 0:16 131567:4 0:62 131567:5 0:8 131567:2 0:7 131567:4 0:14 131567:4 0:32 131567:5 0:19 131567:4 0:6 131567:4 0:62 131567:4 0:19 131567:1 0:11 131567:1 0:13 131567:1 0:7 131567:2 0:10 131567:1 0:153 131567:5 0:6 131567:5 0:17 131567:8 0:1 131567:1 0:55 544580:5 0:2 544580:5 0:4 544580:2 0:3 544580:1 0:19 131567:1 0:13 131567:1 0:70 131567:5 0:1 131567:5 0:4 131567:4 0:48 131567:1 0:1
C	3642	131567	847	0:46 131567:4 0:16 131567:4 0:63 131567:5 0:8 131567:2 0:7 131567:4 0:14 131567:4 0:19 131567:8 0:7 131567:5 0:19 131567:4 0:6 131567:4 0:63 131567:4 0:19 131567:1 0:11 131567:1 0:13 131567:1 0:7 131567:2 0:10 131567:1 0:26 131567:2 0:16 131567:1 0:46 131567:5 0:54 131567:5 0:6 131567:5 0:17 131567:8 0:1 131567:1 0:95 131567:1 0:13 131567:1 0:70 131567:5 0:1 131567:5 0:4 131567:4 0:39
C	3643	5144	864	0:271 716545:1 0:22 131567:2 0:106 131567:6 0:168 716546:5 0:1 131567:3 5144:5 0:28 131567:1 0:16 131567:5 0:7 131567:4 0:10 131567:2 0:5 716546:4 0:158
C	3644	181762	874	0:106 181124:2 0:93 181762:5 0:3 181762:1 0:49 131567:5 0:9 131567:2 0:12 131567:2 0:18 131567:4 0:22 131567:5 0:8 131567:9 0:5 131567:5 0:58 5338:3 0:21 456999:2 0:137 131567:1 0:3 131567:5 0:3 131567:5 0:5 131567:1 0:10 131567:3 0:218
C	3645	544580	1015	0:59 131567:1 0:58 131567:2 0:48 131567:4 0:4 131567:5 0:1 131567:5 0:102 544580:1 0:3 544580:2 0:4 544580:5 0:2 544580:5 0:57 131567:8 0:17 131567:5 0:6 131567:5 0:16 131567:2 0:88 131567:1 0:16 131567:2 0:227 131567:4 0:14 131567:2 0:9 131567:3 0:78 131567:4 0:70 131567:5 0:16 131567:1 0:14
C	3646	181762	1147	0:43 490731:5 0:13 490731:1 0:431 131567:3 0:10 131567:1 0:119 181124:1 0:59 5338:3 0:59 131567:4 0:5 131567:9 0:8 131567:5 0:22 131567:4 0:26 131567:5 0:30 131567:2 0:228 181762:5 0:1 181762:1 0:10
C	3647	544580	979	0:22 131567:1 0:107 131567:4 0:4 131567:5 0:1 131567:5 0:70 131567:1 0:13 131567:1 0:19 544580:1 0:3 544580:2 0:4 544580:5 0:2 544580:5 0:45 131567:11 0:1 131567:8 0:17 131567:5 0:6 131567:5 0:16 131567:4 0:1 131567:5 0:80 131567:1 0:16 131567:2 0:26 131567:1 0:10 131567:2 0:7 131567:1 0:13 131567:1 0:11 131567:1 0:19 131567:4 0:63 131567:4 0:6 131567:4 0:19 131567:5 0:7 131567:8 0:19 131567:4 0:14 131567:4 0:7 131567:2 0:8 131567:5 0:63 131567:4 0:16 131567:4 0:85
C	3648	181762	1064	0:8 181762:1 0:1 181762:5 0:226 131567:5 0:30 131567:5 0:26 131567:4 0:22 131567:5 0:8 131567:9 0:5 131567:5 0:58 5338:3 0:59 181124:1 0:62 4751:2 0:47 131567:5 0:5 131567:1 0:10 131567:3 0:409
C	3649	181762	1059	0:8 181762:1 0:1 181762:5 0:222 1423913:5 0:6 131567:2 0:30 131567:5 0:136 5338:3 0:59 181124:1 0:62 4751:2 0:56 131567:1 0:10 131567:3 0:407
C	3650	131567	842	0:46 131567:4 0:16 131567:4 0:61 131567:5 0:8 131567:2 0:7 131567:4 0:53 131567:4 0:19 131567:4 0:6 131567:4 0:87 131567:1 0:11 131567:1 0:13 131567:1 0:7 131567:2 0:10 131567:1 0:101 131567:5 0:12 131567:5 0:1 131567:4 0:16 131567:5 0:6 131567:5 0:17 131567:8 0:1 131567:11 0:103 131567:1 0:70 131567:5 0:1 131567:5 0:45
C	3651	131567	848	0:57 131567:4 0:144 131567:4 0:19 131567:4 0:6 131567:4 0:92 131567:3 0:87 131567:1 0:82 131567:5 0:1 131567:4 0:16 131567:5 0:6 131567:5 0:17 131567:8 0:1 131567:11 0:12 131567:3 0:213
C	3652	544580	852	0:45 131567:4 0:16 131567:4 0:64 131567:5 0:8 131567:2 0:7 131567:4 0:14 131567:4 0:19 131567:8 0:7 131567:5 0:19 131567:4 0:6 131567:4 0:67 4956:5 0:27 131567:1 0:13 131567:1 0:7 131567:2 0:10 131567:1 0:26 131567:2 0:16 131567:1 0:46 131567:5 0:4 131567:5 0:2 131567:5 0:38 131567:5 0:6 131567:5 0:17 131567:8 0:1 131567:11 0:50 544580:5 0:2 544580:5 0:4 544580:2 0:3 544580:1 0:19 131567:1 0:13 131567:1 0:70 131567:5 0:1 131567:5 0:4 131567:4 0:37
C	3653	544580	935	0:142 131567:5 0:1 131567:5 0:85 544580:5 0:2 544580:3 0:4 544580:5 0:2 544580:5 0:60 131567:8 0:17 131567:5 0:44 131567:5 0:2 131567:5 0:4 131567:5 0:46 131567:1 0:45 131567:1 0:10 131567:2 0:7 131567:1 0:98 131567:4 0:6 131567:4 0:19 131567:5 0:7 131567:8 0:19 131567:4 0:14 131567:4 0:7 131567:2 0:8 131567:5 0:83 131567:3 0:69
C	3655	40324	927	0:188 477697:2 0:55 477697:3 0:13 131567:1 0:20 40324:5 0:42 2:3 0:150 3273430:5 0:72 40324:5 0:13 131567:5 0:3 2:5 0:303
C	3656	544580	854	0:47 131567:4 0:16 131567:4 0:63 131567:5 0:8 131567:2 0:49 131567:8 0:7 131567:5 0:19 131567:4 0:6 131567:4 0:63 131567:3 0:19 131567:1 0:11 131567:1 0:13 131567:1 0:7 131567:2 0:10 131567:2 0:46 131567:1 0:46 131567:5 0:4 131567:5 0:2 131567:5 0:12 131567:5 0:1 131567:4 0:16 131567:5 0:6 131567:5 0:17 131567:8 0:1 131567:11 0:12 131567:3 0:33 544580:5 0:2 544580:5 0:4 544580:2 0:3 544580:1 0:19 131567:1 0:84 131567:5 0:1 131567:5 0:4 131567:4 0:38
C	3657	544580	904	0:46 131567:4 0:16 131567:4 0:64 131567:5 0:8 131567:2 0:47 131567:8 0:7 131567:5 0:19 131567:4 0:6 131567:4 0:63 131567:4 0:53 131567:2 0:10 131567:2 0:148 131567:5 0:6 131567:5 0:17 131567:8 0:1 131567:11 0:51 544580:5 0:50 131567:1 0:85 131567:4 0:48 131567:2 0:40
C	3658	544580	856	0:134 131567:5 0:8 131567:2 0:7 131567:4 0:37 131567:8 0:7 131567:5 0:19 131567:4 0:6 131567:4 0:63 131567:4 0:19 131567:1 0:82 131567:1 0:109 131567:5 0:6 131567:5 0:17 131567:8 0:1 131567:11 0:12 131567:5 0:39 544580:5 0:4 544580:2 0:3 544580:1 0:111 131567:5 0:1 131567:5 0:4 131567:4 0:39
C	3659	544580	888	0:47 131567:4 0:16 131567:4 0:63 131567:5 0:8 131567:2 0:7 131567:4 0:14 131567:4 0:34 131567:4 0:19 131567:4 0:6 131567:4 0:63 131567:4 0:19 131567:1 0:11 131567:1 0:13 131567:1 0:7 131567:2 0:10 131567:1 0:39 131567:1 0:81 131567:5 0:1 131567:3 0:17 131567:5 0:6 131567:5 0:17 131567:4 0:27 131567:3 0:53 544580:1 0:19 131567:1 0:83 131567:5 0:1 131567:5 0:4 131567:4 0:82
C	3660	147550	591	0:2 1760811:4 0:42 131567:1 147550:2 0:28 147550:1 0:221 716545:1 0:5 131567:5 0:221 147550:5 0:19
C	3661	544580	987	0:88 131567:1 0:48 131567:4 0:4 131567:5 0:1 131567:5 0:70 131567:1 0:13 131567:1 0:19 544580:1 0:3 544580:2 0:4 544580:5 0:2 544580:5 0:33 131567:3 0:12 131567:11 0:1 131567:8 0:17 131567:5 0:6 131567:5 0:16 131567:4 0:1 131567:5 0:12 131567:5 0:2 131567:5 0:4 131567:5 0:64 131567:1 0:26 131567:1 0:62 131567:4 0:63 131567:4 0:6 131567:4 0:19 131567:5 0:7 131567:8 0:19 131567:4 0:14 131567:4 0:7 131567:2 0:8 131567:5 0:63 131567:4 0:16 131567:4 0:87
C	3662	544580	984	0:22 131567:1 0:58 131567:2 0:48 131567:4 0:4 131567:5 0:1 131567:5 0:105 544580:2 0:4 544580:5 0:2 544580:5 0:33 131567:3 0:57 131567:5 0:16 131567:4 0:1 131567:5 0:12 131567:5 0:2 131567:5 0:4 131567:5 0:46 131567:1 0:16 131567:2 0:26 131567:1 0:10 131567:2 0:7 131567:1 0:13 131567:1 0:11 131567:1 0:19 131567:4 0:97 131567:5 0:7 131567:8 0:19 131567:4 0:14 131567:4 0:7 131567:2 0:8 131567:5 0:63 131567:4 0:16 131567:4 0:92
C	3663	544580	964	0:22 131567:1 0:107 131567:4 0:4 131567:5 0:1 131567:5 0:65 131567:1 0:13 131567:1 0:19 544580:1 0:3 544580:2 0:4 544580:5 0:2 544580:5 0:92 131567:5 0:16 131567:4 0:1 131567:5 0:12 131567:5 0:2 131567:5 0:4 131567:5 0:46 131567:1 0:16 131567:2 0:26 131567:1 0:10 131567:2 0:7 131567:1 0:44 131567:4 0:63 131567:4 0:6 131567:4 0:54 131567:4 0:14 131567:4 0:7 131567:2 0:96 131567:4 0:51 131567:3 0:28
C	3664	182096	926	0:48 451864:5 0:24 131567:1 0:195 716546:4 0:5 131567:2 0:10 131567:4 0:7 131567:5 0:16 131567:10 0:54 5052:3 0:150 131567:6 0:53 451871:4 0:39 716546:5 0:20 716546:4 0:62 182096:2 0:17 1131492:1 0:88 69781:1 0:47
C	3665	544580	987	0:26 131567:1 0:58 131567:2 0:48 131567:4 0:4 131567:5 0:1 131567:5 0:70 131567:1 0:13 131567:1 0:19 544580:1 0:3 544580:2 0:4 544580:5 0:2 544580:5 0:30 131567:5 0:12 131567:11 0:1 131567:8 0:17 131567:5 0:6 131567:5 0:16 131567:4 0:1 131567:5 0:12 131567:5 0:2 131567:5 0:56 131567:1 0:16 131567:2 0:26 131567:1 0:10 131567:2 0:7 131567:1 0:25 131567:1 0:19 131567:4 0:94 131567:5 0:7 131567:8 0:19 131567:4 0:14 131567:4 0:7 131567:2 0:8 131567:5 0:63 131567:4 0:16 131567:4 0:51 131567:5 0:16 131567:1 0:15
C	3666	477697	951	0:188 477697:2 0:55 477697:3 0:13 131567:1 0:18 131567:7 2:6 0:58 2:1 0:127 3273430:5 0:60 227086:1 0:29 131567:5 0:3 2:5 0:16 477697:5 0:5 477697:1 0:303
C	3667	544580	885	0:42 131567:4 0:16 131567:4 0:62 131567:5 0:8 131567:2 0:87 131567:4 0:6 131567:4 0:100 131567:1 0:13 131567:1 0:47 131567:2 0:73 131567:5 0:19 131567:5 0:1 131567:2 0:31 131567:5 0:30 131567:5 0:49 544580:5 0:116 131567:5 0:1 131567:5 0:4 131567:4 0:44 131567:3 0:31
C	3668	544580	830	0:46 131567:4 0:16 131567:4 0:63 131567:5 0:8 131567:2 0:7 131567:4 0:14 131567:4 0:57 131567:4 0:6 131567:5 0:62 131567:4 0:146 131567:5 0:4 131567:5 0:140 544580:5 0:2 544580:5 0:4 544580:2 0:3 544580:1 0:19 131567:1 0:13 131567:1 0:77 131567:3 0:4 131567:4 0:37
C	3669	544580	796	0:16 131567:4 0:63 131567:5 0:8 131567:2 0:7 131567:4 0:14 131567:4 0:57 131567:4 0:6 131567:4 0:86 131567:1 0:11 131567:1 0:58 131567:2 0:77 131567:5 0:12 131567:5 0:1 131567:4 0:16 131567:5 0:6 131567:5 0:17 131567:8 0:1 131567:11 0:12 131567:3 0:33 544580:5 0:2 544580:5 0:4 544580:2 0:3 544580:1 0:19 131567:1 0:13 131567:1 0:71 131567:5 0:1 131567:5 0:4 131567:4 0:38
C	3671	544580	979	0:177 131567:4 0:16 131567:4 0:63 131567:5 0:8 131567:2 0:7 131567:4 0:14 131567:4 0:19 131567:8 0:7 131567:5 0:19 131567:4 0:6 131567:4 0:63 131567:4 0:44 131567:1 0:7 131567:2 0:10 131567:1 0:26 131567:2 0:63 131567:5 0:4 131567:5 0:2 131567:5 0:12 131567:5 0:1 131567:4 0:16 131567:5 0:6 131567:5 0:17 131567:8 0:1 131567:11 0:12 131567:3 0:33 544580:5 0:2 544580:5 0:4 544580:2 0:3 544580:1 0:19 131567:1 0:13 131567:1 0:69 131567:5 0:1 131567:5 0:4 131567:4 0:38
C	3672	477697	1255	0:287 477697:4 0:353 131567:5 0:13 40324:5 0:294 131567:1 0:13 477697:2 0:54 477697:2 0:188
C	3673	181762	1066	0:8 181762:1 0:1 181762:5 0:233 131567:2 0:30 131567:5 0:26 131567:4 0:22 131567:5 0:8 131567:9 0:5 131567:5 0:117 181124:1 0:57 4751:5 0:56 131567:1 0:10 131567:3 0:413
C	3674	544580	845	0:46 131567:4 0:16 131567:4 0:62 131567:5 0:8 131567:2 0:7 131567:4 0:14 131567:4 0:34 131567:4 0:19 131567:4 0:6 131567:4 0:85 131567:1 0:11 131567:1 0:13 131567:1 0:7 131567:2 0:10 131567:1 0:26 131567:2 0:16 131567:1 0:60 131567:5 0:12 131567:5 0:1 131567:4 0:16 131567:5 0:6 131567:5 0:17 131567:4 0:64 544580:5 0:2 544580:5 0:4 544580:2 0:3 544580:1 0:19 131567:1 0:13 131567:1 0:70 131567:5 0:1 131567:5 0:4 131567:4 0:38
C	3675	544580	974	0:22 131567:1 0:107 131567:4 0:4 131567:5 0:1 131567:5 0:64 131567:1 0:13 131567:1 0:19 544580:1 0:3 544580:2 0:4 544580:5 0:2 544580:5 0:44 131567:9 0:29 131567:5 0:6 131567:5 0:16 131567:1 0:21 131567:5 0:2 131567:5 0:4 131567:5 0:123 131567:1 0:11 131567:1 0:19 131567:3 0:42 296543:2 0:51 131567:5 0:7 131567:7 0:37 131567:4 0:7 131567:2 0:76 131567:4 0:16 131567:4 0:92
C	3676	544580	1057	0:96 131567:1 0:58 131567:2 0:48 131567:4 0:4 131567:5 0:1 131567:5 0:100 544580:1 0:3 544580:2 0:4 544580:5 0:2 544580:5 0:33 131567:3 0:12 131567:11 0:1 131567:8 0:17 131567:5 0:6 131567:5 0:16 131567:4 0:1 131567:5 0:12 131567:5 0:63 131567:1 0:16 131567:2 0:26 131567:1 0:10 131567:2 0:118 131567:4 0:6 131567:4 0:19 131567:5 0:7 131567:7 0:43 131567:1 0:7 131567:2 0:8 131567:5 0:63 131567:4 0:16 131567:4 0:51 131567:5 0:16 131567:1 0:16
C	3677	181124	1104	0:292 131567:2 0:30 131567:5 0:26 131567:4 0:22 131567:3 0:150 181124:1 0:61 4751:2 0:57 131567:1 0:10 131567:3 0:401
C	3678	544580	852	0:45 131567:4 0:16 131567:4 0:62 131567:5 0:8 131567:2 0:7 131567:4 0:14 131567:4 0:19 131567:8 0:7 131567:5 0:19 131567:4 0:6 131567:4 0:63 131567:4 0:19 131567:1 0:11 131567:1 0:13 131567:1 0:7 131567:2 0:10 131567:1 0:26 131567:2 0:16 131567:1 0:46 131567:5 0:4 131567:5 0:2 131567:5 0:47 451864:3 0:25 131567:5 0:63 544580:5 0:2 544580:5 0:4 544580:2 0:3 544580:1 0:19 131567:1 0:13 131567:1 0:70 131567:5 0:1 131567:5 0:4 131567:4 0:38
C	3679	544580	949	0:23 131567:1 0:58 131567:2 0:61 131567:5 0:103 544580:1 0:65 131567:11 0:1 131567:8 0:43 131567:4 0:1 131567:5 0:12 131567:5 0:98 131567:1 0:10 131567:2 0:7 131567:1 0:45 131567:4 0:63 131567:4 0:6 131567:4 0:19 131567:5 0:7 131567:8 0:19 131567:4 0:14 131567:4 0:76 131567:4 0:16 131567:4 0:81
C	3680	3273430	941	0:240 477697:3 0:13 131567:1 0:18 131567:7 2:6 0:59 2:1 0:127 3273430:5 0:88 131567:5 0:334
C	3681	477697	997	0:2 477697:4 0:409 227086:1 0:60 3273430:5 0:168 131567:5 0:14 2:6 131567:7 0:18 131567:1 0:13 477697:3 0:55 477697:2 0:190
C	3682	544580	982	0:81 131567:2 0:63 131567:5 0:70 131567:1 0:13 131567:1 0:19 544580:1 0:3 544580:2 0:4 544580:5 0:2 544580:5 0:45 131567:11 0:1 131567:8 0:17 131567:5 0:6 131567:5 0:44 131567:5 0:4 131567:5 0:88 131567:1 0:10 131567:2 0:7 131567:1 0:13 131567:1 0:11 131567:1 0:88 131567:4 0:6 131567:4 0:19 131567:5 0:7 131567:8 0:19 131567:4 0:14 131567:4 0:7 131567:2 0:8 131567:5 0:142 131567:5 0:16 131567:1 0:12
C	3683	1224	981	0:350 2:5 0:97 3273430:5 0:171 131567:5 0:20 40324:5 0:20 131567:1 0:13 477697:3 0:252
C	3684	544580	853	0:46 131567:4 0:16 131567:4 0:63 131567:5 0:8 131567:2 0:7 131567:4 0:14 131567:4 0:19 131567:8 0:7 131567:5 0:19 131567:4 0:6 131567:4 0:63 131567:3 0:19 131567:1 0:11 131567:1 0:13 131567:1 0:7 131567:2 0:10 131567:1 0:26 131567:2 0:16 131567:1 0:46 131567:5 0:4 131567:5 0:56 131567:5 0:17 131567:8 0:1 131567:6 0:53 544580:5 0:2 544580:5 0:4 544580:2 0:3 544580:1 0:19 131567:1 0:13 131567:1 0:74 131567:5 0:1 131567:5 0:4 131567:4 0:38
C	3685	1328300	927	0:3 131567:6 0:28 131567:3 0:20 131567:3 0:7 147550:4 0:9 147550:2 0:6 147550:1 0:2 232080:4 0:22 232080:7 0:69 232080:3 0:11 232080:5 0:109 131567:5 0:57 131567:2 0:1 716546:5 0:9 5506:5 0:1 716546:1 0:4 5506:5 0:17 131567:2 0:3 5125:2 0:4 5125:5 232080:1 0:1 5125:1 0:7 5125:5 0:14 222543:5 0:71 147550:4 0:28 5125:10 716546:1 0:40 232080:2 0:34 131567:2 0:16 147550:2 0:5 147550:2 0:27 232080:5 0:5 232080:2 0:84 1328300:5 0:1 1328300:3 0:23 232080:8 0:8 232080:5 0:10 232080:1 0:3
C	3686	544580	968	0:78 131567:2 0:135 131567:1 0:13 131567:1 0:19 544580:1 0:3 544580:2 0:4 544580:5 0:2 544580:5 0:33 131567:3 0:12 131567:11 0:1 131567:8 0:17 131567:5 0:6 131567:5 0:16 131567:4 0:1 131567:5 0:12 131567:5 0:2 131567:5 0:4 131567:5 0:46 131567:1 0:16 131567:2 0:26 131567:1 0:10 131567:2 0:7 131567:1 0:13 131567:1 0:11 131567:1 0:116 131567:5 0:7 131567:8 0:19 131567:4 0:14 131567:4 0:7 131567:2 0:8 131567:5 0:63 131567:4 0:16 131567:4 0:51 131567:5 0:23
C	3687	477697	733	0:190 477697:2 0:55 477697:3 0:13 131567:1 0:18 131567:7 2:6 0:14 131567:5 0:15 2:3 0:151 3273430:1 0:60 227086:1 0:29 131567:5 0:3 2:5 0:16 477697:5 0:5 477697:1 0:85
C	3689	131567	849	0:50 131567:4 0:16 131567:4 0:64 131567:5 0:8 131567:2 0:7 131567:4 0:37 131567:7 0:7 131567:5 0:19 131567:4 0:6 131567:4 0:63 131567:4 0:19 131567:1 0:11 131567:1 0:13 131567:1 0:7 131567:2 0:10 131567:1 0:91 131567:5 0:4 131567:5 0:2 131567:5 0:41 131567:5 0:6 131567:5 0:17 131567:8 0:1 131567:1 0:93 131567:1 0:13 131567:1 0:70 131567:5 0:1 131567:5 0:4 131567:4 0:36
C	3690	544580	852	0:46 131567:4 0:16 131567:4 0:63 131567:5 0:8 131567:2 0:7 131567:4 0:55 131567:4 0:19 131567:4 0:6 131567:4 0:86 131567:1 0:11 131567:1 0:13 131567:1 0:7 131567:2 0:10 131567:1 0:26 131567:2 0:16 131567:1 0:46 131567:5 0:6 131567:2 0:3 131567:5 0:12 131567:5 0:1 131567:4 0:16 131567:5 0:6 131567:5 0:17 131567:7 0:62 544580:5 0:2 544580:5 0:4 544580:2 0:3 544580:1 0:19 131567:1 0:13 131567:1 0:69 131567:5 0:1 131567:5 0:4 131567:4 0:38
C	3691	477697	955	0:187 477697:2 0:55 477697:3 0:13 131567:1 0:18 131567:7 2:6 0:14 131567:5 0:15 2:3 0:22 2:1 0:128 3273430:5 0:60 227086:1 0:37 2:5 0:16 477697:5 0:5 477697:1 0:306
C	3692	544580	978	0:22 131567:1 0:58 131567:2 0:56 131567:5 0:1 131567:5 0:69 131567:1 0:13 131567:1 0:19 544580:1 0:3 544580:2 0:4 544580:5 0:2 544580:5 0:33 131567:3 0:12 131567:8 0:29 131567:5 0:6 131567:5 0:16 131567:4 0:1 131567:5 0:12 131567:5 0:2 131567:5 0:4 131567:5 0:62 131567:2 0:26 131567:1 0:10 131567:2 0:117 131567:4 0:6 131567:4 0:19 131567:5 0:7 131567:8 0:19 131567:4 0:14 131567:4 0:7 131567:2 0:8 131567:5 0:63 131567:4 0:106
C	3693	544580	981	0:22 131567:1 0:58 131567:2 0:56 131567:5 0:1 131567:5 0:70 131567:1 0:13 131567:1 0:19 544580:1 0:3 544580:4 0:95 131567:5 0:6 131567:5 0:16 131567:4 0:1 131567:5 0:12 131567:5 0:62 131567:1 0:16 131567:2 0:60 131567:1 0:11 131567:1 0:19 131567:4 0:75 131567:4 0:19 131567:5 0:7 131567:8 0:19 131567:4 0:14 131567:4 0:7 131567:2 0:8 131567:5 0:63 131567:4 0:78 131567:2 0:16 131567:1 0:9
C	3694	544580	537	0:52 131567:5 0:104 544580:1 0:3 544580:2 0:4 544580:5 0:2 544580:5 0:33 131567:3 0:12 131567:11 0:1 131567:8 0:17 131567:5 0:6 131567:5 0:16 131567:4 0:1 131567:5 0:12 131567:5 0:2 131567:5 0:4 131567:5 0:64 131567:1 0:26 131567:1 0:10 131567:2 0:7 131567:1 0:13 131567:1 0:11 131567:1 0:19 131567:2 0:1
C	3695	544580	902	0:103 131567:5 0:16 131567:4 0:63 131567:5 0:8 131567:2 0:7 131567:4 0:14 131567:4 0:32 131567:5 0:19 131567:4 0:6 131567:4 0:63 131567:4 0:19 131567:1 0:11 131567:1 0:13 131567:1 0:7 131567:2 0:10 131567:1 0:84 131567:5 0:4 131567:5 0:46 131567:5 0:6 131567:5 0:52 131567:1 0:33 544580:5 0:120 131567:5 0:1 131567:5 0:48
C	3696	5144	760	0:152 332648:2 0:2 716545:1 0:22 131567:2 0:13 131567:5 0:4 716546:3 0:34 716546:2 0:9 716546:1 0:43 131567:6 0:170 716546:5 0:1 131567:3 5144:5 0:28 131567:1 0:16 131567:5 0:7 131567:4 0:180
C	3697	544580	975	0:81 131567:2 0:48 131567:4 0:4 131567:5 0:1 131567:5 0:70 131567:1 0:13 131567:1 0:19 544580:1 0:3 544580:2 0:4 544580:5 0:2 544580:5 0:45 131567:11 0:77 131567:5 0:2 131567:5 0:4 131567:5 0:46 131567:1 0:16 131567:2 0:26 131567:1 0:10 131567:2 0:7 131567:1 0:13 131567:1 0:11 131567:1 0:83 131567:4 0:6 131567:4 0:19 131567:4 0:51 131567:4 0:7 131567:2 0:8 131567:5 0:63 131567:4 0:16 131567:4 0:89
C	3698	2	989	0:369 2:5 0:3 131567:5 0:89 3273430:5 0:127 2:1 0:22 2:3 0:15 131567:5 0:14 2:6 131567:7 0:18 131567:1 0:13 477697:3 0:55 477697:2 0:187
C	3699	477697	943	0:240 477697:3 0:13 131567:1 0:18 131567:7 2:6 0:14 131567:5 0:15 2:2 0:216 227086:1 0:29 131567:5 0:3 2:5 0:326
C	3700	544580	846	0:45 131567:4 0:16 131567:4 0:62 131567:5 0:8 131567:2 0:7 131567:4 0:14 131567:4 0:34 131567:4 0:84 131567:5 0:9 131567:4 0:19 131567:1 0:11 131567:1 0:13 131567:1 0:7 131567:2 0:10 131567:1 0:90 131567:5 0:56 131567:5 0:6 131567:5 0:17 131567:8 0:1 131567:11 0:12 131567:3 0:33 544580:5 0:2 544580:5 0:4 544580:2 0:3 544580:1 0:19 131567:1 0:13 131567:1 0:69 131567:5 0:1 131567:5 0:4 131567:4 0:35
C	3701	40324	892	0:187 477697:2 0:55 477697:3 0:13 131567:1 0:20 40324:5 0:20 131567:5 0:15 2:3 0:146 3273430:5 0:72 40324:5 0:13 131567:5 0:3 2:5 0:275
C	3702	544580	981	0:22 131567:1 0:58 131567:2 0:145 131567:1 0:19 544580:1 0:3 544580:2 0:4 544580:5 0:103 131567:5 0:16 131567:4 0:1 131567:5 0:12 131567:5 0:2 131567:5 0:4 131567:5 0:46 131567:1 0:44 131567:1 0:10 131567:2 0:7 131567:1 0:13 131567:1 0:11 131567:1 0:19 131567:4 0:63 131567:4 0:6 131567:4 0:19 131567:5 0:7 131567:8 0:19 131567:4 0:14 131567:4 0:7 131567:2 0:8 131567:5 0:63 131567:4 0:16 131567:4 0:90
C	3703	3273430	978	0:269 131567:7 2:6 0:14 131567:5 0:167 3273430:5 0:471
C	3704	569360	803	0:9 569360:5 0:181 5144:2 0:9 5125:5 0:2 5125:5 0:8 131567:5 0:4 716546:3 0:83 147550:5 0:166 716546:5 0:1 131567:3 5144:5 0:28 131567:1 0:16 131567:5 0:5 716545:1 0:207
C	3705	40324	1318	0:234 477697:2 0:91 40324:5 0:188 3273430:5 0:74 40324:5 0:13 131567:5 0:3 2:5 0:654
C	3706	477697	1276	0:266 477697:5 0:34 477697:4 0:346 2:5 0:3 131567:5 0:13 40324:5 0:72 3273430:5 0:149 2:3 0:15 131567:5 0:20 40324:5 0:20 131567:1 0:13 477697:3 0:55 477697:2 0:188
C	3707	40324	924	0:187 477697:2 0:55 477697:3 0:13 131567:1 0:20 40324:5 0:191 3273430:5 0:72 40324:5 0:13 131567:5 0:3 2:5 0:305
U	3708	0	1488	0:1181 40324:4 0:269
C	3709	1268659	1155	0:41 490731:2 0:20 1268659:5 0:434 131567:3 0:10 131567:1 0:56 4751:2 0:188 131567:9 0:8 131567:5 0:22 131567:4 0:26 131567:5 0:30 131567:2 0:231 181762:5 0:1 181762:1 0:10
C	3711	544580	974	0:22 131567:1 0:121 131567:5 0:64 131567:1 0:13 131567:1 0:19 544580:1 0:3 544580:4 0:46 131567:3 0:12 131567:7 0:29 131567:5 0:157 131567:1 0:10 131567:2 0:7 131567:1 0:13 131567:1 0:11 131567:1 0:96 131567:4 0:19 131567:5 0:7 131567:8 0:19 131567:4 0:14 131567:4 0:7 131567:2 0:8 131567:5 0:63 131567:4 0:16 131567:4 0:51 131567:5 0:16 131567:1 0:17
C	3712	477697	1008	0:2 477697:4 0:479 3273430:5 0:214 131567:1 0:13 477697:3 0:55 477697:2 0:196
C	3713	544580	972	0:81 131567:2 0:48 131567:4 0:4 131567:5 0:1 131567:5 0:65 131567:1 0:13 131567:1 0:19 544580:1 0:3 544580:2 0:4 544580:5 0:2 544580:5 0:33 131567:3 0:12 131567:8 0:29 131567:5 0:6 131567:5 0:16 131567:4 0:1 131567:5 0:97 131567:2 0:26 131567:1 0:10 131567:2 0:7 131567:1 0:13 131567:1 0:11 131567:1 0:19 131567:4 0:63 131567:4 0:6 131567:4 0:19 131567:5 0:7 131567:8 0:19 131567:4 0:14 131567:4 0:82 131567:4 0:16 131567:4 0:82
C	3714	3273430	1291	0:279 131567:5 0:18 477697:2 0:357 2:5 0:3 131567:5 0:93 3273430:5 0:104 3273430:5 0:41 2:3 0:40 40324:5 0:20 131567:1 0:13 477697:3 0:55 477697:2 0:193
C	3715	544580	971	0:22 131567:1 0:58 131567:2 0:56 131567:5 0:1 131567:5 0:98 544580:1 0:3 544580:2 0:4 544580:5 0:51 131567:11 0:1 131567:8 0:48 131567:4 0:1 131567:5 0:12 131567:5 0:2 131567:5 0:4 131567:5 0:46 131567:1 0:40 131567:2 0:10 131567:2 0:7 131567:1 0:13 131567:1 0:11 131567:1 0:19 131567:4 0:69 131567:4 0:19 131567:5 0:7 131567:8 0:19 131567:4 0:14 131567:4 0:7 131567:2 0:75 131567:4 0:16 131567:4 0:93
C	3718	544580	712	0:8 131567:2 0:7 131567:4 0:14 131567:4 0:19 131567:8 0:7 131567:5 0:30 131567:4 0:63 131567:4 0:19 131567:1 0:11 131567:1 0:13 131567:1 0:7 131567:2 0:10 131567:1 0:26 131567:2 0:16 131567:1 0:46 131567:5 0:4 131567:5 0:2 131567:5 0:48 131567:5 0:17 131567:8 0:1 131567:11 0:12 131567:3 0:33 544580:5 0:2 544580:5 0:4 544580:2 0:3 544580:1 0:19 131567:1 0:13 131567:1 0:70 131567:5 0:1 131567:5 0:4 131567:4 0:38
C	3719	544580	837	0:42 131567:4 0:16 131567:4 0:63 131567:5 0:8 131567:2 0:7 131567:4 0:14 131567:4 0:19 131567:8 0:7 131567:5 0:19 131567:4 0:6 131567:4 0:63 131567:4 0:19 131567:1 0:11 131567:1 0:13 131567:1 0:7 131567:2 0:103 131567:5 0:2 131567:5 0:12 131567:5 0:1 131567:4 0:16 131567:5 0:6 131567:5 0:17 131567:8 0:1 131567:11 0:12 131567:3 0:33 544580:5 0:2 544580:5 0:4 544580:2 0:3 544580:1 0:103 131567:5 0:1 131567:5 0:4 131567:4 0:38
C	3720	544580	850	0:45 131567:4 0:16 131567:4 0:64 131567:5 0:8 131567:2 0:7 131567:4 0:14 131567:4 0:19 131567:8 0:7 131567:5 0:19 131567:4 0:6 131567:4 0:63 131567:4 0:65 131567:1 0:26 131567:2 0:16 131567:1 0:46 131567:5 0:4 131567:5 0:2 131567:5 0:12 131567:5 0:1 131567:4 0:16 131567:5 0:6 131567:5 0:17 131567:8 0:1 131567:11 0:12 131567:3 0:33 544580:5 0:2 544580:5 0:4 544580:2 0:3 544580:1 0:19 131567:1 0:13 131567:1 0:70 131567:5 0:1 131567:5 0:4 131567:4 0:38
C	3721	181762	1065	0:7 181762:1 0:1 181762:5 0:231 131567:2 0:30 131567:5 0:26 131567:4 0:22 131567:5 0:86 5338:3 0:59 181124:1 0:120 131567:1 0:10 131567:3 0:409
C	3722	544580	847	0:46 131567:4 0:16 131567:4 0:61 131567:5 0:8 131567:2 0:7 131567:4 0:14 131567:4 0:19 131567:8 0:7 131567:5 0:19 131567:4 0:6 131567:4 0:63 131567:4 0:19 131567:1 0:11 131567:1 0:13 131567:1 0:7 131567:2 0:10 131567:1 0:26 131567:2 0:16 131567:1 0:61 131567:5 0:12 131567:5 0:1 131567:4 0:49 131567:8 0:1 131567:11 0:12 131567:3 0:33 544580:5 0:2 544580:5 0:4 544580:2 0:3 544580:1 0:19 131567:1 0:13 131567:1 0:70 131567:5 0:1 131567:5 0:4 131567:4 0:38
C	3723	2	579	0:354 131567:5 0:15 2:3 0:22 2:1 0:145
C	3724	131567	838	0:66 131567:4 0:78 131567:4 0:14 131567:4 0:19 131567:8 0:7 131567:5 0:19 131567:4 0:6 131567:4 0:83 131567:1 0:194 131567:5 0:6 131567:5 0:17 131567:8 0:1 131567:11 0:12 131567:3 0:75 131567:1 0:13 131567:1 0:70 131567:5 0:1 131567:5 0:4 131567:4 0:37
C	3725	40324	937	0:188 477697:2 0:91 40324:5 0:199 3273430:5 0:72 40324:5 0:13 131567:5 0:3 2:5 0:310
C	3726	5144	908	0:49 131567:1 147550:2 0:28 147550:1 0:247 131567:1 0:28 5144:5 131567:3 0:1 716546:5 0:167 147550:5 0:32 716546:1 0:51 716546:3 0:17 5125:5 0:16 5144:2 0:204
C	3727	40324	926	0:283 40324:5 0:269 40324:5 0:13 131567:5 0:3 2:5 0:304
C	3728	477697	1288	0:183 477697:2 0:55 477697:3 0:13 131567:1 0:20 40324:5 0:20 131567:5 0:15 2:3 0:150 3273430:5 0:72 40324:5 0:376 477697:4 0:34 477697:5 0:278
C	3730	181124	1061	0:246 131567:2 0:60 131567:4 0:22 131567:5 0:85 5338:3 0:59 181124:1 0:61 4751:2 0:56 131567:1 0:10 131567:3 0:407
C	3731	490731	1142	0:42 490731:3 0:7 490731:5 0:13 490731:1 0:457 5204:5 0:98 181124:1 0:59 5338:3 0:58 131567:5 0:5 131567:9 0:8 131567:5 0:22 131567:4 0:298
C	3732	544580	972	0:22 131567:1 0:58 131567:2 0:47 131567:4 0:85 131567:1 0:13 131567:1 0:19 544580:1 0:3 544580:2 0:4 544580:5 0:2 544580:5 0:33 131567:3 0:12 131567:7 0:29 131567:5 0:6 131567:5 0:16 131567:4 0:1 131567:5 0:12 131567:5 0:2 131567:5 0:4 131567:5 0:63 131567:2 0:60 131567:1 0:11 131567:1 0:181 131567:2 0:8 131567:5 0:170
C	3733	40324	1022	0:2 477697:4 0:340 2:5 0:3 131567:5 0:13 40324:5 0:72 3273430:5 0:150 2:3 0:15 131567:5 0:20 40324:5 0:20 131567:1 0:13 477697:3 0:55 477697:2 0:123 2621164:2 1930:1 0:116
C	3734	544580	855	0:46 131567:4 0:16 131567:4 0:63 131567:5 0:8 131567:2 0:24 131567:4 0:32 131567:5 0:19 131567:4 0:6 131567:4 0:98 131567:4 0:13 131567:1 0:7 131567:2 0:10 131567:1 0:44 131567:1 0:58 131567:5 0:2 131567:5 0:12 131567:5 0:1 131567:4 0:16 131567:5 0:6 131567:5 0:87 544580:5 0:2 544580:5 0:4 544580:2 0:3 544580:1 0:104 131567:5 0:1 131567:5 0:4 131567:4 0:38
C	3735	544580	847	0:46 131567:4 0:16 131567:4 0:103 131567:4 0:19 131567:8 0:7 131567:5 0:28 131567:4 0:84 131567:1 0:11 131567:1 0:13 131567:1 0:7 131567:2 0:10 131567:1 0:91 131567:5 0:4 131567:5 0:2 131567:5 0:40 131567:5 0:6 131567:5 0:17 131567:8 0:1 131567:11 0:12 131567:3 0:33 544580:5 0:2 544580:5 0:4 544580:2 0:3 544580:1 0:19 131567:1 0:13 131567:1 0:70 131567:5 0:1 131567:5 0:4 131567:4 0:36
C	3737	544580	977	0:22 131567:1 0:59 131567:2 0:48 131567:4 0:4 131567:5 0:1 131567:5 0:72 131567:1 0:13 131567:1 0:19 544580:1 0:3 544580:2 0:4 544580:5 0:2 544580:5 0:33 131567:3 0:12 131567:6 0:41 131567:5 0:16 131567:4 0:1 131567:5 0:12 131567:5 0:2 131567:5 0:4 131567:5 0:46 131567:1 0:16 131567:2 0:88 131567:4 0:94 131567:5 0:7 131567:8 0:19 131567:4 0:14 131567:4 0:7 131567:2 0:8 131567:5 0:63 131567:4 0:73 131567:5 0:16 131567:1 0:9
C	3738	544580	532	0:38 131567:4 0:4 131567:5 0:1 131567:5 0:70 131567:1 0:13 131567:1 0:19 544580:1 0:3 544580:2 0:4 544580:5 0:57 131567:5 0:39 131567:5 0:16 131567:4 0:1 131567:5 0:12 131567:5 0:2 131567:5 0:4 131567:5 0:45 131567:1 0:16 131567:2 0:26 131567:1 0:10 131567:2 0:7 131567:1 0:13 131567:1 0:11 131567:1 0:19 131567:1
C	3739	544580	777	0:38 131567:4 0:4 131567:5 0:1 131567:5 0:71 131567:1 0:13 131567:1 0:19 544580:1 0:3 544580:2 0:4 544580:5 0:2 544580:5 0:33 131567:3 0:12 131567:11 0:1 131567:8 0:17 131567:5 0:6 131567:5 0:16 131567:4 0:1 131567:5 0:12 131567:5 0:2 131567:5 0:4 131567:5 0:45 131567:1 0:16 131567:2 0:26 131567:1 0:10 131567:2 0:7 131567:1 0:13 131567:1 0:11 131567:1 0:19 131567:4 0:63 131567:4 0:6 131567:4 0:19 131567:5 0:7 131567:8 0:19 131567:4 0:14 131567:4 0:7 131567:2 0:8 131567:5 0:60
C	3740	544580	967	0:128 131567:4 0:4 131567:5 0:1 131567:5 0:98 544580:1 0:3 544580:2 0:4 544580:5 0:2 544580:5 0:50 131567:11 0:1 131567:8 0:50 131567:1 0:1 131567:5 0:79 131567:1 0:16 131567:2 0:59 131567:1 0:11 131567:1 0:95 131567:4 0:19 131567:5 0:7 131567:8 0:19 131567:4 0:14 131567:4 0:7 131567:2 0:8 131567:5 0:63 131567:4 0:101
C	3741	477697	1413	0:421 477697:5 0:34 477697:4 0:343 477697:1 0:5 477697:5 0:16 2:5 0:224 2:1 0:22 2:3 0:15 131567:5 0:44 131567:1 0:13 477697:3 0:55 477697:2 0:152
C	3742	477697	956	0:187 477697:2 0:55 477697:3 0:13 131567:1 0:18 131567:7 2:4 0:65 2:1 0:225 131567:5 0:3 2:5 0:328
C	3743	544580	992	0:22 131567:1 0:58 131567:2 0:48 131567:4 0:4 131567:5 0:1 131567:5 0:106 544580:1 0:3 544580:2 0:4 544580:5 0:2 544580:5 0:33 131567:3 0:62 131567:5 0:16 131567:4 0:1 131567:5 0:12 131567:5 0:2 131567:5 0:4 131567:5 0:92 131567:1 0:10 131567:2 0:7 131567:1 0:13 131567:1 0:11 131567:1 0:121 131567:5 0:7 131567:8 0:19 131567:4 0:14 131567:4 0:7 131567:2 0:8 131567:5 0:63 131567:4 0:72 131567:5 0:16 131567:1 0:14
C	3744	544580	537	0:36 131567:4 0:4 131567:5 0:1 131567:5 0:70 131567:1 0:13 131567:1 0:19 544580:1 0:3 544580:4 0:2 544580:5 0:52 131567:11 0:1 131567:8 0:51 131567:4 0:1 131567:5 0:12 131567:5 0:2 131567:5 0:4 131567:5 0:46 131567:1 0:80 131567:1 0:11 131567:1 0:23
C	3745	131567	538	0:20 3273430:5 0:169 131567:5 0:20 40324:5 0:62 9606:5 0:22 477697:2 0:189
C	3746	544580	980	0:12 4956:5 0:5 131567:1 0:108 131567:4 0:4 131567:5 0:1 131567:5 0:107 544580:2 0:11 544580:5 0:33 131567:3 0:12 131567:11 0:1 131567:8 0:17 131567:5 0:6 131567:5 0:16 131567:4 0:1 131567:5 0:79 131567:1 0:16 131567:2 0:71 131567:1 0:19 131567:4 0:96 131567:5 0:7 131567:8 0:19 131567:4 0:14 131567:4 0:7 131567:2 0:8 131567:5 0:83 131567:4 0:85
C	3747	477697	953	0:184 477697:2 0:55 477697:3 0:13 131567:1 0:18 131567:7 2:6 0:14 131567:5 0:15 2:3 0:22 2:1 0:192 227086:1 0:29 131567:5 0:343
C	3748	544580	848	0:48 131567:4 0:16 131567:4 0:104 131567:4 0:19 131567:8 0:7 131567:5 0:19 131567:4 0:6 131567:4 0:64 131567:4 0:19 131567:1 0:11 131567:1 0:13 131567:1 0:7 131567:2 0:10 131567:1 0:102 131567:5 0:36 131567:5 0:6 131567:5 0:17 131567:8 0:1 131567:11 0:12 131567:3 0:33 544580:5 0:2 544580:5 0:44 131567:1 0:70 131567:5 0:1 131567:5 0:4 131567:4 0:38
C	3750	544580	841	0:46 131567:4 0:16 131567:4 0:63 131567:5 0:8 131567:2 0:7 131567:4 0:14 131567:4 0:56 131567:4 0:6 131567:4 0:63 131567:4 0:19 131567:1 0:11 131567:1 0:13 131567:1 0:7 131567:2 0:10 131567:2 0:85 131567:5 0:4 131567:5 0:2 131567:5 0:38 131567:5 0:6 131567:5 0:17 131567:8 0:1 131567:11 0:12 131567:3 0:33 544580:5 0:2 544580:5 0:4 544580:2 0:3 544580:1 0:19 131567:1 0:13 131567:1 0:125
C	3751	3273430	826	0:246 477697:3 0:13 131567:1 0:18 131567:7 2:6 0:59 2:1 0:127 3273430:5 0:90 131567:5 0:3 2:5 0:203
C	3752	181124	996	0:341 131567:1 0:5 131567:5 0:3 131567:5 0:3 131567:1 0:36 131567:5 0:208 181124:5 0:41 131567:2 0:12 131567:2 0:22 4751:5 0:24 131567:1 0:235
C	3754	544580	854	0:46 131567:4 0:16 131567:4 0:63 131567:5 0:8 131567:2 0:7 131567:4 0:14 131567:4 0:36 131567:4 0:19 131567:4 0:6 131567:4 0:62 131567:4 0:19 131567:1 0:11 131567:1 0:13 131567:1 0:7 131567:2 0:59 131567:1 0:49 131567:2 0:4 131567:5 0:2 131567:5 0:49 131567:5 0:17 131567:8 0:1 131567:11 0:12 131567:3 0:33 544580:5 0:2 544580:5 0:4 544580:2 0:3 544580:1 0:19 131567:1 0:141
C	3755	45151	839	0:66 131567:4 0:63 131567:5 0:8 131567:2 0:7 131567:4 0:14 131567:4 0:34 131567:4 0:19 131567:4 0:6 131567:4 0:63 131567:4 0:63 131567:1 0:92 131567:5 0:4 131567:5 0:2 131567:5 0:37 45151:5 0:6 131567:5 0:17 131567:3 0:186 131567:5 0:1 131567:5 0:4 131567:4 0:35
C	3756	544580	851	0:46 131567:4 0:16 131567:4 0:63 131567:5 0:8 131567:2 0:7 131567:4 0:14 131567:4 0:19 131567:8 0:7 131567:5 0:19 131567:4 0:76 131567:4 0:19 131567:1 0:11 131567:1 0:13 131567:1 0:7 131567:2 0:10 131567:1 0:26 131567:2 0:79 131567:5 0:12 131567:5 0:1 131567:4 0:16 131567:5 0:6 131567:5 0:17 131567:8 0:1 131567:11 0:46 544580:5 0:2 544580:5 0:4 544580:2 0:3 544580:1 0:19 131567:1 0:13 131567:1 0:70 131567:5 0:1 131567:5 0:4 131567:4 0:38
C	3757	181762	1159	0:41 490731:3 0:7 490731:5 0:445 131567:3 0:10 131567:1 0:56 4751:2 0:62 181124:1 0:59 5338:3 0:58 131567:5 0:50 131567:4 0:26 131567:5 0:264 181762:5 0:1 181762:1 0:8
C	3758	131567	531	0:36 131567:4 0:4 131567:5 0:1 131567:5 0:69 131567:1 0:13 131567:1 0:74 131567:3 0:12 131567:7 0:40 131567:5 0:16 131567:4 0:1 131567:5 0:12 131567:5 0:2 131567:5 0:4 131567:5 0:46 131567:1 0:16 131567:2 0:26 131567:1 0:10 131567:2 0:7 131567:1 0:13 131567:1 0:11 131567:1 0:20
C	3759	544580	974	0:22 131567:1 0:58 131567:2 0:58 131567:5 0:1 131567:5 0:100 544580:1 0:3 544580:2 0:4 544580:5 0:2 544580:5 0:33 131567:3 0:12 131567:7 0:36 131567:5 0:16 131567:4 0:1 131567:5 0:12 131567:5 0:2 131567:5 0:4 131567:5 0:66 131567:2 0:58 131567:1 0:11 131567:1 0:19 131567:4 0:62 131567:4 0:6 131567:4 0:19 131567:5 0:7 131567:8 0:19 131567:4 0:14 131567:4 0:7 131567:2 0:8 131567:5 0:171
C	3761	477697	1276	0:262 131567:3 0:249 477697:2 0:68 131567:1 0:65 2:3 0:22 2:1 0:126 3273430:5 0:89 131567:5 0:3 2:5 0:16 477697:5 0:5 477697:1 0:306
C	3762	477697	570	0:244 477697:3 0:13 131567:1 0:275
C	3763	477697	940	0:145 477697:5 0:39 477697:2 0:54 477697:3 0:13 131567:1 0:20 40324:5 0:84 3273430:5 0:202 131567:5 0:8 131567:3 0:312
C	3764	544580	912	0:79 131567:2 0:48 131567:4 0:4 131567:5 0:1 131567:5 0:70 131567:1 0:13 131567:1 0:19 544580:1 0:3 544580:2 0:4 544580:5 0:2 544580:5 0:33 131567:3 0:12 131567:11 0:1 131567:8 0:17 131567:5 0:6 131567:5 0:16 131567:4 0:1 131567:5 0:106 131567:2 0:26 131567:1 0:10 131567:2 0:7 131567:1 0:13 131567:1 0:45 1071382:5 0:58 131567:4 0:6 131567:4 0:19 131567:5 0:7 131567:8 0:19 131567:4 0:14 131567:4 0:7 131567:2 0:8 131567:5 0:63 131567:4 0:16 131567:1
C	3765	2	556	0:179 2:3 0:15 131567:5 0:20 40324:5 0:20 131567:1 0:13 477697:3 0:55 477697:2 0:201
C	3766	477697	1275	0:264 477697:5 0:392 131567:5 0:261 131567:5 0:20 40324:5 0:20 131567:1 0:13 477697:3 0:53 477697:2 0:192
C	3768	544580	975	0:22 131567:1 0:58 131567:2 0:48 131567:4 0:4 131567:5 0:1 131567:5 0:70 131567:1 0:13 131567:1 0:19 544580:1 0:3 544580:2 0:4 544580:5 0:2 544580:5 0:33 131567:3 0:77 131567:4 0:1 131567:5 0:12 131567:5 0:2 131567:5 0:4 131567:5 0:46 131567:1 0:16 131567:2 0:26 131567:1 0:10 131567:2 0:7 131567:1 0:13 131567:1 0:11 131567:1 0:19 131567:4 0:63 131567:4 0:6 131567:4 0:19 131567:5 0:7 131567:7 0:38 131567:4 0:7 131567:2 0:8 131567:5 0:63 131567:4 0:16 131567:4 0:82
C	3769	544580	845	0:46 131567:4 0:16 131567:4 0:63 131567:5 0:8 131567:2 0:85 131567:4 0:6 131567:4 0:68 131567:2 0:19 131567:1 0:11 131567:1 0:181 131567:5 0:6 131567:5 0:17 131567:8 0:1 131567:11 0:12 131567:5 0:47 544580:2 0:23 131567:1 0:82 131567:5 0:1 131567:5 0:4 131567:4 0:37
C	3770	1328300	850	0:46 131567:4 0:16 131567:4 0:84 131567:4 0:14 131567:4 0:26 1328300:1 0:32 131567:4 0:6 131567:4 0:63 131567:4 0:19 131567:1 0:11 131567:1 0:13 131567:1 0:7 131567:2 0:10 131567:1 0:26 131567:2 0:16 131567:1 0:46 131567:5 0:4 131567:5 0:2 131567:5 0:38 131567:5 0:6 131567:5 0:17 131567:8 0:1 131567:11 0:90 131567:1 0:13 131567:1 0:69 131567:5 0:1 131567:5 0:4 131567:4 0:38
C	3771	544580	851	0:46 131567:4 0:16 131567:4 0:61 131567:5 0:95 498019:4 0:71 131567:4 0:55 131567:2 0:60 131567:1 0:46 131567:5 0:4 131567:5 0:77 131567:8 0:1 131567:11 0:49 544580:5 0:2 544580:5 0:4 544580:2 0:3 544580:1 0:19 131567:3 0:96 131567:5 0:38
C	3772	544580	1010	0:114 131567:2 0:48 131567:4 0:4 131567:5 0:1 131567:5 0:64 131567:1 0:13 131567:1 0:19 544580:1 0:3 544580:2 0:4 544580:5 0:2 544580:5 0:48 131567:7 0:29 131567:5 0:6 131567:5 0:16 131567:4 0:1 131567:5 0:12 131567:5 0:2 131567:5 0:4 131567:5 0:46 131567:1 0:16 131567:2 0:26 131567:1 0:10 131567:2 0:7 131567:1 0:13 131567:1 0:11 131567:1 0:19 131567:4 0:63 131567:4 0:6 131567:4 0:19 131567:5 0:7 131567:8 0:19 131567:4 0:14 131567:4 0:7 131567:2 0:8 131567:5 0:85 131567:3 0:51 131567:5 0:16 131567:1 0:13
C	3773	296543	853	0:46 131567:4 0:83 131567:5 0:35 131567:4 0:19 131567:8 0:7 131567:5 0:19 131567:4 0:6 131567:4 0:19 296543:2 0:41 131567:4 0:19 131567:1 0:11 131567:1 0:13 131567:1 0:7 131567:2 0:10 131567:1 0:91 131567:5 0:4 131567:5 0:2 131567:5 0:12 131567:5 0:1 131567:4 0:16 131567:5 0:6 131567:5 0:17 131567:8 0:1 131567:11 0:12 131567:3 0:76 131567:1 0:13 131567:1 0:129
C	3775	181762	989	0:23 131567:3 0:5 5204:2 0:316 131567:1 0:5 131567:5 0:3 131567:5 0:3 131567:1 0:137 456999:2 0:21 5338:3 0:15 181762:3 0:55 131567:5 0:35 131567:4 0:18 131567:2 0:12 131567:2 0:9 131567:5 0:13 131567:2 0:22 131567:1 0:217
C	3776	181762	897	0:212 1268659:5 0:3 131567:1 0:22 131567:2 0:13 131567:5 0:9 131567:2 0:12 131567:2 0:18 131567:4 0:36 131567:9 0:1 131567:8 0:40 181762:3 0:15 5338:3 0:21 456999:2 0:135 131567:1 0:3 131567:5 0:3 131567:5 0:5 131567:1 0:257
C	3778	544580	848	0:46 131567:4 0:16 131567:4 0:63 131567:5 0:8 131567:2 0:7 131567:4 0:37 131567:7 0:125 131567:1 0:33 131567:2 0:10 131567:1 0:26 131567:2 0:16 131567:1 0:46 131567:5 0:4 131567:5 0:2 131567:5 0:12 131567:5 0:1 131567:4 0:16 131567:5 0:6 131567:5 0:17 131567:8 0:1 131567:7 0:53 544580:5 0:2 544580:5 0:4 544580:2 0:3 544580:1 0:19 131567:1 0:13 131567:1 0:71 131567:5 0:1 131567:5 0:49
C	3780	477697	1274	0:262 477697:5 0:34 477697:4 0:347 2:5 0:3 131567:5 0:13 40324:5 0:72 3273430:5 0:168 131567:5 0:20 40324:5 0:20 131567:1 0:13 477697:3 0:55 477697:2 0:188
C	3782	544580	851	0:46 131567:4 0:16 131567:4 0:63 131567:5 0:35 131567:4 0:56 131567:4 0:6 131567:4 0:64 131567:4 0:19 131567:1 0:11 131567:1 0:13 131567:1 0:7 131567:2 0:10 131567:1 0:26 131567:2 0:16 131567:1 0:46 131567:5 0:4 131567:5 0:2 131567:5 0:37 131567:5 0:6 131567:5 0:17 131567:8 0:1 131567:11 0:12 131567:3 0:33 544580:5 0:2 544580:5 0:4 544580:2 0:3 544580:1 0:19 131567:1 0:13 131567:1 0:70 131567:5 0:1 131567:5 0:4 131567:4 0:41
C	3783	544580	865	0:21 131567:5 0:48 131567:5 0:16 131567:4 0:98 131567:4 0:19 131567:8 0:7 131567:5 0:19 131567:4 0:94 131567:1 0:11 131567:1 0:13 131567:1 0:7 131567:2 0:10 131567:2 0:94 131567:5 0:2 131567:5 0:36 131567:5 0:6 131567:5 0:17 131567:8 0:1 131567:11 0:12 131567:3 0:33 544580:5 0:2 544580:5 0:4 544580:2 0:3 544580:1 0:19 131567:1 0:13 131567:1 0:84 131567:5 0:38
C	3784	544580	846	0:129 131567:5 0:8 131567:2 0:7 131567:4 0:14 131567:4 0:19 131567:8 0:7 131567:5 0:19 131567:4 0:6 131567:5 0:59 131567:4 0:19 131567:1 0:11 131567:1 0:13 131567:1 0:7 131567:2 0:10 131567:1 0:45 131567:1 0:61 131567:5 0:12 131567:5 0:1 131567:4 0:16 131567:5 0:6 131567:5 0:17 131567:8 0:1 131567:1 0:62 544580:5 0:2 544580:5 0:4 544580:2 0:3 544580:1 0:19 131567:1 0:13 131567:1 0:70 131567:5 0:1 131567:5 0:4 131567:4 0:37
C	3785	131567	927	0:123 131567:4 0:16 131567:4 0:63 131567:5 0:8 131567:2 0:7 131567:4 0:53 131567:4 0:19 131567:4 0:6 131567:4 0:63 131567:4 0:19 131567:1 0:11 131567:1 0:13 131567:1 0:7 131567:2 0:10 131567:1 0:26 131567:2 0:96 131567:5 0:1 131567:4 0:16 131567:5 0:6 131567:5 0:17 131567:8 0:1 131567:11 0:89 131567:1 0:13 131567:1 0:70 131567:5 0:1 131567:5 0:4 131567:4 0:38
C	3786	544580	860	0:46 131567:4 0:89 131567:5 0:8 131567:2 0:49 131567:8 0:31 131567:5 0:6 131567:5 0:64 131567:3 0:53 131567:2 0:10 131567:1 0:26 131567:2 0:94 131567:5 0:1 131567:4 0:16 131567:5 0:6 131567:5 0:95 544580:5 0:4 544580:2 0:3 544580:1 0:19 131567:1 0:13 131567:1 0:70 131567:5 0:1 131567:5 0:4 131567:4 0:38
C	3787	544580	846	0:46 131567:4 0:16 131567:4 0:63 131567:5 0:8 131567:2 0:7 131567:4 0:14 131567:4 0:19 131567:8 0:7 131567:5 0:19 131567:4 0:6 131567:4 0:63 131567:4 0:19 131567:1 0:11 131567:1 0:13 131567:1 0:7 131567:2 0:10 131567:1 0:26 131567:2 0:16 131567:1 0:112 131567:5 0:17 131567:8 0:1 131567:11 0:49 544580:5 0:2 544580:5 0:4 544580:2 0:3 544580:1 0:19 131567:1 0:13 131567:1 0:70 131567:5 0:1 131567:5 0:4 131567:4 0:37
C	3788	181124	1065	0:247 131567:2 0:29 131567:5 0:26 131567:4 0:22 131567:5 0:8 131567:9 0:5 131567:5 0:120 181124:1 0:62 4751:2 0:56 131567:1 0:10 131567:3 0:409
C	3789	544580	856	0:41 131567:5 0:16 131567:4 0:86 131567:4 0:14 131567:5 0:34 131567:4 0:19 131567:4 0:6 131567:4 0:86 131567:1 0:11 131567:1 0:13 131567:1 0:7 131567:2 0:10 131567:1 0:127 131567:5 0:1 131567:4 0:16 131567:5 0:6 131567:5 0:17 131567:8 0:1 131567:11 0:49 544580:5 0:2 544580:5 0:4 544580:2 0:3 544580:1 0:19 131567:1 0:88 131567:5 0:1 131567:5 0:4 131567:4 0:39
C	3790	2	956	0:218 477697:2 0:55 477697:3 0:13 131567:1 0:20 40324:5 0:20 131567:5 0:169 3273430:5 0:98 2:5 0:303
C	3791	544580	977	0:224 131567:1 0:13 131567:1 0:19 544580:1 0:3 544580:4 0:46 131567:3 0:12 131567:11 0:1 131567:8 0:17 131567:5 0:115 131567:1 0:16 131567:2 0:86 131567:4 0:63 131567:4 0:6 131567:4 0:57 131567:4 0:14 131567:4 0:7 131567:2 0:8 131567:5 0:62 131567:4 0:16 131567:4 0:86
C	3792	40324	1018	0:295 477697:3 0:13 131567:1 0:20 40324:5 0:288 131567:5 0:3 2:5 0:346
C	3793	477697	672	0:264 477697:5 0:12 131567:4 0:18 477697:2 0:36 1884633:1 0:296
C	3794	131567	833	0:46 131567:4 0:16 131567:4 0:65 131567:5 0:8 131567:2 0:7 131567:4 0:14 131567:4 0:19 131567:8 0:7 131567:5 0:19 131567:4 0:6 131567:4 0:62 131567:4 0:19 131567:1 0:11 131567:1 0:31 131567:1 0:26 131567:1 0:76 131567:5 0:39 131567:5 0:6 131567:5 0:17 131567:8 0:87 131567:1 0:85 131567:5 0:1 131567:5 0:4 131567:4 0:38
C	3796	544580	841	0:46 131567:4 0:16 131567:4 0:63 131567:5 0:35 131567:4 0:58 131567:4 0:6 131567:4 0:63 131567:4 0:19 131567:1 0:11 131567:1 0:13 131567:1 0:7 131567:2 0:10 131567:1 0:40 131567:1 0:46 131567:5 0:4 131567:5 0:2 131567:5 0:38 131567:5 0:6 131567:5 0:17 131567:8 0:1 131567:11 0:12 131567:3 0:33 544580:5 0:2 544580:5 0:4 544580:2 0:3 544580:1 0:19 131567:1 0:13 131567:1 0:122
C	3797	544580	972	0:22 131567:1 0:107 131567:4 0:4 131567:5 0:1 131567:5 0:104 544580:1 0:3 544580:2 0:4 544580:5 0:2 544580:5 0:33 131567:3 0:12 131567:11 0:1 131567:8 0:17 131567:5 0:48 131567:5 0:2 131567:5 0:4 131567:5 0:118 131567:1 0:11 131567:1 0:19 131567:4 0:63 131567:4 0:18 131567:4 0:48 131567:5 0:14 131567:4 0:83 131567:4 0:72 131567:5 0:16 131567:1 0:9
C	3798	544580	974	0:81 131567:2 0:166 544580:1 0:3 544580:2 0:4 544580:5 0:2 544580:5 0:87 131567:5 0:6 131567:5 0:16 131567:4 0:1 131567:5 0:12 131567:5 0:2 131567:5 0:71 131567:2 0:26 131567:1 0:10 131567:2 0:7 131567:1 0:13 131567:1 0:11 131567:1 0:19 131567:4 0:63 131567:4 0:173 131567:4 0:103
C	3799	544580	979	0:81 131567:2 0:48 131567:4 0:4 131567:5 0:1 131567:5 0:105 544580:1 0:3 544580:2 0:4 544580:5 0:60 131567:7 0:1 131567:5 0:73 131567:5 0:2 131567:5 0:4 131567:5 0:62 131567:2 0:26 131567:1 0:10 131567:2 0:7 131567:1 0:13 131567:1 0:11 131567:1 0:19 131567:4 0:63 131567:4 0:6 131567:4 0:19 131567:5 0:7 131567:8 0:19 131567:4 0:14 131567:4 0:7 131567:2 0:8 131567:5 0:63 131567:4 0:16 131567:4 0:51 131567:5 0:16 131567:1 0:9
C	3800	544580	850	0:46 131567:4 0:16 131567:4 0:63 131567:5 0:8 131567:2 0:7 131567:4 0:14 131567:4 0:19 131567:8 0:7 131567:5 0:19 131567:4 0:6 131567:4 0:63 131567:4 0:19 131567:1 0:11 131567:1 0:13 131567:1 0:7 131567:2 0:10 131567:1 0:105 131567:5 0:12 131567:5 0:1 131567:4 0:16 131567:5 0:6 131567:5 0:17 131567:8 0:1 131567:11 0:49 544580:5 0:2 544580:5 0:4 544580:2 0:3 544580:1 0:19 131567:1 0:13 131567:1 0:69 131567:5 0:1 131567:5 0:48
C	3801	3273430	938	0:280 40324:5 0:83 3273430:5 0:104 3273430:5 0:93 131567:5 0:3 2:5 0:316
C	3802	477697	950	0:270 131567:7 2:6 0:14 131567:5 0:15 2:2 0:158 3273430:5 0:90 131567:5 0:3 2:5 0:16 477697:5 0:5 477697:1 0:304
C	3803	544580	1000	0:105 131567:2 0:61 131567:5 0:102 544580:1 0:3 544580:2 0:4 544580:5 0:2 544580:5 0:33 131567:3 0:12 131567:5 0:32 131567:5 0:6 131567:5 0:16 131567:4 0:1 131567:5 0:79 131567:1 0:16 131567:2 0:57 131567:1 0:11 131567:1 0:19 131567:4 0:71 498019:4 0:19 131567:5 0:7 131567:8 0:19 131567:4 0:14 131567:4 0:7 131567:2 0:8 131567:5 0:139 131567:5 0:16 131567:1 0:13
C	3804	181762	1090	0:9 181762:1 0:1 181762:5 0:230 131567:2 0:30 131567:5 0:26 131567:4 0:22 131567:5 0:8 131567:9 0:5 131567:5 0:58 5338:3 0:59 181124:1 0:114 131567:3 0:430 490731:1 0:20
C	3806	477697	954	0:188 477697:2 0:55 477697:3 0:13 131567:1 0:216 3273430:5 0:93 131567:5 0:3 2:5 0:16 477697:5 0:5 477697:1 0:304
C	3807	5302	1155	0:41 490731:3 0:7 490731:5 0:13 490731:1 0:432 131567:3 0:10 131567:1 0:54 4751:2 0:62 181124:1 0:59 5338:3 0:58 131567:5 0:5 131567:9 0:8 131567:5 0:22 131567:4 0:61 131567:2 0:231 181762:5 0:1 181762:1 0:7
C	3808	181762	872	0:200 181762:5 0:3 181762:1 0:49 131567:5 0:9 131567:2 0:12 131567:2 0:18 131567:4 0:22 131567:5 0:85 5338:3 0:21 456999:2 0:136 131567:1 0:3 131567:5 0:3 131567:5 0:5 131567:1 0:10 131567:3 0:218
C	3809	477697	982	0:184 477697:2 0:299 3273430:1 0:96 2:5 0:361
C	3810	40324	1265	0:647 131567:5 0:13 40324:5 0:561
C	3811	544580	848	0:65 131567:4 0:63 131567:5 0:8 131567:2 0:7 131567:4 0:52 131567:4 0:19 131567:4 0:6 131567:4 0:63 131567:4 0:19 131567:1 0:11 131567:1 0:142 131567:5 0:38 131567:5 0:6 131567:5 0:17 131567:8 0:1 131567:11 0:12 131567:3 0:33 544580:5 0:2 544580:5 0:4 544580:2 0:3 544580:1 0:19 131567:1 0:13 131567:1 0:69 131567:5 0:1 131567:5 0:4 131567:4 0:38
C	3813	544580	1041	0:77 131567:2 0:48 131567:4 0:4 131567:5 0:1 131567:5 0:104 544580:1 0:3 544580:2 0:4 544580:5 0:40 131567:3 0:12 131567:11 0:1 131567:8 0:17 131567:5 0:6 131567:5 0:16 131567:4 0:1 131567:5 0:80 131567:1 0:44 131567:1 0:10 131567:2 0:7 131567:1 0:144 131567:5 0:50 131567:4 0:103 131567:4 0:152
C	3814	544580	838	0:46 131567:4 0:16 131567:4 0:63 131567:5 0:8 131567:2 0:7 131567:4 0:14 131567:4 0:19 131567:8 0:7 131567:5 0:124 131567:1 0:13 131567:1 0:7 131567:2 0:10 131567:1 0:26 131567:2 0:154 131567:6 0:1 131567:7 0:53 544580:5 0:2 544580:5 0:4 544580:2 0:3 544580:1 0:19 131567:1 0:13 131567:1 0:67 131567:5 0:1 131567:5 0:4 131567:4 0:38
C	3815	3273430	942	0:189 477697:2 0:52 477697:3 0:80 2:3 0:42 3273430:5 0:105 3273430:5 0:93 131567:5 0:3 2:5 0:316
C	3816	1224	930	0:189 477697:2 0:90 40324:5 0:86 3273430:5 0:201 131567:5 0:3 2:5 0:305
C	3817	544580	891	0:88 131567:5 0:16 131567:4 0:62 131567:5 0:8 131567:2 0:7 131567:4 0:14 131567:4 0:59 131567:4 0:6 131567:4 0:63 131567:4 0:19 131567:1 0:11 131567:1 0:13 131567:1 0:7 131567:2 0:10 131567:1 0:26 131567:2 0:78 131567:5 0:12 131567:5 0:1 131567:4 0:16 131567:5 0:6 131567:5 0:17 131567:8 0:1 131567:11 0:49 544580:5 0:2 544580:5 0:4 544580:2 0:3 544580:1 0:19 131567:1 0:82 131567:5 0:1 131567:5 0:4 131567:4 0:38
C	3818	477697	944	0:246 477697:3 0:13 131567:1 0:18 131567:7 2:6 0:251 227086:1 0:29 131567:5 0:3 2:5 0:16 477697:5 0:5 477697:1 0:258 477697:5 0:32
C	3819	477697	1269	0:258 477697:5 0:392 2:5 0:3 131567:5 0:285 40324:5 0:34 477697:3 0:240
C	3820	544580	1019	0:121 131567:2 0:47 131567:4 0:4 131567:5 0:1 131567:5 0:69 131567:1 0:13 131567:1 0:19 544580:1 0:3 544580:2 0:4 544580:5 0:54 131567:11 0:1 131567:8 0:17 131567:5 0:6 131567:5 0:16 131567:4 0:1 131567:5 0:12 131567:5 0:2 131567:5 0:4 131567:5 0:158 131567:4 0:63 131567:4 0:6 131567:4 0:19 131567:5 0:7 131567:8 0:19 131567:4 0:14 131567:4 0:7 131567:2 0:8 131567:5 0:139 131567:5 0:16 131567:1 0:10
C	3821	5302	989	0:31 5204:2 0:32 122368:4 0:255 131567:4 0:89 181124:5 0:161 131567:5 0:5 131567:4 0:61 131567:2 0:23 131567:5 0:13 131567:2 0:22 131567:1 0:3 1268659:5 0:221
C	3822	131567	839	0:130 131567:5 0:8 131567:2 0:7 131567:4 0:51 131567:4 0:19 131567:4 0:69 131567:4 0:30 131567:1 0:13 131567:1 0:7 131567:2 0:56 131567:1 0:74 131567:5 0:1 131567:4 0:16 131567:5 0:6 131567:5 0:17 131567:7 0:102 131567:1 0:88 131567:5 0:1 131567:5 0:4 131567:4 0:37
C	3823	477697	1271	0:261 477697:5 0:12 131567:4 0:18 477697:4 0:345 2:5 0:3 131567:5 0:13 40324:5 0:227 2:3 0:15 131567:5 0:20 40324:5 0:33 477697:3 0:56 477697:2 0:188
C	3824	544580	980	0:80 131567:2 0:48 131567:4 0:4 131567:5 0:1 131567:5 0:65 131567:1 0:13 131567:1 0:19 544580:1 0:3 544580:2 0:4 544580:5 0:2 544580:5 0:49 131567:11 0:1 131567:8 0:17 131567:5 0:6 131567:5 0:16 131567:4 0:1 131567:5 0:12 131567:5 0:2 131567:5 0:4 131567:5 0:46 131567:1 0:16 131567:2 0:26 131567:1 0:10 131567:2 0:7 131567:1 0:13 131567:1 0:11 131567:1 0:19 131567:4 0:62 131567:4 0:6 131567:4 0:19 131567:5 0:7 131567:8 0:19 131567:4 0:14 131567:4 0:7 131567:2 0:8 131567:5 0:63 131567:4 0:16 131567:4 0:89
C	3825	544580	1040	0:282 131567:1 0:13 131567:1 0:19 544580:1 0:3 544580:2 0:4 544580:5 0:2 544580:5 0:33 131567:3 0:12 131567:11 0:1 131567:8 0:17 131567:5 0:6 131567:5 0:16 131567:4 0:1 131567:5 0:12 131567:5 0:2 131567:5 0:4 131567:2 0:47 131567:1 0:16 131567:2 0:38 131567:2 0:7 131567:1 0:13 131567:1 0:11 131567:1 0:19 131567:4 0:63 131567:4 0:6 131567:4 0:19 131567:5 0:7 131567:8 0:19 131567:4 0:14 131567:4 0:7 131567:2 0:8 131567:5 0:63 131567:4 0:16 131567:4 0:82
C	3826	181762	1261	0:155 1268659:5 0:450 451864:3 0:121 181124:1 0:120 131567:5 0:27 296543:2 0:19 131567:4 0:26 131567:5 0:30 131567:2 0:234 181762:5 0:1 181762:1 0:11
C	3827	181762	1061	0:8 181762:1 0:1 181762:5 0:231 131567:2 0:30 131567:5 0:26 131567:4 0:22 131567:5 0:83 5338:3 0:59 181124:1 0:118 131567:1 0:10 131567:3 0:409
C	3828	181762	828	0:132 131567:2 0:13 131567:5 0:9 131567:2 0:12 131567:2 0:18 131567:4 0:35 131567:9 0:1 131567:9 0:40 181762:3 0:176 131567:1 0:3 131567:5 0:3 131567:5 0:5 131567:1 0:299
C	3829	5125	901	0:2 1760811:2 0:42 131567:1 147550:2 0:247 716545:1 0:5 131567:5 0:16 131567:1 0:28 5144:5 131567:3 0:267 131567:5 0:8 5125:5 0:2 5125:5 0:9 5144:2 0:204
C	3830	544580	854	0:68 131567:4 0:63 131567:5 0:8 131567:2 0:7 131567:4 0:14 131567:4 0:139 131567:4 0:19 131567:1 0:11 131567:1 0:13 131567:1 0:7 131567:2 0:10 131567:1 0:26 131567:2 0:16 131567:1 0:60 131567:5 0:38 131567:5 0:6 131567:5 0:17 131567:8 0:1 131567:11 0:12 131567:3 0:33 544580:5 0:2 544580:5 0:4 544580:2 0:3 544580:1 0:19 131567:1 0:13 131567:1 0:70 131567:5 0:1 131567:5 0:4 131567:4 0:38
C	3831	40324	927	0:192 477697:2 0:55 477697:3 0:13 131567:1 0:20 40324:5 0:20 131567:5 0:15 2:3 0:225 40324:5 0:13 131567:5 0:3 2:5 0:303
C	3832	5302	1174	0:41 490731:3 0:7 490731:5 0:13 490731:1 0:428 131567:3 0:10 131567:1 0:56 4751:2 0:62 181124:1 0:59 5338:3 0:58 131567:5 0:5 131567:9 0:8 131567:5 0:22 131567:4 0:26 131567:5 0:263 181762:5 0:1 181762:1 0:28
C	3833	544580	850	0:45 131567:4 0:16 131567:4 0:63 131567:5 0:8 131567:2 0:7 131567:4 0:51 131567:5 0:29 131567:5 0:63 131567:4 0:19 131567:1 0:11 131567:1 0:13 131567:1 0:7 131567:2 0:10 131567:1 0:26 131567:2 0:16 131567:1 0:46 131567:5 0:4 131567:5 0:2 131567:5 0:12 131567:5 0:1 131567:4 0:16 131567:5 0:6 131567:5 0:17 131567:8 0:1 131567:11 0:12 131567:3 0:33 544580:5 0:2 544580:5 0:4 544580:2 0:3 544580:1 0:19 131567:1 0:13 131567:1 0:71 131567:5 0:1 131567:5 0:4 131567:4 0:38
C	3834	131567	764	0:46 131567:4 0:16 131567:4 0:60 131567:5 0:8 131567:2 0:7 131567:4 0:14 131567:4 0:34 131567:4 0:19 131567:4 0:6 131567:4 0:63 131567:4 0:19 131567:1 0:11 131567:1 0:13 131567:1 0:7 131567:2 0:10 131567:1 0:73 131567:4 0:6 131567:4 0:19 131567:5 0:7 131567:8 0:19 131567:4 0:14 131567:4 0:7 131567:2 0:75 131567:4 0:97
C	3835	40324	995	0:296 477697:3 0:13 131567:1 0:20 40324:5 0:40 2:3 0:249 131567:5 0:3 2:5 0:318
C	3837	544580	973	0:22 131567:1 0:58 131567:2 0:136 131567:1 0:13 131567:1 0:19 544580:1 0:3 544580:2 0:4 544580:5 0:2 544580:5 0:33 131567:3 0:12 131567:7 0:80 131567:5 0:148 131567:1 0:19 131567:4 0:135 131567:4 0:104 131567:4 0:16 131567:4 0:85
C	3838	131567	966	0:139 131567:5 0:1 131567:5 0:171 131567:7 0:1 131567:8 0:46 131567:3 0:1 131567:5 0:96 131567:2 0:26 131567:1 0:10 131567:2 0:7 131567:1 0:13 131567:1 0:11 131567:1 0:19 131567:4 0:63 131567:4 0:6 131567:4 0:19 131567:5 0:7 131567:8 0:19 131567:4 0:14 131567:4 0:7 131567:2 0:8 131567:5 0:167
C	3839	1224	915	0:272 40324:5 0:82 3273430:5 0:195 131567:5 0:3 2:5 0:309
C	3840	2	1280	0:268 477697:5 0:381 2:5 0:3 131567:5 0:13 40324:5 0:72 3273430:5 0:149 2:3 0:15 131567:5 0:20 40324:5 0:20 131567:1 0:13 477697:3 0:55 477697:2 0:193
C	3841	544580	850	0:46 131567:4 0:16 131567:4 0:63 131567:5 0:8 131567:2 0:7 131567:4 0:14 131567:4 0:19 131567:8 0:7 131567:5 0:19 131567:4 0:6 131567:4 0:63 131567:4 0:19 131567:1 0:11 131567:1 0:13 131567:1 0:7 131567:2 0:10 131567:1 0:26 131567:2 0:16 131567:1 0:46 131567:2 0:4 131567:5 0:2 131567:5 0:39 131567:5 0:6 131567:5 0:17 131567:8 0:1 131567:11 0:12 131567:3 0:33 544580:5 0:37 131567:1 0:13 131567:1 0:70 131567:5 0:1 131567:5 0:4 131567:4 0:39
C	3842	477697	982	0:2 477697:4 0:619 131567:5 0:20 40324:5 0:91 477697:2 0:200
C	3843	3273430	823	0:249 3273430:5 0:104 3273430:5 0:93 131567:5 0:3 2:5 0:320
C	3844	477697	1324	0:286 9606:5 0:197 477697:5 0:34 477697:2 0:36 1884633:1 0:438 40324:5 0:20 131567:1 0:13 477697:3 0:244
C	3845	544580	877	0:72 131567:4 0:16 131567:4 0:63 131567:5 0:8 131567:2 0:7 131567:4 0:14 131567:4 0:34 131567:4 0:129 131567:1 0:13 131567:1 0:7 131567:2 0:10 131567:1 0:92 131567:5 0:4 131567:5 0:2 131567:5 0:12 131567:5 0:1 131567:4 0:60 131567:9 0:51 544580:5 0:37 131567:1 0:13 131567:1 0:69 131567:5 0:1 131567:5 0:4 131567:4 0:38
C	3847	2	947	0:189 477697:2 0:52 477697:3 0:33 40324:5 0:40 2:3 0:252 131567:5 0:3 2:5 0:321
C	3849	544580	853	0:46 131567:4 0:84 131567:5 0:8 131567:2 0:7 131567:4 0:14 131567:4 0:157 131567:1 0:34 131567:2 0:10 131567:1 0:26 131567:2 0:65 131567:5 0:4 131567:5 0:2 131567:5 0:37 131567:5 0:6 131567:5 0:17 131567:8 0:1 131567:11 0:50 544580:5 0:2 544580:5 0:4 544580:2 0:3 544580:1 0:19 131567:1 0:13 131567:1 0:70 131567:5 0:1 131567:5 0:4 131567:4 0:37
C	3850	223818	960	0:227 131567:4 0:19 131567:4 0:6 131567:4 0:53 131567:2 0:72 223818:5 0:95 131567:5 0:4 131567:5 0:46 131567:5 0:5 131567:1 0:10 131567:3 0:351
C	3852	544580	846	0:136 131567:5 0:8 131567:2 0:7 131567:4 0:50 131567:5 0:19 131567:4 0:73 131567:4 0:51 508771:1 0:102 131567:5 0:4 131567:5 0:2 131567:5 0:72 131567:6 0:1 131567:11 0:55 544580:3 0:6 544580:2 0:3 544580:1 0:104 131567:5 0:1 131567:5 0:4 131567:4 0:37
C	3853	544580	535	0:36 131567:4 0:4 131567:5 0:1 131567:5 0:69 131567:1 0:13 131567:1 0:19 544580:1 0:3 544580:2 0:4 544580:5 0:258 131567:1 0:10 131567:2 0:7 131567:1 0:13 131567:1 0:11 131567:1 0:19 131567:2 0:2
C	3854	181762	1100	0:46 181762:5 0:230 131567:2 0:30 131567:5 0:26 131567:4 0:22 131567:5 0:8 131567:9 0:5 131567:5 0:58 5338:3 0:122 4751:2 0:56 131567:1 0:10 131567:3 0:409
C	3855	477697	1375	0:338 477697:5 0:34 477697:4 0:415 227086:1 0:60 3273430:5 0:127 2:1 0:22 2:3 0:15 131567:5 0:14 2:6 131567:7 0:18 131567:1 0:13 477697:3 0:55 477697:2 0:187
C	3856	477697	948	0:278 131567:7 2:6 0:60 2:1 0:127 3273430:5 0:89 131567:5 0:3 2:5 0:16 477697:5 0:5 477697:1 0:301
C	3857	181762	1470	0:339 131567:3 0:69 181762:1 0:1 181762:3 0:234 131567:2 0:30 131567:5 0:26 131567:4 0:22 131567:5 0:8 131567:9 0:5 131567:5 0:58 5338:3 0:59 181124:1 0:62 4751:2 0:56 131567:1 0:10 131567:3 0:410
C	3858	544580	848	0:66 131567:4 0:61 131567:5 0:8 131567:2 0:7 131567:4 0:14 131567:4 0:19 131567:8 0:7 131567:5 0:19 131567:4 0:6 131567:4 0:63 131567:4 0:19 131567:1 0:11 131567:1 0:13 131567:1 0:63 131567:1 0:46 131567:5 0:4 131567:5 0:2 131567:5 0:49 131567:5 0:17 131567:8 0:1 131567:11 0:12 131567:3 0:33 544580:5 0:37 131567:1 0:13 131567:1 0:76 131567:5 0:4 131567:4 0:38
C	3859	181762	1334	0:19 9606:2 0:8 9606:1 0:251 181762:1 0:1 181762:5 0:231 131567:2 0:62 131567:4 0:22 131567:5 0:8 131567:9 0:5 131567:5 0:58 5338:3 0:59 181124:1 0:62 4751:2 0:56 131567:1 0:10 131567:3 0:404
C	3860	544580	855	0:48 131567:4 0:16 131567:2 0:77 131567:2 0:7 131567:4 0:14 131567:4 0:34 131567:4 0:132 131567:1 0:13 131567:1 0:7 131567:2 0:10 131567:1 0:91 131567:5 0:4 131567:5 0:2 131567:5 0:38 131567:5 0:6 131567:5 0:17 131567:8 0:1 131567:11 0:12 131567:3 0:33 544580:5 0:2 544580:5 0:4 544580:3 0:168
C	3861	477697	953	0:248 477697:3 0:13 131567:1 0:18 131567:7 2:6 0:255 227086:1 0:29 131567:5 0:3 2:5 0:16 477697:2 0:307
C	3862	3273430	1292	0:310 477697:2 0:36 1884633:1 0:429 3273430:3 0:99 3273430:5 0:109 131567:1 0:68 477697:2 0:193
C	3863	3273430	929	0:180 477697:2 0:55 477697:3 0:13 131567:1 0:20 40324:5 0:83 3273430:5 0:103 3273430:5 0:92 131567:5 0:3 2:5 0:315
C	3864	131567	847	0:46 131567:4 0:16 131567:4 0:61 131567:5 0:8 131567:2 0:7 131567:4 0:14 131567:4 0:19 131567:8 0:7 131567:5 0:95 131567:4 0:19 131567:1 0:11 131567:1 0:13 131567:1 0:7 131567:2 0:10 131567:1 0:26 131567:2 0:16 131567:1 0:75 131567:5 0:1 131567:4 0:16 131567:5 0:6 131567:5 0:17 131567:8 0:1 131567:6 0:17 131567:3 0:78 131567:1 0:13 131567:1 0:70 131567:5 0:1 131567:5 0:4 131567:4 0:38
C	3865	544580	815	0:64 131567:4 0:120 131567:4 0:142 131567:2 0:10 131567:1 0:91 131567:5 0:4 131567:5 0:2 131567:5 0:12 131567:5 0:1 131567:4 0:16 131567:5 0:6 131567:5 0:50 131567:1 0:33 544580:5 0:2 544580:5 0:4 544580:2 0:3 544580:1 0:19 131567:1 0:85 131567:5 0:1 131567:5 0:4 131567:4 0:38
C	3866	544580	842	0:135 131567:5 0:8 131567:2 0:7 131567:4 0:14 131567:4 0:19 131567:1 0:37 131567:5 0:6 131567:4 0:63 131567:4 0:19 131567:1 0:43 131567:1 0:89 131567:5 0:4 131567:5 0:2 131567:5 0:12 131567:5 0:1 131567:3 0:28 131567:5 0:17 131567:2 0:64 544580:5 0:2 544580:5 0:4 544580:2 0:3 544580:1 0:19 131567:1 0:13 131567:1 0:70 131567:5 0:1 131567:5 0:42
C	3868	544580	988	0:22 131567:1 0:108 131567:4 0:4 131567:5 0:1 131567:5 0:70 131567:1 0:13 131567:1 0:19 544580:1 0:3 544580:2 0:4 544580:5 0:2 544580:5 0:33 131567:3 0:12 131567:11 0:1 131567:8 0:17 131567:5 0:6 131567:5 0:16 131567:4 0:1 131567:5 0:12 131567:5 0:2 131567:5 0:4 131567:5 0:46 131567:1 0:16 131567:2 0:61 131567:1 0:11 131567:1 0:19 131567:4 0:63 131567:4 0:6 131567:4 0:19 131567:5 0:7 131567:8 0:19 131567:4 0:14 131567:4 0:7 131567:2 0:8 131567:5 0:66 131567:4 0:16 131567:4 0:87
C	3869	544580	846	0:46 131567:4 0:16 131567:4 0:104 131567:4 0:19 131567:8 0:7 131567:5 0:19 131567:4 0:6 131567:4 0:63 131567:4 0:19 131567:1 0:44 131567:1 0:92 131567:5 0:4 131567:5 0:2 131567:5 0:48 131567:5 0:17 131567:8 0:1 131567:11 0:12 131567:3 0:33 544580:5 0:11 544580:2 0:23 131567:1 0:13 131567:1 0:66 131567:5 0:1 131567:5 0:4 131567:4 0:38
C	3870	131567	988	0:22 131567:1 0:106 131567:4 0:4 131567:5 0:1 131567:5 0:70 131567:1 0:100 131567:11 0:1 131567:8 0:17 131567:5 0:6 131567:5 0:16 131567:4 0:1 131567:5 0:12 131567:5 0:106 131567:2 0:10 131567:2 0:7 131567:1 0:43 131567:4 0:63 131567:4 0:6 131567:4 0:19 131567:4 0:35 131567:5 0:14 131567:4 0:7 131567:2 0:77 131567:4 0:115 131567:1
C	3871	131567	796	0:178 131567:5 0:16 131567:4 0:1 131567:5 0:12 131567:5 0:2 131567:5 0:4 131567:5 0:46 131567:1 0:16 131567:2 0:26 131567:1 0:10 131567:2 0:7 131567:1 0:13 131567:1 0:11 131567:1 0:19 131567:4 0:63 131567:4 0:6 131567:4 0:59 131567:4 0:14 131567:4 0:7 131567:2 0:8 131567:5 0:63 131567:4 0:16 131567:5 0:91
C	3872	1268659	915	0:215 1268659:5 0:41 131567:5 0:9 131567:2 0:71 131567:9 0:1 131567:9 0:222 131567:1 0:3 131567:5 0:3 131567:5 0:5 131567:1 0:269
C	3873	477697	951	0:189 477697:2 0:55 477697:3 0:13 131567:1 0:18 131567:7 2:6 0:14 131567:5 0:15 2:3 0:22 2:1 0:127 3273430:5 0:60 227086:1 0:29 131567:5 0:3 2:5 0:16 477697:5 0:5 477697:1 0:301
C	3874	544580	982	0:22 131567:1 0:108 131567:4 0:4 131567:5 0:1 131567:5 0:64 131567:1 0:13 131567:1 0:19 544580:1 0:3 544580:2 0:4 544580:5 0:2 544580:5 0:33 131567:3 0:12 131567:11 0:1 131567:8 0:17 131567:5 0:6 131567:5 0:16 131567:4 0:1 131567:5 0:12 131567:5 0:2 131567:5 0:4 131567:5 0:46 131567:1 0:16 131567:2 0:26 131567:1 0:10 131567:2 0:7 131567:1 0:13 131567:1 0:11 131567:1 0:19 131567:4 0:63 131567:4 0:6 131567:4 0:19 131567:5 0:7 131567:8 0:19 131567:4 0:14 131567:4 0:7 131567:2 0:8 131567:5 0:178
C	3877	181762	1271	0:47 9606:2 0:11 9606:6 0:151 181762:1 0:1 181762:5 0:231 131567:2 0:30 131567:5 0:26 131567:4 0:22 131567:5 0:8 131567:9 0:5 131567:5 0:58 5338:3 0:59 181124:1 0:119 131567:1 0:10 131567:3 0:407
C	3878	227086	972	0:415 227086:1 0:260 131567:5 0:18 131567:1 0:238
C	3879	569360	812	0:9 569360:5 0:182 5144:2 0:16 5125:5 0:105 147550:5 0:208 131567:1 0:16 131567:5 0:5 716545:1 0:213
C	3880	544580	970	0:81 131567:1 0:60 131567:5 0:69 131567:1 0:13 131567:1 0:19 544580:1 0:3 544580:2 0:4 544580:5 0:2 544580:5 0:33 131567:3 0:12 131567:7 0:39 131567:5 0:16 131567:4 0:1 131567:5 0:12 131567:5 0:2 131567:5 0:4 131567:5 0:46 131567:1 0:16 131567:2 0:26 131567:1 0:10 131567:2 0:7 131567:1 0:13 131567:1 0:11 131567:1 0:19 131567:4 0:41 296543:2 0:19 131567:4 0:6 131567:4 0:19 131567:5 0:7 131567:8 0:230
C	3882	332648	905	0:23 131567:3 0:227 716546:4 0:51 131567:1 0:270 716546:2 0:34 716546:3 0:4 131567:5 0:13 131567:2 0:22 716545:1 0:2 332648:2 0:202
C	3883	2	954	0:189 477697:2 0:91 131567:7 2:6 0:187 3273430:5 0:58 227086:1 0:29 131567:5 0:3 2:5 0:16 477697:3 0:313
C	3884	477697	859	0:2 477697:4 0:351 477697:5 0:16 2:5 0:3 131567:5 0:29 227086:1 0:60 3273430:5 0:125 2:1 0:89 131567:1 0:13 477697:3 0:55 477697:2 0:50
C	3885	544580	854	0:46 131567:4 0:16 131567:4 0:63 131567:5 0:8 131567:2 0:7 131567:4 0:14 131567:4 0:19 131567:8 0:7 131567:5 0:19 131567:4 0:6 131567:5 0:61 131567:4 0:19 131567:1 0:45 131567:1 0:92 131567:5 0:4 131567:5 0:2 131567:5 0:42 131567:5 0:6 131567:5 0:17 131567:8 0:1 131567:11 0:12 131567:3 0:33 544580:5 0:2 544580:5 0:4 544580:2 0:3 544580:1 0:19 131567:1 0:13 131567:1 0:70 131567:5 0:1 131567:5 0:4 131567:4 0:38
C	3886	181124	964	0:28 451864:2 5204:4 0:276 131567:3 0:10 131567:1 0:5 131567:5 0:3 131567:5 0:3 131567:1 0:14 181124:5 0:118 456999:2 0:83 131567:5 0:5 131567:9 0:8 131567:5 0:22 131567:4 0:18 131567:2 0:12 131567:2 0:9 131567:5 0:49 181762:1 0:3 181762:5 0:91 181124:2 0:105
C	3887	131567	849	0:46 131567:4 0:16 131567:4 0:62 131567:5 0:8 131567:2 0:7 131567:4 0:14 131567:4 0:19 131567:1 0:116 131567:3 0:19 131567:1 0:11 131567:1 0:13 131567:1 0:7 131567:2 0:10 131567:1 0:26 131567:2 0:16 131567:1 0:62 131567:5 0:12 131567:5 0:1 131567:4 0:16 131567:5 0:6 131567:5 0:17 131567:8 0:1 131567:11 0:12 131567:3 0:159 131567:5 0:1 131567:5 0:4 131567:4 0:38
U	3889	0	647	0:613
C	3890	2093779	932	0:143 131567:5 0:101 544580:1 0:67 131567:11 0:1 131567:8 0:17 131567:5 0:6 2093779:5 0:17 131567:5 0:12 131567:5 0:2 131567:5 0:255 131567:4 0:54 131567:4 0:7 131567:2 0:8 131567:5 0:136 131567:3 0:4
C	3891	40324	930	0:188 477697:2 0:55 477697:3 0:13 131567:1 0:20 40324:5 0:20 131567:5 0:15 2:3 0:228 40324:5 0:13 131567:5 0:3 2:5 0:307
C	3892	131567	842	0:44 131567:4 0:16 131567:4 0:83 131567:4 0:14 131567:4 0:19 131567:8 0:7 131567:5 0:19 131567:4 0:6 131567:4 0:63 131567:4 0:19 131567:1 0:11 131567:1 0:13 131567:1 0:7 131567:2 0:10 131567:1 0:92 131567:2 0:4 131567:5 0:2 131567:5 0:12 131567:5 0:1 131567:4 0:16 131567:5 0:6 131567:5 0:17 131567:8 0:1 131567:11 0:12 131567:3 0:72 131567:1 0:13 131567:1 0:70 131567:5 0:1 131567:5 0:4 131567:4 0:38
C	3893	477697	1269	0:267 477697:5 0:12 131567:4 0:18 477697:4 0:343 2:5 0:3 131567:5 0:13 40324:5 0:73 3273430:5 0:168 131567:5 0:27 508771:1 0:272
C	3894	544580	853	0:46 131567:4 0:16 131567:4 0:63 131567:5 0:8 131567:2 0:7 131567:4 0:14 131567:4 0:136 131567:3 0:45 131567:5 0:3 131567:2 0:103 131567:5 0:4 131567:5 0:2 131567:5 0:49 131567:5 0:17 131567:8 0:1 131567:11 0:48 544580:5 0:2 544580:5 0:4 544580:2 0:3 544580:1 0:19 131567:1 0:13 131567:1 0:72 131567:5 0:1 131567:5 0:4 131567:4 0:38
C	3895	544580	985	0:24 131567:1 0:57 131567:2 0:58 131567:5 0:1 131567:5 0:102 544580:1 0:3 544580:2 0:4 544580:5 0:2 544580:5 0:33 131567:3 0:12 131567:11 0:1 131567:8 0:17 131567:5 0:6 131567:5 0:16 131567:4 0:1 131567:5 0:12 131567:5 0:2 131567:5 0:4 131567:5 0:46 131567:1 0:16 131567:2 0:26 131567:1 0:10 131567:2 0:7 131567:1 0:13 131567:1 0:11 131567:1 0:19 131567:4 0:64 131567:4 0:6 131567:4 0:19 131567:5 0:7 131567:8 0:19 131567:4 0:14 131567:4 0:82 131567:4 0:16 131567:4 0:51 131567:5 0:16 131567:1 0:16
C	3896	181762	1163	0:62 1268659:5 0:440 131567:3 0:16 1485:5 0:47 4751:2 0:62 181124:1 0:118 131567:5 0:48 131567:4 0:26 131567:5 0:30 131567:2 0:231 181762:5 0:1 181762:1 0:10
C	3897	490731	1159	0:41 490731:3 0:7 490731:5 0:13 490731:1 0:429 131567:3 0:10 131567:1 0:56 4751:2 0:62 181124:1 0:117 131567:5 0:5 131567:9 0:8 131567:5 0:22 131567:4 0:26 131567:5 0:30 131567:2 0:231 181762:5 0:1 181762:1 0:15
C	3898	477697	1009	0:349 477697:1 0:5 477697:5 0:62 227086:1 0:60 3273430:5 0:127 2:1 0:22 2:3 0:15 131567:5 0:14 2:6 131567:7 0:18 131567:1 0:13 477697:3 0:55 477697:2 0:195
C	3899	544580	985	0:21 131567:1 0:58 131567:2 0:48 131567:4 0:4 131567:5 0:1 131567:5 0:69 131567:1 0:13 131567:1 0:19 544580:1 0:3 544580:2 0:4 544580:5 0:2 544580:5 0:33 131567:3 0:12 131567:11 0:1 131567:8 0:17 131567:5 0:6 131567:5 0:3 131567:5 0:33 131567:5 0:2 131567:5 0:4 131567:5 0:46 131567:1 0:43 131567:1 0:10 131567:2 0:7 131567:1 0:13 131567:1 0:11 131567:1 0:19 131567:4 0:94 131567:5 0:7 131567:8 0:19 131567:4 0:14 131567:4 0:7 131567:2 0:8 131567:5 0:63 131567:4 0:16 131567:4 0:90
C	3900	1296100	1122	0:254 1296100:2 0:9 131567:2 0:30 131567:5 0:26 131567:4 0:41 131567:4 0:5 131567:5 0:180 4751:2 0:519
C	3901	544580	983	0:22 131567:1 0:58 131567:2 0:48 131567:4 0:4 131567:5 0:1 131567:5 0:68 131567:1 0:13 131567:1 0:19 544580:1 0:53 131567:3 0:12 131567:11 0:1 131567:8 0:50 131567:5 0:12 131567:5 0:2 131567:5 0:4 131567:5 0:46 131567:1 0:66 131567:1 0:13 131567:1 0:11 131567:1 0:19 131567:4 0:63 131567:4 0:6 131567:4 0:57 131567:4 0:14 131567:1 0:90 131567:4 0:16 131567:4 0:90
C	3902	131567	835	0:46 131567:4 0:16 131567:4 0:81 131567:4 0:14 131567:4 0:19 131567:8 0:7 131567:5 0:19 131567:4 0:6 131567:4 0:63 131567:4 0:19 131567:1 0:11 131567:1 0:13 131567:1 0:7 131567:2 0:10 131567:1 0:40 131567:1 0:46 131567:5 0:4 131567:5 0:2 131567:5 0:35 131567:5 0:6 131567:5 0:17 131567:7 0:100 131567:1 0:13 131567:1 0:69 131567:5 0:1 131567:5 0:45
C	3904	544580	976	0:22 131567:1 0:8 5204:3 0:40 131567:2 0:62 131567:5 0:69 131567:1 0:35 544580:2 0:4 544580:5 0:2 544580:5 0:81 131567:5 0:6 131567:5 0:16 131567:4 0:1 131567:5 0:12 131567:5 0:2 131567:5 0:4 131567:5 0:90 131567:1 0:10 131567:2 0:7 131567:1 0:13 131567:1 0:11 131567:1 0:19 131567:4 0:73 131567:4 0:19 131567:5 0:7 131567:8 0:19 131567:4 0:14 131567:4 0:166 131567:5 0:16 131567:1 0:15
C	3906	544580	536	0:38 131567:4 0:4 131567:5 0:1 131567:5 0:69 131567:1 0:13 131567:1 0:19 544580:1 0:3 544580:2 0:4 544580:5 0:2 544580:5 0:33 131567:3 0:12 131567:8 0:62 131567:4 0:1 131567:5 0:12 131567:5 0:2 131567:5 0:4 131567:5 0:60 131567:2 0:63 131567:1 0:11 131567:1 0:21
C	3908	40324	919	0:278 40324:5 0:20 131567:5 0:15 2:3 0:150 3273430:5 0:72 40324:5 0:13 131567:5 0:3 2:5 0:301
C	3909	131567	547	0:46 131567:4 0:16 131567:4 0:63 131567:5 0:8 131567:2 0:7 131567:4 0:14 131567:4 0:19 131567:8 0:44 131567:4 0:86 131567:1 0:11 131567:1 0:13 131567:1 0:7 131567:2 0:10 131567:1 0:26 131567:2 0:16 131567:1 0:61 131567:5 0:12 131567:5
C	3910	2759	830	0:48 131567:4 0:16 131567:4 0:74 36035:5 0:4 131567:4 0:14 131567:4 0:19 131567:8 0:7 131567:5 0:19 131567:4 0:6 131567:5 0:83 131567:1 0:11 131567:1 0:13 131567:1 0:8 508771:5 0:143 131567:5 0:6 131567:5 0:17 131567:8 0:1 131567:11 0:12 131567:3 0:73 131567:1 0:13 131567:1 0:69 131567:5 0:1 131567:5 0:4 131567:4 0:36
C	3911	1268659	900	0:215 1268659:5 0:26 131567:2 0:13 131567:5 0:9 131567:2 0:12 131567:2 0:18 131567:4 0:53 55193:2 0:177 131567:5 0:36 131567:1 0:3 131567:5 0:3 131567:5 0:5 131567:1 0:257
C	3912	544580	849	0:46 131567:4 0:16 131567:4 0:63 131567:5 0:8 131567:2 0:7 131567:4 0:14 131567:4 0:34 131567:4 0:19 131567:4 0:6 131567:4 0:63 131567:4 0:66 131567:1 0:27 131567:1 0:63 131567:5 0:4 131567:5 0:2 131567:5 0:49 131567:5 0:17 131567:8 0:1 131567:11 0:12 131567:3 0:33 544580:5 0:2 544580:5 0:4 544580:2 0:3 544580:1 0:19 131567:1 0:13 131567:1 0:69 131567:5 0:1 131567:5 0:4 131567:4 0:38
C	3913	544580	981	0:22 131567:1 0:59 131567:2 0:48 131567:4 0:4 131567:5 0:1 131567:5 0:69 131567:1 0:13 131567:1 0:19 544580:1 0:3 544580:2 0:4 544580:5 0:2 544580:5 0:47 131567:11 0:1 131567:8 0:17 131567:5 0:6 131567:5 0:16 131567:4 0:1 131567:5 0:12 131567:5 0:2 131567:5 0:4 131567:5 0:46 131567:1 0:16 131567:2 0:26 131567:1 0:10 131567:2 0:7 131567:1 0:13 131567:1 0:11 131567:1 0:93 498019:4 0:19 131567:5 0:7 131567:8 0:19 131567:4 0:14 131567:4 0:7 131567:2 0:8 131567:5 0:63 131567:4 0:16 131567:4 0:88
C	3914	544580	834	0:41 131567:4 0:16 131567:4 0:63 131567:5 0:8 131567:2 0:7 131567:4 0:14 131567:4 0:19 131567:1 0:34 131567:4 0:6 131567:4 0:64 131567:4 0:51 131567:2 0:10 131567:1 0:89 131567:2 0:4 131567:5 0:2 131567:5 0:37 131567:5 0:6 131567:5 0:17 131567:8 0:1 131567:11 0:55 544580:3 0:6 544580:2 0:3 544580:1 0:19 131567:1 0:13 131567:1 0:70 131567:5 0:1 131567:5 0:4 131567:4 0:38
C	3915	477697	1284	0:266 477697:5 0:34 477697:4 0:355 131567:5 0:13 40324:5 0:72 3273430:5 0:150 2:3 0:15 131567:5 0:20 40324:5 0:20 131567:1 0:13 477697:3 0:55 477697:2 0:194
C	3916	544580	972	0:79 131567:2 0:48 131567:4 0:4 131567:5 0:1 131567:5 0:67 131567:1 0:13 131567:1 0:19 544580:1 0:3 544580:2 0:4 544580:5 0:2 544580:5 0:33 131567:3 0:12 131567:11 0:1 131567:8 0:17 131567:5 0:6 131567:5 0:16 131567:4 0:1 131567:5 0:12 131567:5 0:2 131567:5 0:4 131567:5 0:46 131567:1 0:16 131567:2 0:26 131567:1 0:10 131567:2 0:7 131567:1 0:13 131567:1 0:11 131567:1 0:19 131567:4 0:93 131567:5 0:7 131567:8 0:19 131567:4 0:14 131567:4 0:7 131567:2 0:8 131567:5 0:63 131567:4 0:16 131567:4 0:83
C	3917	3273430	942	0:187 477697:2 0:93 40324:5 0:40 2:3 0:41 3273430:5 0:103 3273430:5 0:95 131567:5 0:3 2:5 0:316
C	3918	28985	831	0:6 4910:3 0:6 4910:5 0:93 4910:4 0:6 4893:1 0:5 131567:3 0:14 131567:4 0:34 131567:4 0:19 131567:4 0:6 131567:4 0:53 131567:2 0:21 4910:4 0:39 131567:2 0:10 131567:1 0:99 131567:5 0:2 131567:5 0:38 131567:5 0:6 131567:5 0:17 131567:4 0:55 4910:5 0:54 4910:3 0:2 4910:5 0:38 4910:2 0:22 28985:5 0:2 28985:5 0:43 4910:4 0:13
C	3919	3273430	1128	0:607 3273430:5 0:98 3273430:5 0:84 40324:5 0:92 477697:2 0:196
C	3920	477697	1266	0:753 3273430:5 0:145 2:3 0:15 131567:5 0:59 477697:3 0:55 477697:5 0:184
C	3921	477697	955	0:189 477697:2 0:94 131567:7 2:4 0:61 2:1 0:220 131567:5 0:3 2:5 0:330
C	3922	544580	851	0:147 36035:5 0:4 131567:4 0:14 131567:4 0:19 131567:8 0:7 131567:5 0:19 131567:4 0:6 131567:4 0:64 131567:4 0:19 131567:1 0:11 131567:1 0:13 131567:1 0:7 131567:2 0:10 131567:1 0:26 131567:2 0:16 131567:1 0:46 131567:5 0:4 131567:5 0:2 131567:5 0:12 131567:5 0:1 131567:4 0:16 131567:5 0:6 131567:5 0:17 131567:8 0:1 131567:11 0:49 544580:5 0:2 544580:5 0:4 544580:2 0:3 544580:1 0:19 131567:1 0:13 131567:1 0:68 131567:5 0:1 131567:5 0:4 131567:4 0:38
C	3923	181762	1054	0:8 181762:1 0:1 181762:5 0:230 131567:2 0:30 131567:5 0:26 131567:4 0:22 131567:5 0:8 131567:9 0:5 131567:5 0:58 5338:3 0:58 181124:1 0:61 4751:2 0:56 131567:1 0:10 131567:3 0:401
C	3924	2916678	846	0:45 131567:4 0:82 131567:5 0:8 131567:2 0:7 131567:4 0:14 131567:4 0:38 2916678:5 0:12 131567:4 0:6 131567:4 0:97 131567:1 0:13 131567:1 0:7 131567:2 0:10 131567:1 0:92 131567:5 0:4 131567:5 0:2 131567:5 0:12 131567:5 0:1 131567:4 0:16 131567:5 0:6 131567:5 0:127 131567:1 0:13 131567:1 0:70 131567:5 0:1 131567:5 0:4 131567:4 0:38
C	3925	544580	852	0:46 131567:4 0:16 131567:4 0:64 131567:5 0:8 131567:2 0:7 131567:5 0:37 131567:7 0:7 131567:5 0:19 131567:4 0:6 131567:4 0:63 131567:4 0:19 131567:1 0:11 131567:1 0:13 131567:1 0:7 131567:2 0:10 131567:1 0:26 131567:2 0:16 131567:1 0:62 131567:5 0:39 131567:5 0:6 131567:5 0:17 131567:3 0:65 544580:5 0:2 544580:5 0:4 544580:2 0:3 544580:1 0:19 131567:1 0:13 131567:1 0:70 131567:5 0:1 131567:5 0:4 131567:4 0:38
C	3926	131567	503	0:46 131567:4 0:16 131567:4 0:63 131567:5 0:8 131567:2 0:7 131567:4 0:14 131567:4 0:34 131567:4 0:19 131567:4 0:6 131567:4 0:65 131567:4 0:19 131567:1 0:11 131567:1 0:13 131567:1 0:7 131567:2 0:10 131567:1 0:26 131567:2 0:16 131567:1 0:41
C	3927	544580	848	0:44 131567:4 0:16 131567:4 0:63 131567:5 0:8 131567:2 0:7 131567:4 0:14 131567:4 0:19 131567:8 0:7 131567:5 0:19 131567:4 0:6 131567:4 0:63 131567:4 0:19 131567:1 0:11 131567:1 0:13 131567:1 0:7 131567:2 0:10 131567:1 0:26 131567:2 0:16 131567:1 0:50 131567:2 0:4 131567:5 0:2 131567:5 0:37 131567:5 0:6 131567:5 0:17 131567:8 0:1 131567:11 0:51 544580:5 0:2 544580:5 0:4 544580:2 0:3 544580:1 0:19 131567:1 0:13 131567:1 0:70 131567:5 0:1 131567:5 0:4 131567:4 0:35
C	3928	544580	1011	0:118 131567:2 0:168 544580:1 0:3 544580:2 0:4 544580:5 0:52 131567:11 0:1 131567:8 0:17 131567:5 0:6 131567:5 0:16 131567:4 0:1 131567:5 0:19 131567:5 0:73 131567:1 0:61 131567:1 0:11 131567:1 0:85 131567:4 0:6 131567:4 0:19 131567:5 0:7 131567:8 0:19 131567:4 0:14 131567:4 0:7 131567:2 0:8 131567:5 0:170
C	3930	477697	959	0:188 477697:5 0:57 477697:3 0:13 131567:1 0:18 131567:7 2:6 0:14 131567:5 0:15 2:3 0:22 2:1 0:126 3273430:5 0:60 227086:1 0:29 131567:5 0:3 2:5 0:16 477697:2 0:315
C	3931	147550	811	0:9 569360:5 0:224 716546:3 0:51 716546:1 0:32 147550:5 0:168 716546:5 0:1 131567:3 5144:5 0:28 131567:1 0:16 131567:5 0:5 716545:1 0:209
C	3932	490731	557	0:41 490731:3 0:7 490731:5 0:13 490731:1 0:430 131567:3 0:10 131567:1 0:9
C	3934	131567	947	0:22 131567:1 0:191 131567:1 0:13 131567:1 0:82 131567:11 0:1 131567:5 0:46 131567:4 0:1 131567:5 0:12 131567:5 0:2 131567:6 0:96 131567:1 0:10 131567:2 0:7 131567:1 0:13 131567:1 0:11 131567:1 0:19 131567:2 0:65 131567:4 0:6 131567:4 0:19 131567:5 0:7 131567:8 0:19 131567:4 0:14 131567:4 0:7 131567:2 0:8 131567:5 0:80 131567:4 0:75
C	3935	40324	1006	0:384 2:5 0:3 131567:5 0:13 40324:5 0:204 2:1 0:65 40324:5 0:20 131567:1 0:232 286:3 0:26
C	3936	544580	720	0:3 131567:5 0:8 131567:2 0:7 131567:4 0:14 131567:4 0:19 131567:8 0:7 131567:5 0:19 131567:4 0:6 131567:4 0:66 131567:2 0:19 131567:1 0:11 131567:1 0:13 131567:1 0:7 131567:2 0:10 131567:1 0:26 131567:2 0:16 131567:1 0:46 131567:5 0:4 131567:5 0:2 131567:5 0:12 131567:5 0:1 131567:4 0:16 131567:5 0:6 131567:5 0:17 131567:3 0:64 544580:5 0:2 544580:5 0:4 544580:2 0:3 544580:1 0:104 131567:5 0:1 131567:5 0:4 131567:4 0:38
C	3937	544580	1030	0:66 131567:2 0:33 131567:1 0:183 131567:1 0:13 131567:1 0:19 544580:1 0:3 544580:2 0:4 544580:5 0:2 544580:5 0:33 131567:3 0:12 131567:5 0:64 131567:4 0:1 131567:5 0:12 131567:5 0:2 131567:5 0:4 131567:5 0:61 131567:2 0:126 296543:2 0:19 131567:4 0:6 131567:4 0:19 131567:5 0:7 131567:8 0:19 131567:4 0:14 131567:4 0:7 131567:2 0:93 131567:3 0:51 131567:5 0:16 131567:1 0:13
C	3938	544580	847	0:44 131567:4 0:16 131567:4 0:63 131567:5 0:8 131567:2 0:7 131567:4 0:14 131567:4 0:34 131567:4 0:19 131567:4 0:6 131567:4 0:63 131567:4 0:19 131567:1 0:11 131567:1 0:13 131567:1 0:7 131567:2 0:10 131567:1 0:26 131567:2 0:16 131567:1 0:46 131567:5 0:4 131567:5 0:2 131567:5 0:12 131567:5 0:1 131567:4 0:16 131567:5 0:6 131567:5 0:17 131567:8 0:1 131567:11 0:12 131567:3 0:33 544580:5 0:2 544580:5 0:4 544580:2 0:3 544580:1 0:19 131567:1 0:13 131567:1 0:127
C	3939	1423913	1053	0:229 1423913:5 0:6 131567:2 0:30 131567:5 0:26 131567:4 0:22 131567:5 0:8 131567:9 0:5 131567:5 0:237 131567:1 0:10 131567:3 0:407
C	3940	544580	980	0:22 131567:1 0:58 131567:2 0:48 131567:4 0:4 131567:5 0:1 131567:5 0:70 131567:1 0:13 131567:1 0:19 544580:1 0:3 544580:2 0:4 544580:5 0:2 544580:5 0:33 131567:3 0:12 131567:11 0:1 131567:8 0:67 131567:5 0:2 131567:5 0:4 131567:5 0:61 131567:2 0:26 131567:1 0:10 131567:2 0:7 131567:1 0:13 131567:1 0:11 131567:1 0:19 131567:4 0:63 131567:4 0:6 131567:4 0:19 131567:5 0:7 131567:8 0:19 131567:4 0:14 131567:4 0:7 131567:2 0:8 131567:5 0:63 131567:4 0:16 131567:4 0:89
C	3941	181762	598	0:3 4751:2 0:62 181124:1 0:59 5338:3 0:58 131567:5 0:5 131567:9 0:8 131567:5 0:22 131567:4 0:17 508771:8 2:1 0:35 131567:2 0:233 181762:5 0:1 181762:1 0:15
C	3942	40324	921	0:185 477697:2 0:55 477697:3 0:13 131567:1 0:20 40324:5 0:20 131567:5 0:15 2:3 0:151 3273430:5 0:71 40324:5 0:13 131567:5 0:3 2:5 0:302
C	3943	5144	931	0:310 131567:5 0:16 131567:1 0:28 5144:5 131567:3 0:1 716546:5 0:211 4895:1 0:6 716546:1 0:9 716546:2 0:41 131567:5 0:13 131567:2 0:232
C	3944	131567	847	0:46 131567:4 0:16 131567:4 0:63 131567:5 0:8 131567:2 0:7 131567:4 0:14 131567:4 0:19 131567:8 0:7 131567:5 0:19 131567:4 0:6 131567:4 0:50 181124:5 0:32 131567:1 0:11 131567:1 0:13 131567:1 0:7 131567:2 0:10 131567:1 0:26 131567:2 0:79 131567:5 0:35 131567:4 0:6 131567:5 0:17 131567:4 0:64 544580:5 0:36 131567:1 0:13 131567:1 0:70 131567:5 0:1 131567:5 0:4 131567:4 0:38
C	3945	40324	976	0:2 477697:4 0:352 131567:5 0:13 40324:5 0:73 3273430:5 0:149 2:3 0:15 131567:5 0:20 40324:5 0:20 131567:1 0:13 477697:3 0:55 477697:2 0:192
C	3946	544580	845	0:46 131567:4 0:16 131567:4 0:61 131567:5 0:8 131567:2 0:7 131567:4 0:14 131567:4 0:34 131567:4 0:19 131567:4 0:6 131567:4 0:63 131567:4 0:19 131567:1 0:11 131567:1 0:140 131567:5 0:12 131567:5 0:1 131567:4 0:60 131567:1 0:1 131567:3 0:56 544580:5 0:2 544580:5 0:4 544580:2 0:3 544580:1 0:19 131567:1 0:13 131567:1 0:66 131567:5 0:1 131567:5 0:45
C	3947	3273430	993	0:2 477697:2 0:359 2:5 0:3 131567:5 0:93 3273430:5 0:104 3273430:5 0:84 40324:5 0:20 131567:1 0:13 477697:3 0:250
C	3948	2	697	0:92 2:1 0:127 3273430:5 0:93 131567:5 0:3 2:5 0:16 477697:5 0:311
C	3950	544580	949	0:22 131567:1 0:56 131567:5 0:128 131567:1 0:13 131567:1 0:19 544580:1 0:3 544580:2 0:112 131567:5 0:104 131567:1 0:234 131567:4 0:97 131567:4 0:16 131567:4 0:82
C	3952	1268659	976	0:31 5204:2 0:278 131567:3 0:10 131567:1 0:5 131567:5 0:3 131567:5 0:3 131567:1 0:137 456999:2 0:21 5338:3 0:58 131567:5 0:5 131567:9 0:8 131567:5 0:22 131567:4 0:18 131567:2 0:12 131567:2 0:9 131567:5 0:41 1268659:5 0:222
C	3953	544580	842	0:46 131567:4 0:16 131567:4 0:70 131567:2 0:7 131567:4 0:36 131567:7 0:7 131567:5 0:19 131567:4 0:6 131567:4 0:63 131567:4 0:19 131567:1 0:11 131567:1 0:13 131567:1 0:7 131567:2 0:10 131567:1 0:26 131567:2 0:16 131567:1 0:46 131567:5 0:4 131567:5 0:2 131567:5 0:12 131567:5 0:1 131567:4 0:16 131567:5 0:6 131567:5 0:17 131567:8 0:1 131567:11 0:12 131567:3 0:33 544580:5 0:2 544580:5 0:4 544580:2 0:3 544580:1 0:19 131567:1 0:13 131567:1 0:70 131567:5 0:1 131567:5 0:4 131567:4 0:38
C	3954	544580	978	0:75 42260:5 131567:1 0:48 131567:4 0:4 131567:5 0:1 131567:5 0:108 544580:1 0:3 544580:2 0:4 544580:5 0:2 544580:5 0:47 131567:11 0:1 131567:5 0:30 131567:5 0:39 131567:5 0:2 131567:5 0:4 131567:5 0:46 131567:1 0:16 131567:2 0:26 131567:1 0:10 131567:2 0:7 131567:1 0:13 131567:1 0:11 131567:1 0:19 131567:4 0:94 131567:5 0:7 131567:7 0:37 131567:4 0:7 131567:2 0:8 131567:5 0:170
C	3955	544580	980	0:78 131567:1 0:53 131567:5 0:1 131567:5 0:70 131567:1 0:13 131567:1 0:19 544580:1 0:3 544580:2 0:4 544580:5 0:2 544580:5 0:61 131567:8 0:17 131567:5 0:6 131567:5 0:16 131567:4 0:1 131567:5 0:12 131567:5 0:2 131567:5 0:4 131567:5 0:46 131567:1 0:16 131567:2 0:26 131567:1 0:10 131567:2 0:7 131567:1 0:13 131567:1 0:11 131567:1 0:19 131567:4 0:63 131567:4 0:41 131567:8 0:19 131567:4 0:14 131567:4 0:7 131567:2 0:8 131567:5 0:63 131567:4 0:109
C	3957	544580	828	0:60 131567:4 0:63 131567:5 0:8 131567:2 0:7 131567:4 0:35 131567:5 0:7 131567:5 0:19 131567:4 0:6 131567:4 0:50 181124:5 0:32 131567:1 0:11 131567:1 0:13 131567:1 0:7 131567:2 0:10 131567:1 0:84 131567:2 0:4 131567:5 0:2 131567:5 0:38 131567:5 0:6 131567:5 0:17 131567:8 0:1 131567:11 0:48 544580:5 0:2 544580:5 0:4 544580:2 0:3 544580:1 0:19 131567:1 0:13 131567:1 0:69 131567:5 0:1 131567:5 0:4 131567:4 0:37
C	3958	294750	915	0:100 294750:5 0:170 131567:2 0:71 131567:9 0:1 131567:9 0:220 131567:1 0:3 131567:5 0:3 131567:5 0:5 131567:1 0:271
C	3959	477697	999	0:2 477697:4 0:344 477697:1 0:5 477697:5 0:16 2:5 0:3 131567:5 0:90 3273430:5 0:127 2:1 0:22 2:3 0:34 2:6 131567:5 0:33 477697:3 0:55 477697:2 0:189
C	3960	544580	852	0:46 131567:4 0:16 131567:4 0:127 131567:8 0:7 131567:5 0:19 131567:4 0:6 131567:4 0:69 4956:5 0:38 131567:1 0:7 131567:2 0:10 131567:1 0:26 131567:2 0:16 131567:1 0:46 131567:5 0:4 131567:5 0:2 131567:5 0:40 131567:5 0:6 131567:5 0:17 131567:7 0:60 544580:5 0:2 544580:5 0:4 544580:2 0:3 544580:1 0:19 131567:1 0:13 131567:1 0:69 131567:5 0:1 131567:5 0:4 131567:4 0:39
C	3961	544580	852	0:46 131567:4 0:16 131567:4 0:63 131567:5 0:8 131567:2 0:88 131567:4 0:6 131567:4 0:40 498019:5 0:5 131567:5 0:9 131567:4 0:19 131567:1 0:11 131567:1 0:13 131567:1 0:7 131567:2 0:10 131567:1 0:26 131567:2 0:16 131567:1 0:46 131567:5 0:57 131567:5 0:6 131567:5 0:17 131567:8 0:1 131567:11 0:12 131567:3 0:33 544580:5 0:2 544580:5 0:4 544580:2 0:3 544580:1 0:19 131567:1 0:13 131567:1 0:67 131567:5 0:1 131567:5 0:4 131567:4 0:38
C	3963	291208	843	0:46 131567:4 0:16 131567:4 0:62 131567:5 0:8 131567:2 0:25 291208:4 0:34 131567:4 0:19 131567:4 0:6 131567:4 0:63 131567:4 0:42 131567:1 0:7 131567:2 0:10 131567:1 0:26 131567:2 0:132 131567:5 0:17 131567:3 0:102 131567:1 0:13 131567:1 0:130
C	3964	544580	849	0:46 131567:4 0:16 131567:4 0:85 131567:4 0:51 131567:5 0:19 131567:4 0:6 131567:4 0:63 131567:4 0:19 131567:1 0:11 131567:1 0:13 131567:1 0:7 131567:2 0:10 131567:1 0:43 131567:1 0:46 131567:5 0:4 131567:5 0:2 131567:5 0:71 131567:8 0:1 131567:11 0:12 131567:3 0:33 544580:5 0:2 544580:5 0:4 544580:2 0:3 544580:1 0:19 131567:1 0:13 131567:1 0:70 131567:5 0:1 131567:5 0:4 131567:4 0:39
C	3965	9606	977	0:24 9606:2 0:3 9606:5 0:25 9606:1 0:53 9606:5 0:72 131567:4 0:63 131567:5 0:72 131567:5 0:19 131567:4 0:6 131567:4 0:63 131567:4 0:19 131567:1 0:11 131567:1 0:13 131567:1 0:7 131567:2 0:10 131567:1 0:45 131567:1 0:46 131567:5 0:4 131567:5 0:2 131567:5 0:12 131567:5 0:1 131567:4 0:16 131567:5 0:6 131567:5 0:17 131567:8 0:1 131567:11 0:93 131567:1 0:13 131567:1 0:70 131567:5 0:1 131567:5 0:4 131567:4 0:37
C	3966	181762	967	0:311 131567:3 0:32 131567:1 0:137 456999:2 0:21 5338:3 0:58 131567:5 0:5 131567:9 0:8 131567:5 0:22 131567:4 0:18 131567:2 0:12 131567:2 0:9 131567:5 0:49 181762:1 0:3 181762:5 0:93 181124:2 0:106
C	3967	181762	870	0:105 181124:2 0:93 181762:5 0:3 181762:1 0:49 131567:5 0:9 131567:2 0:12 131567:2 0:18 131567:4 0:22 131567:5 0:8 131567:9 0:5 131567:5 0:58 5338:3 0:124 2545709:1 0:33 131567:1 0:3 131567:5 0:3 131567:5 0:5 131567:1 0:10 131567:3 0:217
C	3968	544580	852	0:45 131567:4 0:16 131567:4 0:62 131567:5 0:8 131567:2 0:7 131567:4 0:14 131567:4 0:34 131567:4 0:19 131567:4 0:6 131567:4 0:63 131567:4 0:19 131567:1 0:11 131567:1 0:13 131567:1 0:7 131567:2 0:10 131567:1 0:26 131567:2 0:62 131567:5 0:4 131567:5 0:44 131567:5 0:6 131567:5 0:90 544580:5 0:2 544580:5 0:4 544580:2 0:3 544580:1 0:163
C	3969	490731	1158	0:41 490731:3 0:7 490731:5 0:13 490731:1 0:432 131567:3 0:10 131567:1 0:323 131567:5 0:30 131567:2 0:231 181762:5 0:1 181762:1 0:10
C	3970	181124	1090	0:279 131567:2 0:30 131567:5 0:26 131567:4 0:19 181124:5 0:213 4751:2 0:471
C	3971	544580	986	0:139 131567:5 0:1 131567:5 0:69 131567:1 0:13 131567:1 0:19 544580:1 0:3 544580:2 0:4 544580:5 0:2 544580:5 0:50 131567:11 0:1 131567:8 0:17 131567:5 0:6 131567:5 0:16 131567:4 0:1 131567:5 0:12 131567:5 0:2 131567:5 0:4 131567:5 0:47 131567:1 0:16 131567:2 0:26 131567:1 0:10 131567:2 0:7 131567:1 0:13 131567:1 0:11 131567:1 0:19 131567:4 0:63 131567:4 0:6 131567:4 0:19 131567:5 0:7 131567:8 0:19 131567:4 0:14 131567:4 0:7 131567:2 0:8 131567:5 0:62 131567:4 0:16 131567:4 0:51 131567:5 0:13 131567:4 0:15
C	3972	544580	844	0:46 131567:4 0:16 131567:4 0:73 131567:2 0:7 131567:4 0:14 131567:4 0:19 131567:8 0:7 131567:5 0:19 131567:4 0:6 131567:4 0:63 131567:4 0:19 131567:1 0:11 131567:1 0:13 131567:1 0:7 131567:2 0:10 131567:1 0:26 131567:2 0:16 131567:1 0:76 131567:5 0:1 131567:4 0:16 131567:5 0:6 131567:5 0:17 131567:8 0:1 131567:11 0:12 131567:3 0:33 544580:5 0:2 544580:5 0:4 544580:2 0:3 544580:1 0:104 131567:5 0:1 131567:5 0:4 131567:4 0:38
C	3973	477697	994	0:2 477697:4 0:72 477697:3 0:302 131567:5 0:89 3273430:5 0:127 2:1 0:22 2:3 0:38 131567:7 0:18 131567:1 0:13 477697:3 0:53 477697:2 0:190
C	3974	544580	851	0:66 131567:4 0:63 131567:5 0:8 131567:2 0:7 131567:4 0:14 131567:4 0:19 131567:8 0:7 131567:5 0:19 131567:4 0:6 131567:4 0:63 131567:4 0:31 131567:1 0:13 131567:1 0:7 131567:2 0:10 131567:1 0:149 131567:5 0:6 131567:5 0:17 131567:8 0:65 544580:5 0:2 544580:5 0:4 544580:2 0:3 544580:1 0:19 131567:1 0:13 131567:1 0:67 131567:5 0:1 131567:5 0:4 131567:4 0:38
C	3975	477697	1283	0:266 477697:5 0:34 477697:4 0:343 2:5 0:3 131567:5 0:13 40324:5 0:72 3273430:5 0:154 2:3 0:15 131567:5 0:20 40324:5 0:20 131567:1 0:13 477697:3 0:55 477697:2 0:193
C	3976	477697	1329	0:357 477697:4 0:335 2:5 0:3 131567:5 0:13 40324:5 0:229 2:3 0:75 477697:3 0:55 477697:2 0:201
C	3977	715989	829	0:225 498019:1 0:21 131567:2 0:13 131567:5 0:4 716546:3 0:34 716546:2 0:9 716546:1 0:6 4895:1 0:26 131567:5 0:1 131567:9 0:52 332648:5 0:11 131567:2 0:101 716546:5 0:1 131567:3 5144:5 0:28 131567:1 0:48 716546:4 0:161
C	3978	544580	989	0:22 131567:1 0:58 131567:2 0:48 131567:4 0:4 131567:5 0:1 131567:5 0:71 131567:1 0:13 131567:1 0:19 544580:1 0:3 544580:2 0:4 544580:5 0:2 544580:5 0:33 131567:3 0:12 131567:11 0:1 131567:8 0:17 131567:5 0:6 131567:5 0:16 131567:4 0:1 131567:5 0:12 131567:5 0:2 131567:5 0:4 131567:5 0:46 131567:1 0:16 131567:2 0:26 131567:1 0:10 131567:2 0:7 131567:1 0:13 131567:1 0:11 131567:1 0:85 131567:4 0:6 131567:4 0:19 131567:5 0:7 131567:8 0:19 131567:4 0:14 131567:4 0:7 131567:2 0:100 131567:3 0:89
C	3979	477697	999	0:2 477697:4 0:344 477697:1 0:5 477697:5 0:16 2:5 0:3 131567:5 0:29 227086:1 0:60 3273430:5 0:128 2:1 0:22 2:3 0:15 131567:5 0:14 2:6 131567:7 0:279
C	3980	1268659	1143	0:65 1268659:4 490731:1 0:489 4751:2 0:62 181124:1 0:59 5338:3 0:59 131567:4 0:5 131567:9 0:8 131567:5 0:51 131567:5 0:30 131567:2 0:245
C	3981	544580	970	0:246 544580:2 0:11 544580:5 0:117 131567:4 0:1 131567:5 0:12 131567:5 0:2 131567:5 0:4 131567:5 0:63 131567:2 0:26 131567:1 0:10 131567:2 0:7 131567:1 0:13 131567:1 0:11 131567:1 0:19 131567:4 0:94 131567:5 0:7 131567:8 0:19 131567:4 0:14 131567:4 0:7 131567:2 0:77 131567:4 0:16 131567:4 0:86
C	3982	544580	976	0:130 131567:4 0:4 131567:5 0:1 131567:5 0:83 131567:1 0:19 544580:1 0:3 544580:2 0:4 544580:5 0:2 544580:5 0:33 131567:3 0:12 131567:5 0:66 131567:1 0:12 131567:4 0:5 131567:5 0:2 131567:5 0:4 131567:5 0:61 131567:1 0:26 131567:1 0:10 131567:2 0:7 131567:1 0:13 131567:1 0:11 131567:1 0:83 131567:4 0:6 131567:4 0:57 131567:4 0:14 131567:4 0:7 131567:2 0:8 131567:5 0:83 131567:4 0:71 131567:1 0:14
C	3983	5302	1157	0:37 1296122:1 0:9 490731:5 0:453 131567:3 0:10 131567:1 0:56 4751:2 0:176 131567:5 0:83 131567:5 0:30 131567:2 0:230 181762:5 0:1 181762:1 0:8
C	3984	40324	924	0:249 477697:3 0:13 131567:1 0:20 40324:5 0:20 131567:5 0:169 3273430:5 0:72 40324:5 0:13 131567:5 0:3 2:5 0:297
C	3985	181762	1053	0:8 181762:1 0:1 181762:5 0:213 1423913:5 0:305 4751:2 0:56 131567:1 0:10 131567:3 0:409
C	3986	544580	852	0:46 131567:4 0:16 131567:4 0:63 131567:5 0:8 131567:2 0:7 131567:4 0:14 131567:4 0:19 131567:8 0:7 131567:5 0:19 131567:4 0:6 131567:4 0:63 131567:4 0:19 131567:1 0:11 131567:1 0:13 131567:1 0:7 131567:2 0:10 131567:1 0:26 131567:2 0:16 131567:1 0:60 131567:5 0:12 131567:5 0:1 131567:4 0:16 131567:5 0:6 131567:5 0:35 131567:5 0:12 131567:3 0:34 544580:5 0:2 544580:5 0:4 544580:2 0:3 544580:1 0:19 131567:1 0:13 131567:1 0:70 131567:5 0:1 131567:5 0:4 131567:4 0:38
C	3987	5144	824	0:245 131567:2 0:13 131567:5 0:4 716546:3 0:34 716546:2 0:9 716546:1 0:159 37727:1 0:63 131567:3 5144:5 0:28 131567:1 0:16 131567:5 0:7 131567:4 0:10 131567:2 0:5 716546:4 0:159
C	3988	296543	842	0:46 131567:4 0:16 131567:4 0:63 131567:5 0:8 131567:2 0:7 131567:4 0:14 131567:4 0:19 131567:8 0:7 131567:5 0:19 131567:4 0:6 131567:4 0:19 296543:2 0:73 131567:4 0:13 131567:1 0:7 131567:2 0:10 131567:1 0:104 131567:5 0:46 131567:5 0:17 131567:8 0:1 131567:11 0:87 131567:1 0:13 131567:1 0:71 131567:5 0:1 131567:5 0:4 131567:4 0:38
C	3990	716546	868	0:296 716546:3 0:51 716546:1 0:247 131567:1 0:16 131567:5 0:5 716545:1 0:208
C	3991	4910	1009	0:124 451864:3 0:126 4910:2 0:38 4910:5 0:2 4910:3 0:54 4910:5 0:55 131567:4 0:17 131567:5 0:50 131567:5 0:2 131567:5 0:4 131567:5 0:211 131567:4 0:6 131567:4 0:81 4893:1 0:6 4910:4 0:144
C	3992	544580	853	0:46 131567:4 0:16 131567:4 0:64 131567:5 0:8 131567:2 0:48 131567:8 0:7 131567:5 0:19 131567:4 0:6 131567:4 0:64 131567:4 0:19 131567:1 0:11 131567:1 0:13 131567:1 0:7 131567:2 0:10 131567:1 0:26 131567:2 0:16 131567:1 0:46 131567:5 0:4 131567:5 0:2 131567:5 0:12 131567:5 0:1 131567:4 0:16 131567:5 0:6 131567:5 0:17 131567:8 0:1 131567:6 0:17 131567:3 0:33 544580:5 0:2 544580:5 0:4 544580:2 0:3 544580:1 0:19 131567:1 0:13 131567:1 0:71 131567:5 0:1 131567:5 0:4 131567:4 0:38
C	3993	131567	973	0:22 131567:1 0:59 131567:2 0:48 131567:4 0:4 131567:5 0:1 131567:5 0:65 131567:1 0:13 131567:1 0:73 131567:3 0:12 131567:11 0:1 131567:8 0:17 131567:5 0:6 131567:5 0:16 131567:4 0:1 131567:5 0:12 131567:5 0:2 131567:5 0:4 131567:5 0:46 131567:1 0:16 131567:2 0:26 131567:1 0:10 131567:2 0:7 131567:1 0:13 131567:1 0:11 131567:1 0:19 131567:4 0:62 131567:4 0:29 131567:5 0:7 131567:8 0:19 131567:4 0:14 131567:4 0:7 131567:2 0:8 131567:5 0:63 131567:4 0:16 131567:4 0:73 131567:1 0:8
C	3994	3273430	1298	0:339 1884633:1 0:325 2:5 0:3 131567:5 0:94 3273430:4 0:102 3273430:5 0:40 2:3 0:40 40324:5 0:20 131567:1 0:13 477697:3 0:55 477697:2 0:199
C	3995	3273430	939	0:243 477697:3 0:13 131567:1 0:20 40324:5 0:40 2:3 0:41 3273430:5 0:104 3273430:5 0:93 131567:5 0:3 2:5 0:316
C	3996	477697	1279	0:263 477697:5 0:34 477697:2 0:36 1884633:1 0:322 2:5 0:3 131567:5 0:86 3273430:5 0:194 40324:5 0:20 131567:1 0:13 477697:3 0:55 477697:2 0:185
C	3998	131567	1049	0:238 131567:2 0:30 131567:5 0:26 131567:4 0:22 131567:5 0:8 131567:9 0:5 131567:5 0:237 131567:1 0:10 131567:3 0:405
C	3999	181762	1065	0:8 181762:1 0:1 181762:5 0:233 131567:2 0:30 131567:5 0:26 131567:4 0:40 498019:5 0:5 131567:5 0:58 5338:3 0:59 181124:1 0:118 131567:1 0:10 131567:3 0:408
C	4000	332648	752	0:145 332648:2 0:2 716545:1 0:22 131567:2 0:13 131567:5 0:4 716546:3 0:89 131567:6 0:170 716546:5 0:53 131567:5 0:7 131567:4 0:10 131567:2 0:5 716546:4 0:159
C	4001	544580	849	0:46 131567:4 0:16 131567:4 0:62 131567:5 0:8 131567:2 0:7 131567:4 0:14 131567:4 0:19 131567:8 0:7 131567:5 0:19 131567:4 0:6 131567:4 0:50 181124:5 0:32 131567:1 0:11 131567:1 0:13 131567:1 0:7 131567:2 0:10 131567:1 0:26 131567:2 0:94 131567:5 0:1 131567:4 0:16 131567:5 0:6 131567:5 0:17 131567:8 0:1 131567:11 0:12 131567:3 0:40 544580:5 0:4 544580:2 0:3 544580:1 0:19 131567:1 0:13 131567:1 0:69 131567:5 0:1 131567:5 0:4 131567:4 0:40
C	4003	1268659	979	0:23 131567:3 0:5 5204:2 0:316 131567:1 0:5 131567:5 0:3 131567:5 0:3 131567:1 0:36 131567:5 0:177 55193:2 0:54 131567:4 0:12 143232:4 0:49 131567:2 0:26 1268659:5 0:116 1268:1 0:80
C	4004	544580	845	0:46 131567:4 0:16 131567:4 0:83 131567:4 0:14 131567:4 0:19 131567:8 0:7 131567:5 0:19 131567:4 0:6 131567:4 0:63 131567:4 0:54 131567:2 0:10 131567:1 0:26 131567:2 0:16 131567:1 0:105 131567:5 0:6 131567:5 0:17 131567:8 0:1 131567:11 0:12 131567:3 0:33 544580:5 0:2 544580:5 0:4 544580:2 0:3 544580:1 0:157
C	4005	181762	1059	0:7 181762:1 0:1 181762:5 0:218 1423913:5 0:6 131567:2 0:30 131567:5 0:26 131567:4 0:107 5338:3 0:122 4751:2 0:56 131567:1 0:10 131567:3 0:411
C	4006	544580	839	0:44 131567:5 0:16 131567:4 0:63 131567:5 0:8 131567:2 0:7 131567:4 0:14 131567:4 0:34 131567:4 0:19 131567:4 0:6 131567:4 0:64 131567:4 0:19 131567:1 0:11 131567:1 0:13 131567:1 0:8 508771:1 0:93 131567:5 0:4 131567:5 0:2 131567:5 0:48 131567:5 0:17 131567:8 0:1 131567:7 0:51 544580:5 0:2 544580:5 0:4 544580:2 0:3 544580:1 0:19 131567:1 0:13 131567:1 0:69 131567:5 0:1 131567:5 0:4 131567:4 0:40
C	4007	28985	830	0:6 4910:3 0:6 4910:5 0:93 4910:4 0:6 4893:3 0:78 131567:4 0:6 131567:4 0:103 4910:1 4893:7 0:1 131567:1 0:7 131567:2 0:10 131567:1 0:56 147537:6 0:9 147537:5 0:15 131567:5 0:4 131567:5 0:2 131567:5 0:12 131567:5 0:1 131567:4 0:16 131567:5 0:6 131567:5 0:17 131567:4 0:55 4910:5 0:54 4910:3 0:2 4910:5 0:38 4910:2 0:22 28985:5 0:2 28985:5 0:43 4910:4 0:13
C	4008	544580	965	0:74 42260:5 131567:1 0:48 131567:5 0:84 131567:1 0:13 131567:1 0:19 544580:1 0:3 544580:2 0:4 544580:5 0:2 544580:5 0:33 131567:3 0:12 131567:11 0:1 131567:8 0:17 131567:5 0:6 131567:5 0:16 131567:4 0:1 131567:5 0:347 131567:2 0:8 131567:5 0:63 131567:4 0:16 131567:4 0:51 131567:5 0:16 131567:1 0:9
C	4009	477697	995	0:414 227086:1 0:215 2:3 0:15 131567:5 0:14 2:6 131567:7 0:5 131567:5 0:81 477697:2 0:188
C	4010	544580	947	0:163 131567:4 0:63 131567:5 0:8 131567:2 0:7 131567:4 0:14 131567:4 0:19 131567:8 0:7 131567:5 0:19 131567:4 0:73 131567:4 0:19 131567:1 0:11 131567:1 0:13 131567:1 0:7 131567:2 0:10 131567:1 0:26 131567:2 0:16 131567:1 0:46 131567:5 0:4 131567:5 0:2 131567:5 0:12 131567:5 0:1 131567:4 0:16 131567:5 0:6 131567:5 0:17 131567:8 0:1 131567:11 0:49 544580:5 0:2 544580:5 0:4 544580:2 0:3 544580:1 0:19 131567:1 0:13 131567:1 0:69 131567:5 0:1 131567:5 0:4 131567:4 0:38
C	4011	2	1005	0:481 3273430:5 0:167 131567:5 0:14 2:6 131567:7 0:18 131567:1 0:13 477697:3 0:55 477697:2 0:194
C	4012	544580	840	0:38 131567:4 0:16 131567:4 0:64 131567:5 0:8 131567:2 0:7 131567:4 0:52 131567:4 0:19 131567:4 0:6 131567:4 0:63 131567:4 0:19 131567:1 0:11 131567:1 0:180 131567:5 0:6 131567:5 0:17 131567:8 0:1 131567:1 0:60 544580:5 0:2 544580:5 0:4 544580:2 0:3 544580:1 0:19 131567:1 0:13 131567:1 0:70 131567:5 0:1 131567:5 0:4 131567:4 0:38
C	4013	544580	844	0:45 131567:4 0:16 131567:4 0:63 131567:5 0:8 131567:2 0:7 131567:4 0:14 131567:4 0:41 2916678:5 0:12 131567:4 0:94 131567:1 0:45 131567:1 0:147 131567:5 0:6 131567:5 0:17 131567:8 0:1 131567:6 0:53 544580:5 0:2 544580:5 0:45 131567:1 0:69 131567:5 0:1 131567:5 0:4 131567:4 0:37
C	4014	131567	582	0:50 131567:4 0:16 131567:4 0:64 131567:5 0:8 131567:2 0:7 131567:4 0:51 131567:5 0:19 131567:4 0:6 131567:4 0:86 131567:1 0:11 131567:1 0:13 131567:1 0:7 131567:2 0:55 131567:1 0:50 131567:2 0:4 131567:5 0:56
C	4015	544580	1010	0:113 131567:2 0:135 131567:1 0:13 131567:1 0:19 544580:1 0:3 544580:2 0:4 544580:5 0:2 544580:5 0:33 131567:3 0:12 131567:11 0:1 131567:8 0:17 131567:5 0:6 131567:5 0:16 131567:4 0:1 131567:5 0:12 131567:5 0:2 131567:5 0:4 131567:5 0:46 131567:1 0:16 131567:2 0:26 131567:1 0:10 131567:2 0:7 131567:1 0:13 131567:1 0:11 131567:1 0:127 131567:8 0:19 131567:4 0:14 131567:4 0:7 131567:2 0:8 131567:5 0:174
C	4016	544580	537	0:22 131567:1 0:58 131567:2 0:48 131567:4 0:4 131567:5 0:1 131567:5 0:65 131567:1 0:13 131567:1 0:19 544580:1 0:3 544580:2 0:4 544580:5 0:2 544580:5 0:33 131567:3 0:12 131567:11 0:1 131567:8 0:17 131567:5 0:6 131567:5 0:3 131567:5 0:30 131567:5 0:2 131567:5 0:4 131567:5 0:46 131567:1 0:16 131567:2 0:7
C	4017	544580	867	0:46 131567:4 0:16 131567:4 0:63 131567:5 0:8 131567:2 0:7 131567:4 0:14 131567:4 0:19 131567:8 0:7 131567:5 0:19 131567:4 0:6 131567:4 0:65 131567:4 0:19 131567:1 0:11 131567:1 0:13 131567:1 0:7 131567:2 0:10 131567:1 0:26 131567:2 0:16 131567:1 0:51 131567:5 0:4 131567:5 0:2 131567:5 0:39 131567:5 0:6 131567:5 0:17 131567:8 0:1 131567:1 0:61 544580:5 0:2 544580:5 0:4 544580:2 0:3 544580:1 0:19 131567:1 0:147
C	4018	3273430	944	0:187 477697:2 0:58 477697:3 0:13 131567:1 0:20 40324:5 0:40 2:3 0:41 3273430:5 0:104 3273430:1 0:97 131567:5 0:3 2:5 0:317
C	4019	544580	1310	0:261 131567:3 0:43 131567:4 0:96 131567:2 0:63 131567:5 0:69 131567:1 0:13 131567:1 0:19 544580:1 0:3 544580:2 0:4 544580:5 0:2 544580:4 0:49 131567:7 0:29 131567:5 0:6 131567:5 0:16 131567:4 0:1 131567:5 0:12 131567:5 0:2 131567:5 0:4 131567:5 0:46 131567:1 0:16 131567:2 0:61 131567:1 0:11 131567:1 0:19 131567:4 0:63 131567:4 0:6 131567:4 0:19 131567:5 0:7 131567:8 0:19 131567:4 0:14 131567:4 0:7 131567:2 0:8 131567:5 0:174
C	4020	477697	1284	0:267 477697:5 0:639 2:3 0:15 131567:5 0:45 131567:2 0:13 477697:3 0:55 477697:2 0:196
C	4021	544580	1399	0:22 131567:1 0:58 131567:2 0:48 131567:4 0:4 131567:5 0:1 131567:5 0:98 544580:1 0:3 544580:2 0:4 544580:5 0:2 544580:5 0:45 131567:11 0:1 131567:8 0:17 131567:5 0:6 131567:5 0:43 131567:2 0:4 131567:5 0:46 131567:1 0:45 131567:1 0:46 131567:1 0:19 131567:4 0:72 131567:4 0:19 131567:5 0:7 131567:8 0:19 131567:4 0:14 131567:4 0:7 131567:2 0:8 131567:5 0:64 131567:4 0:16 131567:4 0:51 131567:5 0:16 131567:1 0:19 131567:1 0:421
C	4022	716546	551	0:274 716546:2 0:9 716546:2 0:225 2644672:2 0:3
C	4023	131567	855	0:137 131567:5 0:8 131567:2 0:7 131567:4 0:14 131567:4 0:56 131567:4 0:6 131567:4 0:62 131567:4 0:54 131567:2 0:10 131567:1 0:106 131567:5 0:267 131567:5 0:1 131567:5 0:4 131567:4 0:40
C	4024	181762	876	0:208 181762:2 0:3 181762:1 0:49 131567:5 0:9 131567:2 0:12 131567:2 0:18 131567:4 0:118 5338:3 0:21 456999:2 0:143 131567:5 0:5 131567:1 0:10 131567:3 0:216
C	4025	544580	789	0:76 131567:5 0:8 131567:2 0:7 131567:4 0:14 131567:4 0:19 131567:8 0:7 131567:5 0:19 131567:4 0:6 131567:4 0:63 131567:4 0:19 131567:1 0:11 131567:1 0:13 131567:1 0:7 131567:2 0:10 131567:1 0:44 131567:1 0:87 131567:2 0:16 131567:5 0:6 131567:5 0:17 131567:8 0:56 544580:5 0:2 544580:5 0:4 544580:2 0:3 544580:1 0:19 131567:1 0:13 131567:1 0:70 131567:5 0:1 131567:5 0:4 131567:4 0:38
C	4026	131567	851	0:46 131567:4 0:16 131567:4 0:63 131567:5 0:8 131567:2 0:7 131567:4 0:14 131567:4 0:19 131567:8 0:7 131567:5 0:19 131567:4 0:6 131567:4 0:63 131567:4 0:19 131567:1 0:11 131567:1 0:13 131567:1 0:7 131567:2 0:10 131567:1 0:26 131567:2 0:64 131567:5 0:4 131567:5 0:2 131567:5 0:12 131567:5 0:1 131567:4 0:158 131567:1 0:84 131567:5 0:1 131567:5 0:4 131567:4 0:38
C	4027	1224	543	0:101 3273430:5 0:72 40324:5 0:13 131567:5 0:3 2:5 0:300
C	4028	2	943	0:186 477697:2 0:55 477697:3 0:13 131567:1 0:20 40324:5 0:84 3273430:5 0:213 2:5 0:317
C	4029	544580	986	0:22 131567:1 0:117 131567:5 0:1 131567:5 0:69 131567:1 0:13 131567:1 0:19 544580:1 0:3 544580:2 0:4 544580:5 0:2 544580:5 0:33 131567:3 0:12 131567:11 0:1 131567:8 0:17 131567:5 0:6 131567:5 0:38 131567:5 0:2 131567:5 0:4 131567:5 0:90 131567:1 0:10 131567:2 0:7 131567:1 0:13 131567:1 0:11 131567:1 0:19 131567:4 0:75 131567:4 0:19 131567:5 0:7 131567:8 0:19 131567:4 0:14 131567:4 0:105 131567:4 0:88
C	4030	477697	959	0:246 477697:3 0:13 131567:1 0:18 131567:7 2:6 0:14 131567:5 0:15 2:3 0:22 2:1 0:228 131567:5 0:3 2:5 0:16 477697:5 0:5 477697:1 0:303
C	4031	3273430	573	0:418 131567:5 0:29 227086:1 0:60 3273430:5 0:21
C	4033	477697	950	0:187 477697:2 0:55 477697:3 0:13 131567:1 0:18 131567:7 2:6 0:14 131567:5 0:15 2:3 0:22 2:1 0:126 3273430:5 0:60 227086:1 0:29 131567:5 0:3 2:5 0:16 477697:5 0:5 477697:1 0:303
C	4034	1071383	982	0:22 131567:1 0:58 131567:2 0:56 131567:5 0:1 131567:5 0:123 544580:5 0:33 131567:3 0:12 131567:11 0:1 131567:8 0:17 131567:5 0:6 131567:5 0:16 131567:4 0:1 131567:5 0:12 131567:5 0:2 131567:5 0:4 131567:5 0:64 131567:1 0:58 1071383:5 0:2 1071383:2 0:8 131567:1 0:19 131567:4 0:63 131567:4 0:6 131567:4 0:19 131567:5 0:7 131567:8 0:19 131567:4 0:14 131567:4 0:7 131567:2 0:8 131567:5 0:63 131567:4 0:16 131567:4 0:80
C	4036	544580	1098	0:161 131567:1 0:113 131567:5 0:1 131567:5 0:68 131567:1 0:13 131567:1 0:19 544580:1 0:3 544580:2 0:4 544580:5 0:2 544580:5 0:45 131567:6 0:40 131567:5 0:122 131567:1 0:58 131567:1 0:11 131567:1 0:84 131567:4 0:6 131567:4 0:19 131567:5 0:7 131567:8 0:19 131567:4 0:14 131567:4 0:7 131567:2 0:8 131567:5 0:63 131567:4 0:97
C	4037	477697	1306	0:257 477697:5 0:34 477697:2 0:36 1884633:1 0:597 2:3 0:40 40324:5 0:20 131567:1 0:13 477697:3 0:255
C	4038	2	954	0:281 131567:7 2:6 0:35 2:3 0:22 2:1 0:191 227086:1 0:29 131567:5 0:3 2:5 0:331
C	4039	40324	931	0:189 477697:2 0:70 131567:1 0:20 40324:5 0:40 2:3 0:236 131567:5 0:3 2:5 0:318
C	4040	544580	1310	0:265 131567:3 0:43 131567:4 0:38 131567:1 0:58 131567:2 0:48 131567:4 0:4 131567:5 0:1 131567:5 0:69 131567:1 0:13 131567:1 0:19 544580:1 0:3 544580:2 0:4 544580:5 0:2 544580:5 0:33 131567:3 0:12 131567:11 0:1 131567:8 0:17 131567:5 0:6 131567:5 0:16 131567:4 0:1 131567:5 0:12 131567:5 0:2 131567:5 0:4 131567:5 0:46 131567:1 0:16 131567:2 0:26 131567:1 0:10 131567:2 0:7 131567:1 0:13 131567:1 0:11 131567:1 0:19 131567:4 0:63 131567:4 0:6 131567:4 0:19 131567:5 0:7 131567:8 0:19 131567:4 0:14 131567:4 0:7 131567:2 0:8 131567:5 0:63 131567:4 0:72 131567:5 0:16 131567:1 0:9
C	4041	131567	521	0:33 131567:5 0:164 131567:3 0:82 131567:5 0:12 131567:5 0:63 131567:1 0:16 131567:2 0:71 131567:1 0:24
C	4042	131567	839	0:46 131567:4 0:83 131567:5 0:8 131567:2 0:68 2916678:5 0:86 131567:4 0:153 131567:5 0:4 131567:5 0:46 131567:5 0:6 131567:5 0:17 131567:8 0:1 131567:11 0:47 544580:5 0:176
C	4043	544580	910	0:99 131567:4 0:16 131567:4 0:77 131567:2 0:7 131567:4 0:14 131567:4 0:58 131567:4 0:6 131567:4 0:132 131567:1 0:26 131567:2 0:120 131567:5 0:6 131567:5 0:17 131567:8 0:1 131567:11 0:12 131567:3 0:33 544580:5 0:2 544580:5 0:4 544580:2 0:3 544580:1 0:19 131567:1 0:13 131567:1 0:135
C	4044	5125	904	0:2 1760811:4 0:42 131567:1 147550:2 0:28 147550:1 0:218 716545:1 0:5 131567:5 0:16 131567:1 0:28 5144:5 131567:3 0:1 716546:5 0:167 147550:5 0:32 716546:1 0:51 716546:3 0:4 131567:5 0:8 5125:5 0:2 5125:5 0:214
C	4045	544580	981	0:22 131567:1 0:58 131567:2 0:63 131567:5 0:70 131567:1 0:13 131567:1 0:19 544580:1 0:3 544580:2 0:4 544580:5 0:2 544580:5 0:33 131567:3 0:12 131567:11 0:1 131567:8 0:17 131567:5 0:6 131567:5 0:16 131567:4 0:1 131567:5 0:12 131567:5 0:2 131567:5 0:4 131567:5 0:90 131567:1 0:10 131567:2 0:7 131567:1 0:13 131567:1 0:11 131567:1 0:19 131567:4 0:63 131567:4 0:6 131567:4 0:19 131567:5 0:7 131567:7 0:39 131567:4 0:7 131567:2 0:8 131567:5 0:63 131567:4 0:2 9606:4 0:97
C	4046	544580	842	0:47 131567:4 0:16 131567:4 0:103 131567:4 0:34 131567:4 0:19 131567:4 0:6 131567:4 0:63 131567:4 0:104 131567:1 0:103 131567:5 0:6 131567:5 0:17 131567:8 0:1 131567:11 0:12 131567:3 0:33 544580:5 0:2 544580:5 0:4 544580:2 0:3 544580:1 0:19 131567:1 0:13 131567:1 0:70 131567:5 0:1 131567:5 0:4 131567:4 0:38
C	4047	477697	1001	0:2 477697:4 0:413 227086:1 0:59 3273430:5 0:166 131567:5 0:14 2:6 131567:7 0:31 477697:3 0:251
C	4048	544580	846	0:64 131567:4 0:127 131567:8 0:7 131567:5 0:19 131567:4 0:72 131567:4 0:19 131567:1 0:11 131567:1 0:13 131567:1 0:7 131567:2 0:10 131567:1 0:26 131567:2 0:16 131567:1 0:46 131567:5 0:4 131567:5 0:2 131567:5 0:12 131567:5 0:1 131567:4 0:16 131567:5 0:6 131567:5 0:17 131567:7 0:24 131567:3 0:33 544580:5 0:2 544580:5 0:4 544580:2 0:3 544580:1 0:19 131567:1 0:13 131567:1 0:87 131567:2 0:37
C	4049	477697	1013	0:2 477697:4 0:341 477697:1 0:5 477697:5 0:16 2:5 0:3 131567:5 0:29 227086:1 0:192 2:1 0:22 2:3 0:15 131567:5 0:14 2:6 131567:7 0:18 131567:1 0:75 477697:2 0:201
C	4050	544580	847	0:46 131567:4 0:16 131567:4 0:63 131567:5 0:8 131567:2 0:7 131567:4 0:14 131567:4 0:136 131567:4 0:19 131567:1 0:44 131567:1 0:26 131567:2 0:16 131567:1 0:84 131567:4 0:16 131567:5 0:6 131567:5 0:17 131567:8 0:1 131567:11 0:12 131567:3 0:33 544580:5 0:2 544580:5 0:4 544580:2 0:3 544580:1 0:19 131567:1 0:13 131567:1 0:75 131567:5 0:4 131567:4 0:37
C	4051	569360	807	0:9 569360:5 0:184 5144:2 0:9 5125:5 0:2 5125:5 0:8 131567:5 0:4 716546:3 0:51 716546:1 0:32 147550:5 0:166 716546:5 0:1 131567:3 5144:5 0:57 716545:1 0:205
C	4052	544580	853	0:46 131567:4 0:16 131567:4 0:63 131567:5 0:8 131567:2 0:7 131567:4 0:50 131567:4 0:19 131567:4 0:6 131567:5 0:65 131567:4 0:19 131567:1 0:11 131567:1 0:13 131567:1 0:7 131567:2 0:10 131567:1 0:127 131567:5 0:1 131567:4 0:16 131567:5 0:6 131567:5 0:17 131567:8 0:1 131567:11 0:12 131567:3 0:33 544580:5 0:2 544580:5 0:4 544580:2 0:3 544580:1 0:19 131567:1 0:13 131567:1 0:70 131567:5 0:1 131567:5 0:4 131567:4 0:38
C	4053	1224	923	0:243 477697:3 0:13 131567:1 0:20 40324:5 0:20 131567:5 0:15 2:3 0:149 3273430:5 0:97 2:5 0:305
C	4054	477697	1294	0:258 477697:5 0:34 477697:2 0:360 2:5 0:101 3273430:5 0:106 3273430:5 0:85 40324:5 0:20 131567:1 0:13 477697:3 0:55 477697:2 0:195
C	4055	544580	536	0:38 131567:4 0:4 131567:5 0:1 131567:5 0:70 131567:1 0:13 131567:1 0:19 544580:1 0:3 544580:2 0:4 544580:5 0:2 544580:5 0:33 131567:3 0:12 131567:11 0:1 131567:8 0:17 131567:5 0:6 131567:5 0:16 131567:4 0:1 131567:5 0:12 131567:5 0:2 131567:5 0:4 131567:5 0:64 131567:1 0:26 131567:1 0:10 131567:2 0:7 131567:1 0:13 131567:1 0:11 131567:1 0:19 131567:2
C	4056	477697	943	0:279 131567:7 2:6 0:14 131567:5 0:165 3273430:5 0:60 227086:1 0:29 131567:5 0:3 2:5 0:16 477697:5 0:5 477697:1 0:298
C	4057	1224	930	0:112 374:5 0:127 477697:3 0:13 131567:1 0:20 40324:5 0:20 131567:5 0:15 2:3 0:151 3273430:5 0:91 131567:5 0:3 2:5 0:307
C	4058	544580	842	0:61 131567:4 0:113 131567:4 0:34 131567:4 0:19 131567:4 0:72 131567:3 0:45 131567:5 0:3 131567:2 0:10 131567:1 0:40 131567:1 0:49 131567:2 0:4 131567:5 0:2 131567:5 0:12 131567:5 0:1 131567:4 0:16 131567:5 0:6 131567:5 0:80 544580:5 0:2 544580:5 0:4 544580:2 0:3 544580:1 0:19 131567:3 0:83 131567:5 0:50
C	4059	544580	978	0:80 131567:2 0:48 131567:4 0:4 131567:5 0:1 131567:5 0:68 131567:1 0:13 131567:1 0:19 544580:1 0:3 544580:2 0:4 544580:5 0:2 544580:5 0:33 131567:3 0:12 131567:11 0:1 131567:8 0:17 131567:5 0:6 131567:5 0:16 131567:4 0:1 131567:5 0:12 131567:5 0:3 131567:2 0:103 131567:1 0:10 131567:2 0:7 131567:1 0:13 131567:1 0:11 131567:1 0:85 131567:4 0:6 131567:4 0:19 131567:5 0:34 131567:4 0:14 131567:4 0:7 131567:2 0:8 131567:5 0:63 131567:4 0:70 131567:5 0:16 131567:1 0:12
C	4060	1423913	1065	0:240 1423913:5 0:65 131567:4 0:110 5338:3 0:61 181124:1 0:118 131567:1 0:10 131567:2 0:411
C	4061	477697	1285	0:271 477697:5 0:34 477697:4 0:348 2:5 0:3 131567:5 0:13 40324:5 0:244 131567:5 0:20 40324:5 0:20 131567:1 0:13 477697:3 0:55 477697:2 0:190
C	4062	544580	845	0:41 131567:3 0:17 131567:4 0:60 131567:5 0:8 131567:2 0:7 131567:4 0:14 131567:4 0:19 131567:8 0:7 131567:5 0:19 131567:4 0:6 131567:4 0:67 131567:4 0:19 131567:5 0:28 131567:2 0:10 131567:1 0:26 131567:2 0:69 131567:5 0:2 131567:5 0:12 131567:5 0:1 131567:4 0:16 131567:5 0:6 131567:5 0:17 131567:8 0:1 131567:11 0:12 131567:3 0:33 544580:5 0:2 544580:5 0:4 544580:2 0:3 544580:1 0:19 131567:1 0:13 131567:1 0:79 131567:5 0:4 131567:4 0:38
C	4063	3273430	985	0:458 3273430:5 0:105 3273430:5 0:83 40324:5 0:93 477697:2 0:195
C	4064	544580	988	0:22 131567:1 0:109 131567:4 0:4 131567:5 0:1 131567:5 0:70 131567:1 0:13 131567:1 0:19 544580:1 0:3 544580:2 0:4 544580:5 0:2 544580:5 0:30 131567:5 0:12 131567:11 0:1 131567:8 0:74 131567:5 0:2 131567:5 0:4 131567:5 0:46 131567:1 0:45 131567:1 0:10 131567:2 0:7 131567:1 0:13 131567:1 0:11 131567:1 0:19 131567:4 0:72 131567:4 0:19 131567:5 0:7 131567:8 0:19 131567:4 0:14 131567:4 0:7 131567:2 0:8 131567:5 0:62 131567:4 0:16 131567:4 0:89
C	4065	544580	958	0:182 131567:4 0:64 131567:5 0:8 131567:2 0:7 131567:4 0:14 131567:4 0:36 131567:4 0:19 131567:4 0:6 131567:4 0:89 131567:1 0:11 131567:1 0:13 131567:1 0:7 131567:2 0:54 131567:1 0:99 131567:5 0:6 131567:5 0:17 131567:4 0:62 544580:5 0:37 131567:1 0:13 131567:1 0:66 131567:5 0:1 131567:5 0:4 131567:4 0:37
C	4066	332648	757	0:152 332648:2 0:2 716545:5 0:129 131567:6 0:214 131567:1 0:16 131567:5 0:7 131567:4 0:10 131567:2 0:5 716546:4 0:159
C	4067	3273430	938	0:186 477697:2 0:56 477697:3 0:13 131567:1 0:20 40324:5 0:86 3273430:5 0:101 3273430:5 0:94 131567:5 0:3 2:5 0:314
C	4068	544580	865	0:60 131567:4 0:16 131567:5 0:63 131567:5 0:8 131567:2 0:7 131567:4 0:50 131567:5 0:19 131567:4 0:6 131567:4 0:64 131567:4 0:19 131567:1 0:11 131567:1 0:13 131567:1 0:7 131567:2 0:100 131567:5 0:37 131567:4 0:16 131567:5 0:6 131567:5 0:17 131567:8 0:1 131567:11 0:12 131567:3 0:50 544580:2 0:3 544580:1 0:19 131567:1 0:13 131567:1 0:126
C	4069	498019	955	0:208 131567:1 0:13 131567:1 0:153 131567:4 0:1 131567:5 0:12 131567:5 0:2 131567:5 0:4 131567:5 0:47 131567:1 0:16 131567:2 0:63 131567:5 0:19 131567:4 0:71 498019:4 0:19 131567:5 0:7 131567:8 0:46 131567:2 0:8 131567:5 0:82 131567:4 0:51 131567:5 0:16 131567:1 0:11
C	4070	544580	852	0:46 131567:4 0:85 131567:5 0:8 131567:2 0:7 131567:4 0:14 131567:4 0:19 131567:8 0:7 131567:5 0:19 131567:4 0:6 131567:4 0:86 131567:1 0:11 131567:1 0:126 131567:5 0:4 131567:5 0:2 131567:5 0:48 131567:5 0:17 131567:8 0:1 131567:11 0:12 131567:3 0:33 544580:5 0:2 544580:5 0:4 544580:2 0:3 544580:1 0:19 131567:1 0:13 131567:1 0:69 131567:5 0:1 131567:5 0:4 131567:4 0:39
C	4071	477697	746	0:89 477697:1 0:5 477697:5 0:16 2:5 0:3 131567:5 0:29 227086:1 0:60 3273430:5 0:128 2:1 0:22 2:3 0:15 131567:5 0:14 2:6 131567:7 0:18 131567:1 0:13 477697:3 0:55 477697:2 0:195
C	4072	2759	841	0:143 131567:2 0:88 131567:4 0:36 2759:1 0:41 131567:3 0:31 131567:1 0:156 131567:4 0:16 131567:5 0:6 131567:5 0:17 131567:8 0:1 131567:11 0:12 131567:3 0:69 131567:1 0:13 131567:1 0:129
C	4073	5144	872	0:69 5144:2 0:13 569360:5 0:178 5144:2 0:9 5125:2 0:111 147550:5 0:166 716546:5 0:1 131567:3 5144:5 0:54 716545:1 0:207
C	4074	477697	1010	0:371 477697:5 0:16 2:5 0:98 3273430:5 0:125 2:1 0:22 2:3 0:15 131567:5 0:14 2:6 131567:7 0:18 131567:1 0:13 477697:3 0:52 477697:2 0:189
C	4075	544580	986	0:22 131567:1 0:58 131567:2 0:48 131567:4 0:4 131567:5 0:1 131567:5 0:70 131567:1 0:13 131567:1 0:19 544580:1 0:3 544580:2 0:4 544580:5 0:2 544580:5 0:45 131567:11 0:1 131567:8 0:17 131567:5 0:6 131567:5 0:16 131567:4 0:1 131567:5 0:12 131567:5 0:2 131567:5 0:4 131567:5 0:46 131567:1 0:16 131567:2 0:26 131567:1 0:10 131567:2 0:7 131567:1 0:13 131567:1 0:11 131567:1 0:19 131567:4 0:63 131567:4 0:6 131567:4 0:19 131567:5 0:7 131567:8 0:19 131567:4 0:14 131567:4 0:7 131567:2 0:8 131567:5 0:63 131567:4 0:16 131567:4 0:51 131567:5 0:16 131567:1 0:19
C	4076	5144	951	0:369 131567:2 0:13 131567:5 0:4 716546:3 0:34 716546:2 0:9 716546:1 0:43 131567:6 0:114 37727:1 0:56 716546:5 0:1 131567:3 5144:5 0:46 131567:5 0:7 131567:4 0:10 131567:2 0:5 716546:4 0:158
C	4077	181762	1169	0:70 490731:1 0:434 131567:3 0:10 131567:1 0:56 4751:2 0:62 181124:1 0:59 5338:3 0:58 131567:5 0:5 131567:9 0:334 181762:5 0:1 181762:1 0:15
C	4078	477697	838	0:80 477697:4 0:374 131567:5 0:253 131567:5 0:14 2:6 131567:7 0:18 131567:1 0:13 477697:3 0:21
C	4079	477697	952	0:246 477697:3 0:13 131567:1 0:18 131567:7 2:6 0:14 131567:5 0:15 2:3 0:22 2:1 0:127 3273430:5 0:89 131567:5 0:3 2:5 0:16 477697:5 0:5 477697:1 0:303
C	4080	2	934	0:197 477697:2 0:55 477697:3 0:13 131567:1 0:20 40324:5 0:39 2:3 0:149 3273430:5 0:408
C	4081	544580	848	0:67 131567:4 0:64 131567:5 0:8 131567:2 0:7 131567:4 0:39 131567:7 0:7 131567:5 0:19 131567:4 0:6 131567:4 0:63 131567:4 0:19 131567:1 0:11 131567:1 0:13 131567:1 0:7 131567:2 0:10 131567:1 0:121 131567:5 0:1 131567:4 0:16 131567:5 0:6 131567:5 0:17 131567:8 0:58 544580:5 0:2 544580:5 0:4 544580:2 0:3 544580:1 0:19 131567:1 0:13 131567:1 0:70 131567:5 0:1 131567:5 0:4 131567:4 0:38
C	4083	40324	946	0:2 477697:4 0:364 40324:5 0:72 3273430:5 0:149 2:3 0:15 131567:5 0:20 40324:5 0:53 9606:5 0:22 477697:2 0:181
C	4084	477697	957	0:188 477697:2 0:55 477697:3 0:13 131567:1 0:18 131567:7 2:6 0:14 131567:5 0:15 2:3 0:22 2:1 0:194 227086:1 0:29 131567:5 0:3 2:5 0:16 477697:5 0:5 477697:1 0:306
C	4086	544580	529	0:123 131567:1 0:13 131567:1 0:19 544580:1 0:3 544580:2 0:4 544580:5 0:2 544580:5 0:45 131567:11 0:1 131567:8 0:17 131567:5 0:6 131567:5 0:16 131567:4 0:1 131567:5 0:12 131567:5 0:2 131567:5 0:4 131567:5 0:45 131567:1 0:78 131567:1 0:11 131567:1 0:19 131567:3
C	4087	45151	835	0:60 131567:4 0:61 131567:5 0:58 131567:8 0:7 131567:5 0:101 131567:4 0:160 131567:5 0:39 45151:5 0:6 131567:5 0:17 131567:4 0:82 544580:2 0:3 544580:1 0:19 131567:1 0:13 131567:1 0:69 131567:5 0:1 131567:5 0:4 131567:1 0:40
C	4088	477697	672	0:188 477697:2 0:55 477697:3 0:13 131567:1 0:20 40324:5 0:92 131567:1 0:13 477697:3 0:242
C	4089	181762	1064	0:8 181762:1 0:1 181762:5 0:231 131567:2 0:30 131567:5 0:26 131567:4 0:22 131567:5 0:8 131567:9 0:5 131567:5 0:58 5338:3 0:58 181124:1 0:61 4751:2 0:56 131567:1 0:10 131567:3 0:410
C	4090	131567	837	0:46 131567:4 0:16 131567:4 0:63 131567:5 0:8 131567:2 0:7 131567:4 0:14 131567:4 0:34 131567:4 0:19 131567:4 0:6 131567:4 0:63 131567:4 0:46 131567:5 0:3 131567:2 0:10 131567:1 0:147 131567:5 0:6 131567:5 0:17 131567:8 0:1 131567:11 0:86 131567:1 0:13 131567:1 0:69 131567:5 0:1 131567:5 0:4 131567:4 0:32
C	4091	477697	986	0:386 131567:5 0:280 131567:7 0:18 131567:1 0:13 477697:3 0:55 477697:2 0:182
C	4092	544580	975	0:23 131567:1 0:107 131567:4 0:4 131567:5 0:109 544580:1 0:3 544580:2 0:4 544580:5 0:2 544580:5 0:39 131567:11 0:1 131567:8 0:17 131567:5 0:6 131567:5 0:16 131567:4 0:1 131567:5 0:12 131567:5 0:2 131567:5 0:4 131567:5 0:104 131567:2 0:7 131567:1 0:13 131567:1 0:11 131567:1 0:19 131567:4 0:97 131567:5 0:7 131567:7 0:37 131567:4 0:7 131567:2 0:8 131567:5 0:63 131567:4 0:16 131567:4 0:51 131567:5 0:30
C	4093	544580	845	0:46 131567:4 0:16 131567:4 0:63 131567:5 0:8 131567:2 0:7 131567:4 0:14 131567:4 0:19 131567:8 0:7 131567:5 0:19 131567:4 0:6 131567:4 0:63 131567:4 0:19 131567:1 0:11 131567:1 0:13 131567:1 0:7 131567:2 0:10 131567:1 0:26 131567:2 0:16 131567:1 0:55 131567:5 0:2 131567:5 0:41 131567:5 0:6 131567:5 0:17 131567:8 0:1 131567:11 0:12 131567:3 0:33 544580:5 0:2 544580:5 0:4 544580:2 0:108 131567:5 0:1 131567:5 0:4 131567:4 0:30
C	4094	569360	905	0:47 131567:1 147550:2 0:28 147550:1 0:221 716545:1 0:5 131567:5 0:16 131567:1 0:28 5144:5 0:1 131567:2 0:1 716546:5 0:166 147550:5 0:32 716546:1 0:71 5125:5 0:2 5125:5 0:9 5144:2 0:183 569360:5 0:13 5144:2
C	4095	5302	1181	0:83 490731:5 0:13 490731:1 0:496 4751:2 0:61 181124:1 0:120 131567:5 0:5 131567:9 0:8 131567:5 0:52 131567:5 0:30 131567:2 0:229 181762:5 0:1 181762:1 0:8
C	4096	3273430	937	0:245 477697:3 0:13 131567:1 0:20 40324:5 0:40 2:3 0:41 3273430:5 0:105 3273430:1 0:93 131567:5 0:3 2:5 0:315
C	4097	544580	1306	0:259 131567:3 0:43 131567:4 0:38 131567:1 0:109 131567:4 0:4 131567:5 0:1 131567:5 0:69 131567:1 0:13 131567:1 0:19 544580:1 0:3 544580:2 0:4 544580:5 0:2 544580:5 0:59 131567:1 0:1 131567:8 0:17 131567:5 0:6 131567:5 0:16 131567:4 0:1 131567:5 0:12 131567:5 0:2 131567:5 0:4 131567:5 0:46 131567:1 0:16 131567:2 0:26 131567:1 0:10 131567:2 0:7 131567:1 0:13 131567:1 0:11 131567:1 0:19 131567:4 0:63 131567:4 0:6 131567:4 0:19 131567:5 0:7 131567:8 0:19 131567:4 0:14 131567:4 0:7 131567:2 0:8 131567:5 0:64 131567:4 0:16 131567:4 0:51 131567:5 0:16 131567:1 0:9
C	4098	40324	939	0:213 477697:2 0:91 40324:5 0:185 3273430:5 0:74 40324:5 0:13 131567:5 0:3 2:5 0:111 1795631:1 0:187
C	4099	544580	980	0:216 131567:1 0:13 131567:1 0:19 544580:1 0:3 544580:2 0:4 544580:5 0:2 544580:5 0:33 131567:3 0:12 131567:11 0:1 131567:8 0:17 131567:5 0:6 131567:5 0:16 131567:4 0:1 131567:5 0:79 131567:1 0:16 131567:2 0:26 131567:1 0:10 131567:2 0:7 131567:1 0:13 131567:1 0:11 131567:1 0:19 131567:4 0:63 131567:4 0:6 131567:4 0:24 1537102:5 0:4 131567:6 0:19 131567:4 0:14 131567:4 0:7 131567:2 0:8 131567:5 0:63 131567:4 0:16 131567:4 0:87
C	4100	40324	981	0:2 477697:4 0:342 2:5 0:3 131567:5 0:13 40324:5 0:11 55193:1 0:260 40324:5 0:20 131567:1 0:75 477697:2 0:193
C	4101	477697	979	0:277 477697:3 0:13 131567:1 0:18 131567:7 2:6 0:14 131567:5 0:229 227086:1 0:57 477697:5 0:5 477697:1 0:303
C	4102	1224	610	0:8 2:3 0:150 3273430:5 0:72 40324:5 0:13 131567:5 0:3 2:5 0:307
C	4103	544580	1085	0:73 9606:2 0:15 9606:2 0:20 9606:2 0:176 131567:4 0:16 131567:4 0:63 131567:5 0:8 131567:2 0:7 131567:4 0:14 131567:4 0:34 131567:4 0:19 131567:4 0:6 131567:4 0:63 131567:4 0:64 131567:1 0:90 131567:5 0:4 131567:5 0:2 131567:5 0:12 131567:5 0:1 131567:4 0:16 131567:5 0:6 131567:5 0:17 131567:8 0:1 131567:11 0:48 544580:5 0:2 544580:5 0:4 544580:2 0:3 544580:1 0:19 131567:1 0:13 131567:1 0:64 131567:5 0:1 131567:5 0:4 131567:4 0:38
C	4105	544580	980	0:262 131567:5 0:35 131567:4 0:19 131567:8 0:7 131567:5 0:19 131567:4 0:6 131567:4 0:63 131567:4 0:19 131567:1 0:11 131567:1 0:13 131567:1 0:7 131567:2 0:10 131567:1 0:94 131567:5 0:4 131567:5 0:2 131567:5 0:12 131567:5 0:1 131567:4 0:16 131567:5 0:6 131567:5 0:17 131567:2 0:5 131567:1 0:60 544580:5 0:2 544580:5 0:4 544580:2 0:3 544580:1 0:19 131567:1 0:13 131567:1 0:68 131567:5 0:1 131567:5 0:4 131567:4 0:38
C	4106	544580	910	0:34 131567:1 0:16 131567:5 0:51 131567:4 0:16 131567:4 0:63 131567:5 0:8 131567:2 0:7 131567:4 0:14 131567:4 0:19 131567:8 0:7 131567:5 0:19 131567:4 0:6 131567:4 0:63 131567:4 0:19 131567:1 0:11 131567:1 0:13 131567:1 0:7 131567:2 0:10 131567:1 0:26 131567:2 0:16 131567:1 0:54 131567:5 0:2 131567:5 0:12 131567:5 0:1 131567:4 0:16 131567:5 0:6 131567:5 0:17 131567:8 0:1 131567:11 0:12 131567:3 0:33 544580:5 0:2 544580:5 0:4 544580:2 0:3 544580:1 0:19 131567:1 0:13 131567:1 0:70 131567:5 0:1 131567:5 0:4 131567:4 0:38
C	4107	477697	755	0:94 477697:1 0:5 477697:5 0:16 2:5 0:3 131567:5 0:90 3273430:5 0:129 2:1 0:22 2:3 0:15 131567:5 0:14 2:6 131567:7 0:18 131567:1 0:13 477697:3 0:55 477697:2 0:198
C	4108	181762	1062	0:11 181762:5 0:225 131567:2 0:30 131567:5 0:26 131567:4 0:22 131567:5 0:8 131567:9 0:5 131567:5 0:59 5338:3 0:124 4751:2 0:56 131567:1 0:10 131567:3 0:408
C	4109	544580	793	0:63 131567:4 0:71 131567:2 0:7 131567:4 0:14 131567:4 0:57 131567:4 0:6 131567:4 0:63 131567:4 0:19 131567:1 0:148 131567:5 0:131 544580:5 0:2 544580:5 0:4 544580:2 0:3 544580:1 0:19 131567:1 0:13 131567:1 0:70 131567:5 0:4 131567:4 0:9
C	4110	40324	976	0:2 477697:4 0:351 131567:5 0:13 40324:5 0:72 3273430:5 0:164 131567:5 0:20 40324:5 0:20 131567:1 0:13 477697:3 0:55 477697:2 0:197
C	4111	1328300	854	0:46 131567:4 0:16 131567:4 0:63 131567:5 0:8 131567:2 0:7 131567:4 0:14 131567:4 0:26 1328300:1 0:32 131567:4 0:6 131567:4 0:63 131567:4 0:19 131567:1 0:11 131567:1 0:13 131567:1 0:7 131567:2 0:10 131567:1 0:26 131567:2 0:16 131567:1 0:82 131567:5 0:1 131567:4 0:48 131567:4 0:106 131567:1 0:13 131567:1 0:70 131567:5 0:1 131567:5 0:4 131567:4 0:38
C	4113	477697	1276	0:263 477697:5 0:34 477697:4 0:345 2:5 0:98 3273430:5 0:150 2:3 0:15 131567:5 0:20 40324:5 0:20 131567:1 0:13 477697:3 0:55 477697:2 0:191
C	4114	544580	987	0:79 131567:2 0:48 131567:4 0:4 131567:5 0:1 131567:5 0:100 544580:1 0:3 544580:2 0:4 544580:5 0:2 544580:5 0:47 131567:11 0:1 131567:8 0:58 131567:5 0:12 131567:5 0:2 131567:6 0:99 131567:1 0:10 131567:2 0:7 131567:1 0:13 131567:1 0:11 131567:1 0:96 131567:4 0:19 131567:5 0:7 131567:8 0:19 131567:4 0:14 131567:4 0:7 131567:2 0:8 131567:5 0:63 131567:4 0:113
C	4115	544580	848	0:46 131567:4 0:16 131567:4 0:61 131567:5 0:8 131567:2 0:7 131567:4 0:14 131567:4 0:19 131567:8 0:7 131567:5 0:19 131567:4 0:6 131567:4 0:63 131567:4 0:19 131567:1 0:11 131567:1 0:13 131567:1 0:7 131567:2 0:10 131567:1 0:26 131567:2 0:63 131567:5 0:4 131567:5 0:2 131567:5 0:39 131567:5 0:6 131567:5 0:17 131567:8 0:1 131567:11 0:12 131567:3 0:33 544580:5 0:2 544580:5 0:4 544580:2 0:3 544580:1 0:19 131567:1 0:13 131567:1 0:69 131567:5 0:1 131567:5 0:4 131567:4 0:38
C	4116	477697	806	0:46 477697:2 0:57 477697:3 0:13 131567:1 0:286 227086:1 0:29 131567:5 0:3 2:5 0:16 477697:5 0:5 477697:1 0:294
C	4117	544580	840	0:66 131567:4 0:72 131567:2 0:7 131567:4 0:14 131567:4 0:32 131567:5 0:19 131567:4 0:6 131567:4 0:64 131567:3 0:19 131567:1 0:11 131567:1 0:13 131567:1 0:7 131567:2 0:10 131567:1 0:26 131567:2 0:61 131567:5 0:52 131567:5 0:6 131567:5 0:17 131567:8 0:1 131567:11 0:49 544580:5 0:2 544580:5 0:4 544580:2 0:3 544580:1 0:19 131567:1 0:13 131567:1 0:69 131567:5 0:1 131567:5 0:4 131567:4 0:38
C	4118	544580	851	0:46 131567:4 0:16 131567:4 0:65 131567:5 0:8 131567:2 0:7 131567:4 0:52 131567:4 0:19 131567:4 0:6 131567:4 0:63 131567:4 0:19 131567:1 0:11 131567:1 0:13 131567:1 0:7 131567:2 0:10 131567:1 0:26 131567:2 0:16 131567:1 0:98 131567:5 0:3 131567:5 0:6 131567:5 0:17 131567:8 0:1 131567:11 0:48 544580:5 0:2 544580:5 0:4 544580:2 0:3 544580:1 0:19 131567:1 0:13 131567:1 0:69 131567:5 0:1 131567:5 0:4 131567:4 0:38
C	4119	477697	954	0:188 477697:2 0:55 477697:3 0:13 131567:1 0:18 131567:7 2:6 0:14 131567:5 0:15 2:3 0:22 2:1 0:127 3273430:5 0:60 227086:1 0:29 131567:5 0:3 2:5 0:16 477697:5 0:5 477697:1 0:305
C	4120	544580	665	0:12 131567:8 0:7 131567:5 0:19 131567:4 0:6 131567:4 0:97 131567:1 0:13 131567:1 0:7 131567:2 0:10 131567:1 0:26 131567:2 0:16 131567:1 0:46 131567:5 0:4 131567:5 0:2 131567:5 0:38 131567:5 0:6 131567:5 0:17 131567:8 0:1 131567:11 0:12 131567:3 0:33 544580:5 0:2 544580:5 0:4 544580:2 0:3 544580:1 0:19 131567:1 0:13 131567:1 0:70 131567:5 0:1 131567:5 0:4 131567:4 0:38
C	4121	477697	959	0:188 477697:2 0:55 477697:3 0:13 131567:1 0:18 131567:7 2:6 0:61 2:1 0:127 3273430:5 0:60 227086:1 0:38 2:5 0:16 477697:5 0:5 477697:1 0:307
C	4122	477697	996	0:245 477697:3 0:233 3273430:5 0:60 227086:1 0:29 131567:5 0:3 2:5 0:16 477697:5 0:5 477697:1 0:346
C	4123	181762	1093	0:432 131567:3 0:10 131567:1 0:56 4751:2 0:62 181124:1 0:59 5338:3 0:58 131567:5 0:5 131567:9 0:8 131567:5 0:22 131567:4 0:26 131567:5 0:30 131567:2 0:232 181762:5 0:1 181762:1 0:12
C	4124	544580	986	0:83 131567:2 0:48 131567:4 0:4 131567:5 0:1 131567:5 0:70 131567:1 0:13 131567:1 0:19 544580:1 0:3 544580:2 0:4 544580:5 0:2 544580:5 0:33 131567:3 0:12 131567:11 0:1 131567:8 0:17 131567:5 0:6 131567:5 0:16 131567:4 0:1 131567:5 0:29 131567:5 0:46 131567:1 0:16 131567:2 0:26 131567:1 0:10 131567:2 0:7 131567:1 0:13 131567:1 0:11 131567:1 0:19 131567:4 0:41 296543:2 0:19 131567:4 0:6 131567:4 0:19 131567:5 0:7 131567:8 0:19 131567:4 0:14 131567:4 0:7 131567:2 0:8 131567:5 0:83 131567:4 0:51 131567:5 0:16 131567:1 0:14
C	4125	544580	1037	0:22 131567:1 0:58 131567:2 0:48 131567:4 0:4 131567:5 0:1 131567:5 0:103 544580:1 0:3 544580:2 0:4 544580:5 0:2 544580:5 0:61 131567:8 0:17 131567:5 0:6 131567:5 0:39 131567:5 0:2 131567:5 0:4 131567:5 0:90 131567:1 0:10 131567:2 0:7 131567:1 0:13 131567:1 0:11 131567:1 0:19 131567:4 0:63 131567:4 0:6 131567:4 0:19 131567:5 0:7 131567:8 0:19 131567:4 0:14 131567:4 0:7 131567:2 0:8 131567:5 0:63 131567:4 0:16 131567:4 0:51 131567:5 0:16 131567:1 0:19 131567:1 0:47
C	4127	544580	969	0:22 131567:1 0:58 131567:2 0:48 131567:4 0:78 131567:1 0:13 131567:1 0:19 544580:1 0:3 544580:2 0:4 544580:5 0:2 544580:5 0:45 131567:11 0:1 131567:8 0:17 131567:5 0:6 131567:5 0:281 131567:4 0:6 131567:4 0:19 131567:5 0:7 131567:8 0:19 131567:4 0:14 131567:4 0:7 131567:2 0:78 131567:4 0:16 131567:4 0:69 131567:1 0:12
C	4128	544580	851	0:46 131567:4 0:16 131567:4 0:63 131567:5 0:8 131567:2 0:46 131567:8 0:7 131567:5 0:36 131567:4 0:63 131567:4 0:19 131567:1 0:11 131567:1 0:13 131567:1 0:7 131567:2 0:10 131567:2 0:40 131567:1 0:46 131567:5 0:4 131567:5 0:2 131567:5 0:12 131567:5 0:1 131567:4 0:16 131567:5 0:6 131567:5 0:17 131567:8 0:1 131567:11 0:12 131567:3 0:33 544580:5 0:120 131567:5 0:1 131567:5 0:4 131567:4 0:38
C	4129	477697	1010	0:2 477697:4 0:378 131567:5 0:29 227086:1 0:200 2:1 0:22 2:3 0:35 2:6 131567:7 0:18 131567:1 0:13 477697:3 0:53 477697:2 0:193
C	4130	40324	974	0:2 477697:4 0:346 2:5 0:3 131567:5 0:13 40324:5 0:72 3273430:5 0:167 131567:5 0:20 40324:5 0:20 131567:1 0:13 477697:3 0:55 477697:2 0:189
C	4131	544580	978	0:80 131567:2 0:48 131567:4 0:4 131567:5 0:1 131567:5 0:69 131567:1 0:13 131567:1 0:19 544580:1 0:3 544580:2 0:4 544580:5 0:2 544580:5 0:45 131567:11 0:1 131567:8 0:17 131567:5 0:29 131567:5 0:12 131567:5 0:2 131567:5 0:4 131567:5 0:46 131567:1 0:16 131567:2 0:26 131567:1 0:10 131567:2 0:7 131567:1 0:13 131567:1 0:11 131567:1 0:19 131567:4 0:63 131567:4 0:6 131567:4 0:19 131567:5 0:7 131567:8 0:19 131567:4 0:14 131567:4 0:7 131567:2 0:8 131567:5 0:63 131567:4 0:16 131567:4 0:89
C	4132	544580	957	0:194 131567:4 0:220 131567:4 0:19 131567:1 0:43 131567:1 0:44 131567:1 0:50 131567:2 0:4 131567:5 0:2 131567:5 0:12 131567:5 0:1 131567:4 0:16 131567:5 0:6 131567:5 0:17 131567:8 0:1 131567:11 0:12 131567:3 0:53 544580:1 0:19 131567:1 0:13 131567:1 0:69 131567:5 0:1 131567:5 0:4 131567:4 0:42
C	4133	544580	977	0:22 131567:1 0:58 131567:2 0:48 131567:4 0:4 131567:5 0:1 131567:5 0:104 544580:1 0:3 544580:2 0:4 544580:5 0:2 544580:5 0:45 131567:11 0:1 131567:8 0:17 131567:5 0:6 131567:5 0:16 131567:4 0:1 131567:5 0:12 131567:5 0:2 131567:5 0:4 131567:5 0:64 131567:1 0:26 131567:1 0:10 131567:2 0:7 131567:1 0:13 131567:1 0:11 131567:1 0:85 131567:4 0:6 131567:4 0:19 131567:5 0:7 131567:8 0:19 131567:4 0:14 131567:4 0:7 131567:2 0:8 131567:5 0:62 131567:4 0:70 131567:5 0:16 131567:1 0:13
C	4134	544580	852	0:50 131567:4 0:84 131567:5 0:8 131567:2 0:7 131567:4 0:14 131567:4 0:34 131567:4 0:19 131567:4 0:6 131567:4 0:86 131567:1 0:43 131567:1 0:26 131567:2 0:62 131567:5 0:4 131567:5 0:2 131567:5 0:40 131567:5 0:6 131567:5 0:17 131567:8 0:1 131567:11 0:12 131567:3 0:33 544580:5 0:2 544580:5 0:4 544580:2 0:3 544580:1 0:19 131567:1 0:13 131567:1 0:69 131567:5 0:1 131567:5 0:4 131567:4 0:38
C	4135	181124	975	0:344 131567:5 0:3 131567:5 0:3 131567:1 0:36 131567:5 0:207 181124:5 0:41 131567:2 0:12 131567:2 0:22 4751:5 0:24 131567:1 0:218
C	4136	544580	957	0:22 131567:1 0:58 131567:2 0:48 131567:4 0:4 131567:5 0:1 131567:5 0:97 544580:1 0:3 544580:2 0:4 544580:5 0:49 131567:11 0:1 131567:5 0:50 131567:4 0:1 131567:5 0:12 131567:5 0:137 1071383:2 0:8 131567:1 0:19 131567:4 0:63 131567:4 0:6 131567:4 0:19 131567:5 0:7 131567:8 0:19 131567:4 0:14 131567:4 0:7 131567:2 0:8 131567:5 0:137 131567:5 0:16 131567:1 0:9
C	4137	544580	851	0:48 131567:4 0:16 131567:4 0:63 131567:5 0:8 131567:2 0:7 131567:4 0:14 131567:4 0:34 131567:4 0:19 131567:4 0:6 131567:4 0:63 131567:4 0:19 131567:1 0:11 131567:1 0:13 131567:1 0:7 131567:2 0:10 131567:1 0:27 131567:1 0:16 131567:1 0:46 131567:5 0:4 131567:5 0:2 131567:5 0:37 131567:5 0:6 131567:5 0:17 131567:8 0:1 131567:6 0:53 544580:5 0:2 544580:5 0:4 544580:2 0:3 544580:1 0:19 131567:1 0:13 131567:1 0:71 131567:5 0:1 131567:5 0:4 131567:4 0:38
C	4138	544580	976	0:22 131567:1 0:58 131567:2 0:48 131567:4 0:4 131567:5 0:1 131567:5 0:106 544580:2 0:4 544580:5 0:2 544580:5 0:33 131567:3 0:12 131567:11 0:1 131567:8 0:17 131567:5 0:6 131567:5 0:16 131567:4 0:1 131567:5 0:12 131567:5 0:2 131567:5 0:4 131567:5 0:64 131567:1 0:26 131567:1 0:10 131567:2 0:7 131567:1 0:13 131567:1 0:11 131567:1 0:19 131567:4 0:63 131567:4 0:6 131567:4 0:19 131567:5 0:7 131567:8 0:19 131567:4 0:14 131567:4 0:7 131567:2 0:8 131567:5 0:168
C	4139	544580	852	0:44 131567:4 0:16 131567:4 0:129 131567:8 0:7 131567:5 0:96 131567:4 0:29 131567:4 0:13 131567:1 0:7 131567:2 0:10 131567:1 0:44 131567:1 0:46 131567:5 0:4 131567:5 0:2 131567:5 0:12 131567:5 0:1 131567:4 0:16 131567:5 0:6 131567:5 0:17 131567:8 0:1 131567:11 0:12 131567:3 0:33 544580:5 0:2 544580:5 0:4 544580:2 0:3 544580:1 0:19 131567:1 0:13 131567:1 0:70 131567:5 0:1 131567:5 0:4 131567:4 0:38
C	4140	544580	962	0:20 131567:1 0:108 131567:4 0:4 131567:5 0:1 131567:5 0:102 544580:1 0:3 544580:2 0:4 544580:5 0:2 544580:5 0:33 131567:3 0:48 131567:5 0:63 131567:5 0:46 131567:1 0:16 131567:2 0:26 131567:2 0:128 131567:5 0:6 131567:4 0:19 131567:5 0:7 131567:8 0:19 131567:4 0:14 131567:4 0:7 131567:2 0:174
C	4141	232080	752	0:131 5455:4 0:9 147550:2 0:5 147550:2 0:6 5125:1 4751:4 0:66 716546:2 0:9 716546:1 0:28 5125:5 0:15 147550:1 0:53 232080:2 5125:1 0:15 222543:5 0:14 5125:5 0:7 5125:1 0:1 232080:1 5125:5 0:4 5125:2 0:46 716546:5 0:1 131567:5 0:2 716545:1 0:7 131567:1 0:4 131567:4 0:9 131567:5 0:15 131567:5 0:201
C	4142	544580	975	0:22 131567:1 0:101 131567:4 0:4 131567:5 0:1 131567:5 0:84 131567:1 0:19 544580:1 0:3 544580:2 0:4 544580:5 0:2 544580:5 0:33 131567:3 0:48 131567:5 0:6 131567:5 0:16 131567:4 0:1 131567:5 0:12 131567:5 0:2 131567:5 0:4 131567:5 0:46 131567:1 0:16 131567:2 0:26 131567:1 0:10 131567:2 0:7 131567:1 0:47 131567:4 0:61 131567:4 0:29 131567:4 0:34 131567:4 0:14 131567:4 0:7 131567:2 0:8 131567:5 0:63 131567:4 0:16 131567:4 0:87
C	4143	544580	845	0:147 131567:2 0:7 131567:4 0:14 131567:4 0:19 131567:8 0:7 131567:5 0:19 131567:4 0:6 131567:4 0:63 131567:4 0:19 131567:1 0:11 131567:1 0:13 131567:1 0:7 131567:2 0:10 131567:1 0:40 131567:1 0:135 131567:8 0:1 131567:11 0:12 131567:3 0:40 544580:5 0:4 544580:2 0:3 544580:1 0:19 131567:1 0:85 131567:5 0:1 131567:5 0:4 131567:4 0:38
C	4144	5144	806	0:10 569360:5 0:184 5144:2 0:123 147550:5 0:166 716546:5 0:1 131567:3 5144:5 0:31 1328300:3 0:12 131567:5 0:5 716545:1 0:206
C	4145	131567	983	0:22 131567:1 0:196 131567:1 0:13 131567:1 0:245 131567:1 0:210 131567:5 0:32 131567:5 0:14 131567:4 0:7 131567:2 0:8 131567:5 0:63 131567:4 0:110
C	4146	544580	990	0:83 131567:1 0:48 131567:4 0:4 131567:5 0:1 131567:5 0:69 131567:1 0:13 131567:1 0:19 544580:1 0:3 544580:2 0:4 544580:5 0:2 544580:5 0:7 226126:3 0:135 131567:5 0:2 131567:5 0:4 131567:5 0:125 131567:1 0:11 131567:1 0:187 131567:2 0:8 131567:5 0:63 131567:4 0:92 131567:1 0:14
C	4147	477697	1000	0:2 477697:4 0:339 477697:1 0:5 477697:5 0:16 2:5 0:3 131567:5 0:29 227086:1 0:61 3273430:5 0:126 2:3 0:40 131567:5 0:56 477697:3 0:55 477697:2 0:195
C	4148	40324	924	0:186 477697:2 0:55 477697:3 0:13 131567:1 0:20 40324:5 0:193 3273430:5 0:72 40324:5 0:13 131567:5 0:3 2:5 0:304
C	4149	477697	943	0:239 477697:3 0:102 2:1 0:221 131567:5 0:3 2:5 0:16 477697:5 0:5 477697:1 0:303
C	4150	544580	1090	0:25 131567:1 0:58 131567:2 0:48 131567:4 0:4 131567:5 0:1 131567:5 0:65 131567:1 0:13 131567:1 0:19 544580:1 0:3 544580:2 0:4 544580:5 0:2 544580:5 0:33 131567:3 0:12 131567:11 0:1 131567:8 0:17 131567:5 0:6 2093779:5 0:36 131567:5 0:2 131567:5 0:4 131567:5 0:46 131567:1 0:16 131567:2 0:26 131567:1 0:10 131567:2 0:7 131567:1 0:13 131567:1 0:11 131567:1 0:19 131567:4 0:63 131567:4 0:6 131567:4 0:19 131567:5 0:7 131567:8 0:19 131567:4 0:14 131567:4 0:7 131567:2 0:8 131567:5 0:63 131567:4 0:16 131567:4 0:92 131567:1 0:104
C	4151	544580	851	0:44 131567:4 0:16 131567:4 0:64 131567:5 0:8 131567:2 0:7 131567:4 0:56 131567:4 0:19 131567:4 0:6 131567:4 0:63 131567:4 0:19 131567:1 0:11 131567:1 0:13 131567:1 0:7 131567:2 0:10 131567:1 0:26 131567:2 0:64 131567:2 0:4 131567:5 0:2 131567:5 0:39 131567:5 0:6 131567:5 0:17 131567:8 0:1 131567:11 0:12 131567:3 0:33 544580:5 0:2 544580:5 0:4 544580:2 0:3 544580:1 0:19 131567:1 0:13 131567:1 0:70 131567:5 0:1 131567:5 0:4 131567:4 0:38
C	4153	544580	699	0:24 131567:4 0:19 131567:8 0:7 131567:5 0:19 131567:4 0:6 131567:4 0:63 131567:4 0:19 131567:1 0:11 131567:1 0:13 131567:1 0:7 131567:2 0:10 131567:1 0:104 131567:5 0:12 131567:5 0:1 131567:4 0:16 131567:5 0:6 131567:5 0:17 131567:8 0:1 131567:11 0:12 131567:5 0:34 544580:5 0:2 544580:5 0:4 544580:2 0:3 544580:1 0:19 131567:1 0:13 131567:1 0:69 131567:5 0:1 131567:5 0:4 131567:4 0:37
C	4154	544580	789	0:2 131567:4 0:16 131567:4 0:63 131567:5 0:8 131567:2 0:7 131567:4 0:14 131567:4 0:19 131567:1 0:38 131567:4 0:6 131567:4 0:63 131567:4 0:19 131567:1 0:73 131567:2 0:16 131567:1 0:46 131567:5 0:4 131567:5 0:2 131567:5 0:12 131567:5 0:1 131567:4 0:16 131567:5 0:6 131567:5 0:17 131567:8 0:1 131567:11 0:12 131567:3 0:33 544580:5 0:2 544580:5 0:4 544580:2 0:3 544580:1 0:19 131567:1 0:13 131567:1 0:67 131567:5 0:1 131567:5 0:4 131567:4 0:23
C	4155	3273430	986	0:321 131567:7 2:5 0:64 2:1 0:124 3273430:5 0:60 227086:1 0:38 2:5 0:321
C	4156	1268659	875	0:192 1268659:5 0:26 131567:2 0:13 131567:5 0:9 131567:2 0:12 131567:2 0:18 131567:4 0:53 55193:2 0:177 131567:5 0:36 131567:1 0:3 131567:5 0:3 131567:5 0:5 131567:1 0:255
C	4157	5125	797	0:189 5144:2 0:9 5125:5 0:2 5125:5 0:8 131567:5 0:4 716546:3 0:51 716546:1 0:203 716546:5 0:1 131567:3 5144:5 0:45 131567:5 0:212
C	4158	544580	987	0:83 131567:2 0:127 131567:1 0:13 131567:1 0:19 544580:1 0:3 544580:2 0:4 544580:5 0:43 131567:3 0:12 131567:11 0:1 131567:8 0:17 131567:5 0:6 131567:5 0:16 131567:4 0:1 131567:5 0:12 131567:5 0:2 131567:5 0:4 131567:5 0:46 131567:1 0:51 131567:1 0:10 131567:2 0:7 131567:1 0:13 131567:1 0:11 131567:1 0:19 131567:4 0:63 131567:4 0:6 131567:4 0:19 131567:5 0:7 131567:8 0:19 131567:4 0:14 131567:4 0:7 131567:2 0:8 131567:5 0:63 131567:4 0:16 131567:5 0:87
C	4159	544580	849	0:47 131567:4 0:16 131567:4 0:63 131567:5 0:8 131567:2 0:7 131567:4 0:14 131567:4 0:19 131567:8 0:7 131567:5 0:96 131567:4 0:19 131567:1 0:11 131567:1 0:13 131567:1 0:7 131567:2 0:10 131567:1 0:89 131567:5 0:4 131567:5 0:2 131567:5 0:39 131567:5 0:6 131567:5 0:17 131567:8 0:1 131567:11 0:48 544580:5 0:2 544580:5 0:4 544580:2 0:3 544580:1 0:19 131567:1 0:13 131567:1 0:70 131567:5 0:1 131567:5 0:4 131567:4 0:37
C	4160	544580	978	0:85 131567:2 0:63 131567:5 0:102 544580:1 0:115 131567:5 0:46 131567:5 0:4 131567:5 0:46 131567:1 0:16 131567:2 0:26 131567:1 0:10 131567:2 0:7 131567:1 0:13 131567:1 0:11 131567:1 0:97 131567:4 0:19 131567:5 0:210 131567:5 0:16 131567:1 0:11
C	4161	569360	850	0:9 569360:5 0:182 5144:2 0:9 5125:5 0:2 5125:5 0:8 131567:5 0:4 716546:3 0:51 716546:1 0:198 716546:5 0:1 131567:3 5144:5 0:28 131567:1 0:16 131567:5 0:5 716545:1 0:257
C	4162	544580	845	0:168 131567:4 0:19 131567:8 0:7 131567:5 0:19 131567:4 0:6 131567:4 0:63 131567:4 0:19 131567:1 0:11 131567:1 0:13 131567:1 0:7 131567:2 0:10 131567:1 0:5 796027:5 0:34 131567:1 0:46 131567:5 0:4 131567:5 0:2 131567:5 0:48 131567:5 0:17 131567:8 0:1 131567:11 0:12 131567:3 0:33 544580:5 0:2 544580:5 0:4 544580:2 0:3 544580:1 0:19 131567:1 0:91 131567:5 0:4 131567:4 0:38
C	4163	477697	943	0:185 477697:2 0:89 131567:7 2:6 0:60 2:1 0:127 3273430:5 0:55 227086:1 0:29 131567:5 0:3 2:5 0:16 477697:5 0:5 477697:1 0:302
C	4164	9606	977	0:84 131567:2 0:136 131567:1 0:13 131567:1 0:84 131567:11 0:57 131567:4 0:1 131567:5 0:12 131567:5 0:2 131567:5 0:4 131567:5 0:87 131567:1 0:10 131567:2 0:7 131567:1 0:6 9606:5 0:105 131567:4 0:19 131567:5 0:7 131567:8 0:19 131567:4 0:103 131567:4 0:114
C	4165	131567	846	0:45 131567:4 0:16 131567:4 0:73 131567:2 0:7 131567:4 0:14 131567:4 0:19 131567:8 0:7 131567:5 0:19 131567:4 0:6 131567:4 0:63 131567:4 0:19 131567:1 0:11 131567:1 0:13 131567:1 0:59 226230:5 0:60 131567:5 0:12 131567:5 0:1 131567:4 0:16 131567:5 0:5 716545:1 0:10 716545:3 147537:4 0:16 131567:9 0:49 544580:5 0:2 544580:5 0:4 544580:2 0:3 544580:1 0:19 131567:1 0:13 131567:1 0:129
C	4166	3273430	974	0:403 3273430:5 0:104 3273430:5 0:93 131567:5 0:3 2:5 0:317
C	4167	5125	1158	0:22 131567:1 0:59 131567:1 0:48 131567:4 0:4 131567:5 0:1 131567:5 0:67 131567:1 0:13 131567:1 0:19 544580:1 0:3 544580:2 0:4 544580:5 0:2 544580:5 0:33 131567:3 0:60 131567:5 0:26 332648:3 0:9 332648:5 0:2 5144:5 131567:3 0:1 716546:5 0:167 147550:5 0:32 716546:1 0:98 9606:1 0:131 9606:5 0:43 131567:5 0:8 5125:5 0:2 5125:5 0:69 5125:5 0:2 5125:5 0:8 131567:5 0:4 716546:3 0:82
C	4168	5144	846	0:236 332648:2 0:2 716545:1 0:22 131567:2 0:13 131567:5 0:4 716546:3 0:34 716546:2 0:9 716546:1 0:43 131567:6 0:113 37727:1 0:56 716546:5 0:1 131567:3 5144:5 0:28 131567:1 0:16 131567:5 0:7 131567:4 0:10 131567:2 0:5 716546:4 0:161
C	4169	544580	981	0:22 131567:1 0:108 131567:4 0:4 131567:5 0:1 131567:5 0:105 544580:1 0:3 544580:2 0:4 544580:5 0:2 544580:5 0:33 131567:3 0:12 131567:8 0:29 131567:5 0:49 131567:5 0:2 131567:5 0:4 131567:5 0:46 131567:1 0:16 131567:2 0:26 131567:1 0:10 131567:2 0:7 131567:1 0:13 131567:1 0:11 131567:1 0:19 131567:4 0:72 131567:4 0:19 131567:5 0:7 131567:8 0:19 131567:4 0:14 131567:4 0:87 131567:4 0:16 131567:4 0:72 131567:1 0:9
C	4170	544580	884	0:44 131567:4 0:16 131567:5 0:85 131567:5 0:33 131567:7 0:7 131567:5 0:19 131567:4 0:6 131567:5 0:63 131567:4 0:252 131567:4 0:88 544580:1 0:19 131567:1 0:13 131567:1 0:159
C	4171	131567	851	0:67 131567:4 0:63 131567:5 0:8 131567:2 0:7 131567:4 0:14 131567:4 0:19 131567:8 0:7 131567:5 0:19 131567:4 0:6 131567:4 0:64 131567:4 0:19 131567:1 0:11 131567:1 0:13 131567:1 0:7 131567:2 0:10 131567:1 0:26 131567:2 0:16 131567:1 0:48 131567:2 0:4 131567:5 0:2 131567:5 0:38 131567:5 0:6 131567:5 0:17 131567:8 0:1 131567:11 0:12 131567:5 0:72 131567:1 0:13 131567:1 0:70 131567:5 0:1 131567:5 0:4 131567:4 0:38
C	4172	5144	871	0:309 716546:1 0:204 716546:5 0:1 131567:3 5144:5 0:28 131567:1 0:16 131567:5 0:5 716545:1 0:220 147550:1 0:32
C	4173	477697	1278	0:266 477697:5 0:12 131567:4 0:18 477697:4 0:344 2:5 0:3 131567:5 0:13 40324:5 0:270 40324:5 0:94 477697:2 0:189
C	4174	477697	951	0:187 477697:2 0:55 477697:3 0:33 131567:7 2:6 0:14 131567:5 0:15 2:3 0:22 2:1 0:127 3273430:5 0:60 227086:1 0:29 131567:5 0:3 2:5 0:16 477697:5 0:5 477697:1 0:302
C	4175	477697	952	0:186 477697:2 0:55 477697:3 0:13 131567:1 0:18 131567:7 2:6 0:14 131567:5 0:15 2:3 0:22 2:1 0:127 3273430:5 0:60 227086:1 0:29 131567:5 0:3 2:5 0:16 477697:5 0:5 477697:1 0:305
C	4176	544580	1324	0:49 9606:1 0:465 131567:4 0:16 131567:4 0:63 131567:5 0:8 131567:2 0:7 131567:4 0:14 131567:5 0:36 131567:4 0:19 131567:4 0:6 131567:4 0:63 131567:4 0:19 131567:1 0:11 131567:1 0:13 131567:1 0:7 131567:2 0:10 131567:1 0:26 131567:2 0:16 131567:1 0:46 131567:5 0:4 131567:5 0:2 131567:5 0:12 131567:5 0:1 131567:4 0:16 131567:5 0:6 131567:5 0:17 131567:8 0:1 131567:11 0:12 131567:3 0:33 544580:5 0:2 544580:5 0:4 544580:2 0:3 544580:1 0:19 131567:1 0:13 131567:1 0:73 131567:5 0:1 131567:5 0:4 131567:4 0:38
C	4177	544580	982	0:22 131567:1 0:58 131567:2 0:48 131567:4 0:4 131567:5 0:1 131567:5 0:69 131567:1 0:13 131567:1 0:19 544580:1 0:3 544580:2 0:4 544580:5 0:2 544580:5 0:33 131567:3 0:12 131567:11 0:1 131567:8 0:17 131567:5 0:6 131567:5 0:16 131567:4 0:1 131567:5 0:12 131567:5 0:2 131567:5 0:4 131567:5 0:92 131567:1 0:10 131567:2 0:7 131567:1 0:13 131567:1 0:11 131567:1 0:19 131567:4 0:63 131567:4 0:6 131567:4 0:59 131567:4 0:14 131567:4 0:7 131567:2 0:8 131567:5 0:140 131567:5 0:16 131567:1 0:9
C	4178	544580	847	0:67 131567:4 0:63 131567:5 0:8 131567:2 0:7 131567:2 0:39 131567:8 0:7 131567:5 0:19 131567:4 0:6 131567:4 0:63 131567:4 0:19 131567:1 0:45 131567:1 0:91 131567:2 0:4 131567:5 0:2 131567:5 0:38 131567:5 0:6 131567:5 0:17 131567:8 0:1 131567:11 0:12 131567:5 0:32 544580:5 0:2 544580:5 0:4 544580:2 0:3 544580:1 0:19 131567:1 0:13 131567:1 0:68 131567:5 0:1 131567:5 0:4 131567:4 0:38
C	4179	477697	946	0:185 477697:2 0:55 477697:3 0:13 131567:1 0:18 131567:7 2:6 0:14 131567:5 0:15 2:3 0:153 3273430:1 0:60 227086:1 0:29 131567:5 0:3 2:5 0:16 477697:5 0:5 477697:1 0:301
C	4180	40324	980	0:2 477697:4 0:348 2:5 0:3 131567:5 0:13 40324:5 0:249 131567:5 0:20 40324:5 0:20 131567:1 0:13 477697:3 0:55 477697:2 0:188
C	4181	544580	990	0:22 131567:1 0:58 131567:5 0:138 131567:1 0:13 131567:1 0:19 544580:1 0:3 544580:2 0:4 544580:5 0:2 544580:5 0:33 131567:3 0:12 131567:11 0:1 131567:8 0:17 131567:5 0:31 131567:5 0:12 131567:5 0:62 131567:1 0:16 131567:2 0:26 131567:1 0:10 131567:2 0:7 131567:1 0:13 131567:1 0:11 131567:1 0:19 131567:4 0:62 131567:4 0:6 131567:4 0:19 131567:5 0:7 131567:8 0:19 131567:4 0:14 131567:4 0:7 131567:2 0:8 131567:5 0:63 131567:4 0:16 131567:4 0:51 131567:5 0:16 131567:1 0:18
C	4182	131567	966	0:22 131567:1 0:58 131567:2 0:48 131567:5 0:81 131567:1 0:13 131567:1 0:70 131567:3 0:12 131567:11 0:1 131567:8 0:17 131567:5 0:31 131567:5 0:12 131567:5 0:2 131567:5 0:4 131567:5 0:46 131567:1 0:73 131567:2 0:11 131567:1 0:19 131567:4 0:94 131567:5 0:7 131567:8 0:19 131567:4 0:14 131567:4 0:7 131567:2 0:8 131567:5 0:63 131567:4 0:16 131567:4 0:52 131567:5 0:16 131567:1 0:9
C	4183	223818	681	0:54 131567:5 0:6 131567:5 0:16 131567:4 0:1 131567:5 0:12 131567:5 0:2 131567:5 0:54 131567:1 0:16 131567:2 0:27 223818:5 0:59 131567:4 0:63 131567:4 0:6 131567:4 0:19 131567:5 0:7 131567:8 0:19 131567:4 0:14 131567:4 0:7 131567:2 0:8 131567:5 0:63 131567:4 0:16 131567:4 0:92 131567:1
C	4184	544580	1303	0:194 9606:6 0:26 9606:2 0:46 543:5 0:71 131567:1 0:58 131567:2 0:48 131567:4 0:4 131567:5 0:1 131567:5 0:69 131567:1 0:13 131567:1 0:19 544580:1 0:3 544580:2 0:4 544580:5 0:2 544580:5 0:60 131567:7 0:17 131567:5 0:6 131567:5 0:16 131567:4 0:1 131567:5 0:12 131567:5 0:2 131567:5 0:4 131567:5 0:46 131567:1 0:16 131567:2 0:60 131567:1 0:11 131567:1 0:84 131567:4 0:6 131567:4 0:19 131567:5 0:7 131567:8 0:19 131567:4 0:14 131567:4 0:7 131567:2 0:8 131567:5 0:63 131567:4 0:16 131567:4 0:82
C	4185	131567	844	0:48 131567:4 0:16 131567:4 0:63 131567:5 0:8 131567:2 0:7 131567:4 0:14 131567:4 0:19 131567:8 0:7 131567:5 0:19 131567:4 0:6 131567:4 0:44 131567:5 0:9 131567:4 0:19 131567:1 0:11 131567:1 0:13 131567:1 0:7 131567:2 0:10 131567:1 0:26 131567:2 0:16 131567:1 0:46 131567:5 0:4 131567:5 0:2 131567:5 0:37 131567:5 0:6 131567:5 0:17 131567:8 0:1 131567:11 0:12 131567:3 0:73 131567:1 0:13 131567:1 0:126
C	4186	9606	924	0:73 9606:2 0:4 9606:3 0:2 9606:1 0:226 131567:3 0:274 477697:5 0:297
C	4187	477697	1001	0:2 477697:4 0:344 477697:1 0:5 477697:5 0:16 2:5 0:3 131567:5 0:29 227086:1 0:60 3273430:5 0:127 2:1 0:22 2:3 0:15 131567:5 0:14 2:6 131567:7 0:18 131567:1 0:13 477697:3 0:55 477697:2 0:190
C	4188	40324	1309	0:76 9606:2 0:493 477697:2 0:55 477697:3 0:13 131567:1 0:20 40324:5 0:20 131567:5 0:15 2:3 0:150 3273430:5 0:72 40324:5 0:13 131567:5 0:3 2:5 0:304
C	4191	544580	1269	0:311 588596:2 1071380:3 0:53 131567:2 0:48 131567:4 0:4 131567:5 0:1 131567:5 0:66 131567:1 0:13 131567:1 0:19 544580:1 0:3 544580:2 0:4 544580:5 0:2 544580:5 0:33 131567:3 0:12 131567:11 0:1 131567:8 0:17 131567:5 0:6 131567:5 0:16 131567:4 0:1 131567:5 0:12 131567:5 0:2 131567:5 0:4 131567:5 0:46 131567:1 0:45 131567:1 0:10 131567:2 0:7 131567:1 0:13 131567:1 0:11 131567:1 0:19 131567:4 0:63 131567:4 0:41 131567:8 0:19 131567:4 0:14 131567:4 0:7 131567:2 0:8 131567:5 0:63 131567:4 0:16 131567:4 0:51 131567:5 0:16 131567:1 0:14
C	4192	9606	1235	0:15 9606:6 0:147 9606:2 0:67 131567:5 0:38 131567:1 0:58 131567:2 0:56 131567:5 0:73 131567:1 0:13 131567:1 0:19 544580:1 0:57 131567:3 0:12 131567:11 0:1 131567:8 0:17 131567:5 0:33 131567:1 0:1 131567:5 0:12 131567:5 0:2 131567:5 0:4 131567:5 0:84 131567:1 0:10 131567:2 0:7 131567:1 0:13 131567:1 0:11 131567:1 0:155 131567:4 0:14 131567:4 0:7 131567:2 0:8 131567:5 0:63 131567:4 0:16 131567:4 0:87
C	4193	544580	855	0:138 131567:5 0:8 131567:2 0:7 131567:4 0:14 131567:4 0:19 131567:8 0:7 131567:5 0:19 131567:4 0:6 131567:4 0:63 131567:4 0:19 131567:1 0:11 131567:1 0:13 131567:1 0:7 131567:2 0:10 131567:1 0:42 131567:1 0:64 131567:5 0:12 131567:5 0:1 131567:4 0:16 131567:5 0:6 131567:5 0:17 131567:8 0:1 131567:11 0:12 131567:3 0:33 544580:5 0:2 544580:5 0:4 544580:2 0:3 544580:1 0:19 131567:1 0:13 131567:1 0:87 131567:2 0:38
C	4194	544580	849	0:47 131567:4 0:16 131567:4 0:76 131567:2 0:7 131567:4 0:14 131567:4 0:19 131567:8 0:7 131567:5 0:19 131567:4 0:6 131567:4 0:63 131567:4 0:19 131567:1 0:11 131567:1 0:76 131567:1 0:47 131567:5 0:4 131567:5 0:2 131567:5 0:49 131567:5 0:17 131567:8 0:1 131567:11 0:12 131567:3 0:33 544580:5 0:2 544580:5 0:4 544580:2 0:3 544580:1 0:19 131567:1 0:13 131567:1 0:69 131567:5 0:1 131567:5 0:4 131567:4 0:38
C	4196	1268659	972	0:348 131567:1 0:5 131567:5 0:3 131567:5 0:3 131567:1 0:221 55193:2 0:54 131567:4 0:27 490731:2 0:13 131567:5 0:13 131567:2 0:26 1268659:5 0:193
C	4197	5144	829	0:186 332648:2 0:2 716545:1 0:22 131567:2 0:58 716546:2 0:9 716546:1 0:218 716546:5 0:1 131567:3 5144:5 0:47 131567:5 0:226
C	4198	131567	738	0:46 131567:4 0:16 131567:4 0:63 131567:5 0:8 131567:2 0:7 131567:4 0:82 131567:4 0:6 131567:4 0:62 131567:4 0:19 131567:1 0:11 131567:2 0:284 131567:8 0:1 131567:11 0:12 131567:3 0:31
C	4199	181762	871	0:102 181124:2 0:94 181762:5 0:3 181762:1 0:49 131567:5 0:9 131567:2 0:12 131567:2 0:18 131567:4 0:22 131567:5 0:8 131567:9 0:5 131567:5 0:58 5338:3 0:21 456999:2 0:137 131567:1 0:3 131567:5 0:3 131567:5 0:5 131567:1 0:10 131567:3 0:218
C	4200	569360	847	0:9 569360:5 0:182 5144:2 0:9 5125:5 0:77 716546:1 0:32 147550:5 0:167 716546:5 0:1 131567:3 5144:5 0:45 131567:5 0:5 716545:1 0:247 131567:1 0:1
C	4201	131567	842	0:146 131567:2 0:48 131567:7 0:113 131567:4 0:19 131567:1 0:69 131567:1 0:16 131567:1 0:45 131567:5 0:4 131567:5 0:2 131567:5 0:12 131567:5 0:1 131567:4 0:16 131567:5 0:6 131567:5 0:17 131567:8 0:1 131567:11 0:97 131567:1 0:69 131567:5 0:1 131567:5 0:4 131567:4 0:38
C	4202	477697	922	0:235 477697:3 0:13 131567:1 0:18 131567:7 2:6 0:266 131567:5 0:3 2:5 0:16 477697:5 0:5 477697:1 0:299
C	4204	544580	1265	0:43 9606:6 0:168 9606:2 0:6 9606:1 0:37 131567:5 0:38 131567:1 0:58 131567:2 0:48 131567:4 0:4 131567:5 0:1 131567:5 0:65 131567:1 0:13 131567:1 0:19 544580:1 0:3 544580:2 0:4 544580:5 0:2 544580:5 0:33 131567:3 0:12 131567:11 0:1 131567:8 0:17 131567:5 0:49 131567:5 0:2 131567:5 0:4 131567:5 0:46 131567:1 0:42 131567:1 0:10 131567:2 0:7 131567:1 0:13 131567:1 0:11 131567:1 0:87 131567:4 0:6 131567:4 0:19 131567:5 0:7 131567:8 0:19 131567:4 0:14 131567:4 0:7 131567:2 0:8 131567:5 0:63 131567:4 0:16 131567:4 0:88 4956:2
C	4205	477697	1411	0:22 9606:2 0:4 9606:1 0:3 9606:2 0:365 131567:5 0:18 477697:2 0:36 1884633:1 0:317 131567:3 0:8 131567:5 0:201 3273430:5 0:84 40324:5 0:20 131567:1 0:13 477697:3 0:96 477697:5 0:150
C	4206	1224	1159	0:171 9606:1 0:253 477697:2 0:91 40324:5 0:188 3273430:5 0:91 131567:5 0:3 2:5 0:305
C	4207	544580	836	0:63 131567:4 0:63 131567:5 0:8 131567:2 0:24 131567:4 0:19 131567:8 0:7 131567:5 0:19 131567:4 0:6 131567:4 0:81 131567:1 0:11 131567:1 0:13 131567:1 0:7 131567:5 0:152 131567:5 0:6 131567:5 0:17 131567:8 0:1 131567:11 0:12 131567:5 0:32 544580:5 0:38 131567:1 0:13 131567:1 0:125
C	4208	544580	850	0:45 131567:4 0:127 131567:1 0:19 131567:1 0:117 131567:4 0:163 131567:5 0:2 131567:5 0:12 131567:5 0:1 131567:4 0:16 131567:5 0:6 131567:5 0:86 544580:5 0:2 544580:5 0:4 544580:2 0:3 544580:1 0:105 131567:5 0:1 131567:5 0:4 131567:4 0:37
C	4209	1071382	884	0:86 131567:4 0:20 1071382:5 0:57 131567:5 0:8 131567:2 0:7 131567:4 0:14 131567:4 0:32 131567:5 0:19 131567:4 0:6 131567:4 0:131 131567:1 0:123 131567:5 0:1 131567:1 0:31 131567:5 0:17 131567:8 0:1 131567:11 0:187 131567:4 0:38
C	4210	2	839	0:10 9606:2 0:233 2:3 0:4 2:1 0:43 131567:3 0:351 1884633:1 0:154
C	4211	477697	1060	0:354 477697:5 0:16 2:5 0:97 3273430:5 0:170 131567:5 0:14 2:6 131567:7 0:18 131567:1 0:13 477697:3 0:55 477697:2 0:250
C	4212	3273430	922	0:26 9606:3 0:459 477697:2 0:55 477697:3 0:13 131567:1 0:60 2:3 0:41 3273430:5 0:105 3273430:5 0:93 131567:5 0:3 2:5 0:1
C	4214	544580	982	0:22 131567:1 0:58 131567:2 0:48 131567:4 0:4 131567:5 0:1 131567:5 0:70 131567:1 0:13 131567:1 0:19 544580:1 0:3 544580:2 0:4 544580:5 0:2 544580:5 0:33 131567:3 0:12 131567:11 0:1 131567:8 0:17 131567:5 0:6 2093779:5 0:23 131567:4 0:127 131567:1 0:10 131567:2 0:7 131567:1 0:13 131567:1 0:11 131567:1 0:19 131567:4 0:63 131567:4 0:6 131567:4 0:57 131567:4 0:14 131567:4 0:7 131567:2 0:8 131567:5 0:63 131567:4 0:16 131567:4 0:82
C	4215	5125	836	0:67 72144:5 0:103 5455:4 0:9 147550:2 0:5 147550:2 0:6 5125:1 4751:4 0:66 716546:2 0:9 716546:1 0:28 5125:5 0:15 147550:1 0:52 232080:2 5125:1 0:45 5125:1 0:1 232080:1 5125:5 0:4 5125:2 0:3 131567:2 0:28 2231603:3 0:11 716546:5 0:1 131567:5 0:2 716545:1 0:7 131567:1 0:38 131567:5 0:215 147550:1 0:6 147550:1 0:18
C	4216	544580	849	0:46 131567:4 0:16 131567:4 0:63 131567:5 0:8 131567:2 0:7 131567:4 0:14 131567:4 0:19 131567:8 0:7 131567:5 0:19 131567:4 0:6 131567:4 0:63 131567:4 0:19 131567:1 0:11 131567:1 0:13 131567:1 0:7 131567:2 0:10 131567:1 0:92 131567:2 0:4 131567:5 0:2 131567:5 0:12 131567:5 0:1 131567:4 0:16 131567:5 0:6 131567:5 0:17 131567:8 0:1 131567:11 0:12 131567:3 0:33 544580:5 0:2 544580:5 0:4 544580:2 0:3 544580:1 0:19 131567:1 0:13 131567:1 0:72 131567:5 0:1 131567:5 0:4 131567:4 0:37
C	4217	490731	1155	0:41 490731:3 0:7 490731:5 0:13 490731:1 0:428 131567:3 0:10 131567:1 0:56 4751:2 0:62 181124:1 0:120 131567:5 0:5 131567:9 0:8 131567:5 0:22 131567:4 0:26 131567:5 0:30 131567:2 0:232 181762:5 0:1 181762:1 0:8
C	4218	544580	855	0:47 131567:4 0:16 131567:4 0:104 131567:4 0:19 131567:8 0:7 131567:5 0:19 131567:4 0:6 131567:4 0:63 131567:4 0:67 131567:2 0:26 131567:2 0:16 131567:1 0:46 131567:5 0:4 131567:5 0:2 131567:5 0:39 131567:5 0:6 131567:5 0:17 131567:8 0:1 131567:11 0:47 544580:5 0:2 544580:5 0:4 544580:2 0:3 544580:1 0:19 131567:1 0:13 131567:1 0:70 131567:5 0:1 131567:5 0:4 131567:4 0:38
C	4219	544580	980	0:2 477697:4 0:75 131567:2 0:48 131567:4 0:84 131567:1 0:13 131567:1 0:19 544580:1 0:3 544580:2 0:4 544580:5 0:2 544580:5 0:33 131567:3 0:12 131567:11 0:1 131567:8 0:17 131567:5 0:6 131567:5 0:16 131567:4 0:1 131567:5 0:12 131567:5 0:2 131567:5 0:4 131567:5 0:93 131567:1 0:10 131567:2 0:7 131567:1 0:13 131567:1 0:11 131567:1 0:19 131567:4 0:63 131567:4 0:6 131567:4 0:19 131567:5 0:7 131567:8 0:19 131567:4 0:14 131567:4 0:7 131567:2 0:8 131567:5 0:63 131567:4 0:71 131567:5 0:16 131567:1 0:9
C	4220	131567	848	0:45 131567:4 0:16 131567:4 0:128 131567:8 0:7 131567:5 0:97 131567:4 0:19 131567:1 0:11 131567:1 0:60 131567:1 0:121 131567:5 0:6 131567:5 0:17 131567:8 0:1 131567:11 0:12 131567:3 0:157 131567:5 0:1 131567:5 0:4 131567:4 0:38
C	4221	544580	985	0:22 131567:1 0:54 42260:5 131567:1 0:48 131567:4 0:4 131567:5 0:1 131567:5 0:69 131567:1 0:13 131567:1 0:19 544580:1 0:3 544580:2 0:4 544580:5 0:2 544580:5 0:33 131567:3 0:12 131567:11 0:1 131567:8 0:47 131567:1 0:174 131567:1 0:107 131567:4 0:19 131567:5 0:7 131567:8 0:19 131567:4 0:14 131567:4 0:7 131567:2 0:8 131567:5 0:172
C	4222	544580	984	0:82 131567:2 0:56 131567:5 0:1 131567:5 0:70 131567:1 0:13 131567:1 0:19 544580:1 0:3 544580:2 0:4 544580:5 0:40 131567:3 0:12 131567:11 0:1 131567:8 0:17 131567:5 0:6 131567:5 0:16 131567:4 0:1 131567:5 0:12 131567:5 0:2 131567:5 0:4 131567:5 0:46 131567:1 0:16 131567:2 0:71 131567:1 0:19 131567:4 0:63 131567:4 0:6 131567:4 0:19 131567:4 0:34 131567:5 0:14 131567:4 0:7 131567:2 0:8 131567:5 0:63 131567:4 0:16 131567:4 0:87
C	4225	40324	949	0:305 40324:5 0:195 3273430:5 0:72 40324:5 0:13 131567:5 0:3 2:5 0:302
C	4226	477697	1357	9606:6 0:308 9606:5 0:37 543:5 155864:5 0:229 477697:2 0:56 477697:3 0:13 131567:1 0:18 131567:7 2:6 0:14 131567:5 0:15 2:3 0:213 227086:1 0:29 131567:5 0:3 2:5 0:16 477697:5 0:5 477697:1 0:302
C	4227	477697	1254	0:47 9606:2 0:8 9606:2 0:198 131567:4 0:18 477697:4 0:442 3273430:5 0:150 2:3 0:15 131567:5 0:20 40324:5 0:94 477697:2 0:196
C	4228	477697	998	0:2 477697:4 0:343 477697:1 0:26 2:5 0:3 131567:5 0:29 227086:1 0:60 3273430:5 0:127 2:1 0:22 2:3 0:15 131567:5 0:14 2:6 131567:7 0:18 131567:1 0:13 477697:3 0:55 477697:2 0:188
C	4229	131567	854	0:135 131567:5 0:36 131567:4 0:59 131567:4 0:6 131567:4 0:63 131567:4 0:19 131567:1 0:11 131567:1 0:13 131567:1 0:7 131567:2 0:10 131567:1 0:26 131567:2 0:81 131567:5 0:12 131567:5 0:1 131567:4 0:16 131567:5 0:6 131567:5 0:127 131567:1 0:13 131567:1 0:69 131567:5 0:1 131567:5 0:4 131567:4 0:36
C	4230	181762	1068	0:8 181762:1 0:1 181762:5 0:232 131567:2 0:30 131567:5 0:26 131567:4 0:22 131567:5 0:8 131567:9 0:5 131567:4 0:60 5338:3 0:59 181124:1 0:62 4751:2 0:56 131567:1 0:10 131567:3 0:410
C	4231	544580	1293	0:234 9606:5 0:96 131567:1 0:58 131567:1 0:48 131567:4 0:4 131567:5 0:1 131567:5 0:70 131567:1 0:13 131567:1 0:19 544580:1 0:3 544580:2 0:4 544580:5 0:2 544580:5 0:45 131567:11 0:1 131567:8 0:17 131567:5 0:49 131567:5 0:2 131567:5 0:4 131567:5 0:46 131567:1 0:16 131567:2 0:26 131567:1 0:10 131567:2 0:7 131567:1 0:13 131567:1 0:11 131567:1 0:19 131567:4 0:63 131567:4 0:6 131567:4 0:19 131567:5 0:7 131567:8 0:19 131567:4 0:14 131567:4 0:7 131567:2 0:8 131567:5 0:63 131567:4 0:16 131567:4 0:51 131567:5 0:16 131567:1 0:14
C	4232	3273430	940	0:189 477697:2 0:55 477697:3 0:13 131567:1 0:20 40324:5 0:84 3273430:5 0:104 3273430:5 0:93 131567:5 0:3 2:5 0:314
C	4233	40324	976	0:2 477697:2 0:346 2:5 0:3 131567:5 0:13 40324:5 0:72 3273430:5 0:150 2:3 0:15 131567:5 0:20 40324:5 0:20 131567:1 0:13 477697:3 0:54 477697:2 0:193
C	4234	544580	850	0:46 131567:4 0:16 131567:4 0:62 131567:5 0:8 131567:2 0:7 131567:4 0:14 131567:4 0:34 131567:4 0:19 131567:4 0:6 131567:4 0:63 131567:4 0:19 131567:1 0:11 131567:1 0:13 131567:1 0:7 131567:2 0:10 131567:1 0:26 131567:2 0:64 131567:5 0:4 131567:5 0:2 131567:5 0:37 131567:5 0:6 131567:5 0:17 131567:8 0:1 131567:11 0:50 544580:5 0:2 544580:5 0:4 544580:2 0:3 544580:1 0:19 131567:1 0:13 131567:1 0:70 131567:5 0:1 131567:5 0:4 131567:4 0:38
C	4235	544580	846	0:46 131567:4 0:16 131567:4 0:61 131567:5 0:8 131567:2 0:7 131567:4 0:14 131567:4 0:19 131567:8 0:7 131567:5 0:19 131567:4 0:6 131567:4 0:63 131567:4 0:19 131567:1 0:11 131567:1 0:13 131567:1 0:7 131567:2 0:10 131567:1 0:26 131567:2 0:16 131567:1 0:117 131567:5 0:17 131567:4 0:64 544580:5 0:2 544580:5 0:4 544580:2 0:3 544580:1 0:19 131567:1 0:13 131567:1 0:69 131567:5 0:1 131567:5 0:4 131567:4 0:36
C	4236	2017685	828	0:46 131567:4 0:16 131567:4 0:127 131567:5 0:19 131567:4 0:6 131567:4 0:31 2017685:5 0:27 131567:2 0:45 131567:5 0:43 131567:2 0:16 131567:1 0:46 131567:5 0:4 131567:5 0:2 131567:5 0:12 131567:5 0:1 131567:4 0:16 131567:5 0:6 131567:5 0:17 131567:8 0:1 131567:11 0:62 544580:1 0:19 131567:1 0:13 131567:1 0:68 131567:5 0:1 131567:5 0:4 131567:4 0:40
C	4237	9606	1376	0:22 131567:1 0:58 131567:2 0:48 131567:4 0:4 131567:5 0:1 131567:5 0:69 131567:1 0:13 131567:1 0:19 544580:1 0:68 131567:11 0:1 131567:8 0:69 131567:5 0:2 131567:5 0:4 131567:5 0:95 131567:1 0:10 131567:2 0:7 131567:1 0:13 131567:1 0:11 131567:1 0:19 131567:4 0:63 131567:4 0:6 131567:4 0:19 131567:5 0:7 131567:8 0:19 131567:4 0:107 131567:4 0:16 131567:4 0:51 131567:5 0:16 131567:1 0:19 131567:1 0:51 562:2 0:95 9606:5 0:229
C	4238	569360	939	0:333 716545:1 0:5 131567:5 0:16 131567:1 0:28 5144:5 131567:3 0:1 716546:5 0:167 147550:5 0:32 716546:1 0:51 716546:3 0:4 131567:5 0:8 5125:5 0:2 5125:5 0:9 5144:2 0:184 569360:5 0:13 5144:1
C	4239	544580	973	0:78 131567:2 0:49 131567:4 0:4 131567:5 0:1 131567:5 0:67 131567:1 0:13 131567:1 0:19 544580:1 0:3 544580:2 0:4 544580:5 0:2 544580:5 0:33 131567:3 0:107 131567:5 0:4 131567:5 0:46 131567:1 0:16 131567:2 0:26 131567:1 0:10 131567:2 0:7 131567:1 0:13 131567:1 0:11 131567:1 0:19 131567:4 0:62 131567:4 0:6 131567:4 0:19 131567:5 0:7 131567:8 0:19 131567:4 0:14 131567:4 0:7 131567:2 0:8 131567:5 0:63 131567:4 0:95 131567:1 0:9
C	4240	131567	703	0:46 131567:11 0:1 131567:8 0:17 131567:5 0:6 131567:5 0:105 131567:1 0:16 131567:2 0:26 131567:1 0:10 131567:2 0:7 131567:1 0:13 131567:1 0:11 131567:1 0:85 131567:4 0:6 131567:4 0:19 131567:5 0:7 131567:8 0:19 131567:4 0:14 131567:4 0:7 131567:2 0:8 131567:5 0:63 131567:4 0:16 131567:4 0:51 131567:5 0:29
C	4241	40324	924	0:246 477697:3 0:13 131567:1 0:20 40324:5 0:20 131567:5 0:15 2:3 0:150 3273430:5 0:71 40324:5 0:13 131567:5 0:3 2:5 0:302
C	4242	544580	845	0:46 131567:4 0:16 131567:4 0:63 131567:5 0:8 131567:2 0:7 131567:4 0:14 131567:4 0:19 131567:8 0:7 131567:5 0:19 131567:4 0:6 131567:4 0:51 131567:5 0:9 131567:4 0:19 131567:1 0:11 131567:1 0:13 131567:1 0:7 131567:2 0:10 131567:1 0:26 131567:2 0:16 131567:1 0:46 131567:5 0:4 131567:5 0:2 131567:5 0:12 131567:5 0:1 131567:4 0:16 131567:5 0:6 131567:5 0:80 544580:5 0:2 544580:5 0:4 544580:2 0:3 544580:1 0:19 131567:1 0:13 131567:1 0:69 131567:5 0:1 131567:5 0:4 131567:4 0:37
C	4243	871575	808	0:46 131567:4 0:16 131567:4 0:63 131567:5 0:8 131567:2 0:7 131567:4 0:14 131567:4 0:19 131567:8 0:7 131567:5 0:19 131567:4 0:6 131567:4 0:100 131567:1 0:13 131567:1 0:7 131567:2 0:10 131567:1 0:136 131567:1 0:16 131567:5 0:19 131567:4 0:102 871575:2 0:105
C	4244	2	1080	0:402 477697:2 0:55 477697:3 0:13 131567:1 0:20 40324:5 0:545
C	4245	5144	763	0:157 716545:1 0:22 131567:2 0:13 131567:5 0:4 716546:3 0:34 716546:2 0:9 716546:1 0:43 131567:6 0:170 716546:5 0:1 131567:3 5144:5 0:28 131567:1 0:16 131567:5 0:7 131567:4 0:10 131567:2 0:5 716546:4 0:161
C	4246	477697	955	0:188 477697:2 0:55 477697:3 0:13 131567:1 0:18 131567:7 2:6 0:14 131567:5 0:15 2:3 0:22 2:1 0:126 3273430:5 0:60 227086:1 0:29 131567:5 0:3 2:5 0:16 477697:5 0:5 477697:1 0:307
C	4247	40324	1245	0:264 9606:4 0:245 477697:2 0:57 477697:1 0:13 131567:1 0:20 40324:5 0:20 131567:5 0:15 2:3 0:150 3273430:5 0:72 40324:5 0:13 131567:5 0:3 2:5 0:298
C	4248	544580	1365	0:356 131567:5 0:38 131567:1 0:109 131567:4 0:4 131567:5 0:1 131567:5 0:70 131567:1 0:13 131567:1 0:19 544580:1 0:3 544580:2 0:4 544580:5 0:2 544580:5 0:33 131567:3 0:49 131567:5 0:6 131567:5 0:16 131567:4 0:1 131567:5 0:12 131567:5 0:2 131567:5 0:4 131567:5 0:46 131567:1 0:16 131567:2 0:26 131567:1 0:19 131567:1 0:25 131567:1 0:19 131567:4 0:63 131567:4 0:6 131567:4 0:19 131567:5 0:7 131567:8 0:19 131567:4 0:14 131567:4 0:7 131567:2 0:8 131567:5 0:63 131567:4 0:16 131567:4 0:90
C	4249	544580	979	0:22 131567:1 0:58 131567:2 0:48 131567:4 0:4 131567:5 0:1 131567:5 0:70 131567:1 0:13 131567:1 0:19 544580:1 0:3 544580:2 0:4 544580:5 0:2 544580:5 0:33 131567:3 0:12 131567:11 0:1 131567:8 0:17 131567:5 0:6 131567:5 0:16 131567:4 0:1 131567:5 0:12 131567:5 0:2 131567:5 0:4 131567:5 0:46 131567:1 0:16 131567:2 0:26 131567:1 0:10 131567:2 0:7 131567:1 0:13 131567:1 0:11 131567:1 0:85 131567:5 0:6 131567:4 0:19 131567:5 0:7 131567:8 0:19 131567:4 0:14 131567:4 0:7 131567:2 0:8 131567:5 0:63 131567:4 0:16 131567:4 0:82
C	4250	544580	839	0:47 131567:4 0:16 131567:4 0:63 131567:5 0:8 131567:2 0:7 131567:4 0:14 131567:4 0:32 131567:5 0:29 131567:5 0:62 131567:4 0:19 131567:1 0:11 131567:1 0:151 131567:5 0:1 131567:4 0:66 131567:5 0:12 131567:3 0:33 544580:5 0:2 544580:5 0:4 544580:2 0:3 544580:1 0:19 131567:1 0:13 131567:1 0:65 131567:5 0:1 131567:5 0:4 131567:4 0:38
C	4251	544580	849	0:46 131567:4 0:16 131567:4 0:63 131567:5 0:8 131567:2 0:7 131567:4 0:14 131567:4 0:19 131567:8 0:7 131567:5 0:19 131567:4 0:6 131567:4 0:63 131567:4 0:19 131567:1 0:34 131567:2 0:10 131567:1 0:26 131567:2 0:16 131567:1 0:46 131567:5 0:4 131567:5 0:2 131567:5 0:35 131567:5 0:6 131567:5 0:17 131567:4 0:31 131567:1 0:33 544580:5 0:2 544580:5 0:4 544580:2 0:3 544580:1 0:19 131567:1 0:13 131567:1 0:69 131567:5 0:1 131567:5 0:4 131567:4 0:39
C	4252	544580	1449	0:79 131567:2 0:48 131567:4 0:4 131567:5 0:1 131567:5 0:69 131567:1 0:13 131567:1 0:19 544580:1 0:3 544580:2 0:4 544580:5 0:2 544580:5 0:46 131567:11 0:1 131567:8 0:17 131567:5 0:6 131567:5 0:16 131567:4 0:1 131567:5 0:12 131567:5 0:2 131567:5 0:4 131567:5 0:46 131567:1 0:16 131567:2 0:38 131567:2 0:7 131567:1 0:13 131567:1 0:11 131567:1 0:19 131567:4 0:61 131567:4 0:6 131567:4 0:19 131567:5 0:7 131567:8 0:19 131567:4 0:14 131567:4 0:7 131567:2 0:8 131567:5 0:237 573:1 0:407
C	4253	544580	862	0:50 131567:4 0:16 131567:4 0:63 131567:5 0:8 131567:2 0:7 131567:4 0:14 131567:4 0:19 131567:8 0:7 131567:5 0:19 131567:4 0:6 131567:4 0:63 131567:4 0:19 131567:1 0:11 131567:1 0:13 131567:1 0:7 131567:2 0:10 131567:1 0:26 131567:2 0:16 131567:1 0:56 131567:5 0:2 131567:5 0:41 131567:5 0:6 131567:5 0:17 131567:8 0:1 131567:11 0:50 544580:5 0:2 544580:5 0:4 544580:2 0:3 544580:1 0:19 131567:1 0:13 131567:1 0:72 131567:5 0:1 131567:5 0:4 131567:4 0:38
C	4254	131567	847	0:46 131567:4 0:16 131567:4 0:63 131567:5 0:8 131567:2 0:7 131567:4 0:14 131567:4 0:19 131567:8 0:7 131567:5 0:19 131567:4 0:6 131567:4 0:86 131567:1 0:11 131567:1 0:13 131567:1 0:7 131567:2 0:10 131567:1 0:26 131567:2 0:16 131567:1 0:46 131567:5 0:4 131567:5 0:2 131567:5 0:12 131567:5 0:1 131567:4 0:16 131567:5 0:6 131567:5 0:17 131567:8 0:1 131567:11 0:12 131567:3 0:84 131567:1 0:71 131567:5 0:1 131567:5 0:4 131567:4 0:38
C	4257	544580	1272	0:28 9606:5 0:163 9606:3 0:75 131567:5 0:38 131567:1 0:58 131567:2 0:48 131567:4 0:4 131567:5 0:1 131567:5 0:105 544580:1 0:3 544580:2 0:4 544580:5 0:2 544580:5 0:45 131567:11 0:1 131567:8 0:17 131567:5 0:6 131567:5 0:16 131567:4 0:1 131567:5 0:121 131567:1 0:10 131567:2 0:7 131567:1 0:13 131567:1 0:11 131567:1 0:19 131567:4 0:63 131567:4 0:6 131567:4 0:19 131567:5 0:7 131567:8 0:19 131567:4 0:14 131567:4 0:7 131567:2 0:8 131567:5 0:63 131567:4 0:71 131567:5 0:16 131567:1 0:12
C	4259	40324	932	0:304 40324:5 0:270 131567:5 0:3 2:5 0:306
C	4261	477697	1288	0:22 9606:2 0:151 9606:2 0:5 9606:6 0:4 9606:7 0:435 477697:1 0:5 477697:5 0:16 2:5 0:3 131567:5 0:29 227086:1 0:192 2:3 0:59 2:6 131567:7 0:18 131567:1 0:13 477697:3 0:55 477697:2 0:191
C	4262	544580	968	0:22 131567:1 0:58 131567:2 0:48 131567:4 0:4 131567:5 0:1 131567:5 0:97 544580:1 0:3 544580:2 0:4 544580:5 0:2 544580:5 0:33 131567:3 0:12 131567:11 0:1 131567:8 0:17 131567:5 0:6 131567:5 0:16 131567:4 0:1 131567:5 0:156 131567:1 0:11 131567:1 0:19 131567:4 0:133 131567:4 0:14 131567:4 0:7 131567:2 0:8 131567:5 0:83 131567:4 0:51 131567:5 0:16 131567:1 0:9
C	4263	181762	998	0:8 181762:1 0:1 181762:5 0:262 131567:5 0:26 131567:4 0:19 296543:3 0:91 5338:3 0:59 181124:1 0:62 4751:2 0:55 131567:1 0:10 131567:3 0:343
C	4264	40324	970	0:2 477697:4 0:341 2:5 0:3 131567:5 0:13 40324:5 0:72 3273430:5 0:167 131567:5 0:20 40324:5 0:20 131567:1 0:13 477697:3 0:55 477697:2 0:190
C	4265	181124	1012	0:188 131567:2 0:30 131567:5 0:26 131567:4 0:177 181124:1 0:545
C	4266	131567	916	0:413 131567:1 0:16 131567:2 0:26 131567:1 0:10 131567:2 0:7 131567:1 0:13 131567:1 0:11 131567:1 0:19 131567:4 0:63 131567:4 0:6 131567:4 0:19 131567:5 0:7 131567:8 0:19 131567:4 0:14 131567:4 0:7 131567:2 0:8 131567:5 0:63 131567:4 0:16 131567:4 0:51 131567:5 0:16 131567:1 0:15
C	4268	544580	850	0:47 131567:4 0:16 131567:4 0:63 131567:5 0:8 131567:2 0:7 131567:4 0:14 131567:4 0:34 131567:4 0:130 131567:1 0:59 131567:2 0:16 131567:1 0:46 131567:5 0:4 131567:5 0:2 131567:5 0:12 131567:5 0:1 131567:4 0:16 131567:5 0:6 131567:5 0:17 131567:8 0:1 131567:11 0:12 131567:3 0:33 544580:5 0:2 544580:5 0:4 544580:2 0:3 544580:1 0:19 131567:1 0:13 131567:1 0:72 131567:5 0:1 131567:5 0:4 131567:4 0:38
C	4269	544580	1286	0:178 131567:5 0:69 131567:1 0:13 131567:1 0:19 544580:1 0:3 544580:2 0:4 544580:5 0:2 544580:5 0:46 131567:6 0:31 131567:5 0:6 131567:5 0:16 131567:4 0:1 131567:5 0:93 131567:2 0:26 131567:1 0:10 131567:2 0:361 131567:5 0:16 131567:1 0:113 9606:5 0:184
C	4270	40324	1244	0:506 477697:2 0:55 477697:3 0:13 131567:1 0:20 40324:5 0:20 131567:5 0:169 3273430:5 0:72 40324:5 0:13 131567:5 0:3 2:5 0:303
